Config: None
Sample time: 2 second(s).
Runtime: 75.0 minute(s).
Writing to output file: False

Starting Monitor...
Time=13:30:18	CPU0 Usage=13.0	CPU0time_system=4801.95	CPU0time_idle=70690.78	ram_available=1279021056	ram_percent=39.0	swap_used=12263424	swap_percent=0.6	bytes_sent=0	 bytes_recv=0	 packets_sent=0	 packets_recv=0	 errin=0	 errout=0	 dropin=0	 dropout=0	read_count=0	 write_count=0	 read_bytes=0	 write_bytes=0	
Time=13:30:20	CPU0 Usage=12.5	CPU0time_system=4802.05	CPU0time_idle=70692.53	ram_available=1279021056	ram_percent=39.0	swap_used=12263424	swap_percent=0.6	bytes_sent=0	 bytes_recv=0	 packets_sent=0	 packets_recv=0	 errin=0	 errout=0	 dropin=0	 dropout=0	read_count=0	 write_count=0	 read_bytes=0	 write_bytes=0	
Time=13:30:22	CPU0 Usage=12.6	CPU0time_system=4802.13	CPU0time_idle=70694.27	ram_available=1279021056	ram_percent=39.0	swap_used=12263424	swap_percent=0.6	bytes_sent=0	 bytes_recv=0	 packets_sent=0	 packets_recv=0	 errin=0	 errout=0	 dropin=0	 dropout=0	read_count=0	 write_count=8	 read_bytes=0	 write_bytes=49152	
Time=13:30:24	CPU0 Usage=12.5	CPU0time_system=4802.22	CPU0time_idle=70696.02	ram_available=1279021056	ram_percent=39.0	swap_used=12263424	swap_percent=0.6	bytes_sent=0	 bytes_recv=0	 packets_sent=0	 packets_recv=0	 errin=0	 errout=0	 dropin=0	 dropout=0	read_count=0	 write_count=0	 read_bytes=0	 write_bytes=0	
Time=13:30:26	CPU0 Usage=12.1	CPU0time_system=4802.31	CPU0time_idle=70697.76	ram_available=1279021056	ram_percent=39.0	swap_used=12263424	swap_percent=0.6	bytes_sent=0	 bytes_recv=0	 packets_sent=0	 packets_recv=0	 errin=0	 errout=0	 dropin=0	 dropout=0	read_count=0	 write_count=0	 read_bytes=0	 write_bytes=0	
Time=13:30:28	CPU0 Usage=12.5	CPU0time_system=4802.39	CPU0time_idle=70699.51	ram_available=1279021056	ram_percent=39.0	swap_used=12263424	swap_percent=0.6	bytes_sent=0	 bytes_recv=0	 packets_sent=0	 packets_recv=0	 errin=0	 errout=0	 dropin=0	 dropout=0	read_count=0	 write_count=0	 read_bytes=0	 write_bytes=0	
Time=13:30:30	CPU0 Usage=12.1	CPU0time_system=4802.55	CPU0time_idle=70701.26	ram_available=1279021056	ram_percent=39.0	swap_used=12263424	swap_percent=0.6	bytes_sent=0	 bytes_recv=0	 packets_sent=0	 packets_recv=0	 errin=0	 errout=0	 dropin=0	 dropout=0	read_count=0	 write_count=0	 read_bytes=0	 write_bytes=0	
Time=13:30:32	CPU0 Usage=12.1	CPU0time_system=4802.74	CPU0time_idle=70703.0	ram_available=1278902272	ram_percent=39.0	swap_used=12263424	swap_percent=0.6	bytes_sent=0	 bytes_recv=0	 packets_sent=0	 packets_recv=0	 errin=0	 errout=0	 dropin=0	 dropout=0	read_count=0	 write_count=0	 read_bytes=0	 write_bytes=0	
Time=13:30:34	CPU0 Usage=12.1	CPU0time_system=4802.95	CPU0time_idle=70704.75	ram_available=1278902272	ram_percent=39.0	swap_used=12263424	swap_percent=0.6	bytes_sent=0	 bytes_recv=0	 packets_sent=0	 packets_recv=0	 errin=0	 errout=0	 dropin=0	 dropout=0	read_count=0	 write_count=0	 read_bytes=0	 write_bytes=0	
Time=13:30:36	CPU0 Usage=12.5	CPU0time_system=4803.1	CPU0time_idle=70706.5	ram_available=1278902272	ram_percent=39.0	swap_used=12263424	swap_percent=0.6	bytes_sent=0	 bytes_recv=0	 packets_sent=0	 packets_recv=0	 errin=0	 errout=0	 dropin=0	 dropout=0	read_count=0	 write_count=0	 read_bytes=0	 write_bytes=0	
Time=13:30:38	CPU0 Usage=12.6	CPU0time_system=4803.2	CPU0time_idle=70708.24	ram_available=1278902272	ram_percent=39.0	swap_used=12263424	swap_percent=0.6	bytes_sent=0	 bytes_recv=0	 packets_sent=0	 packets_recv=0	 errin=0	 errout=0	 dropin=0	 dropout=0	read_count=0	 write_count=0	 read_bytes=0	 write_bytes=0	
Time=13:30:40	CPU0 Usage=11.7	CPU0time_system=4803.31	CPU0time_idle=70709.98	ram_available=1278328832	ram_percent=39.1	swap_used=12263424	swap_percent=0.6	bytes_sent=0	 bytes_recv=194	 packets_sent=0	 packets_recv=2	 errin=0	 errout=0	 dropin=0	 dropout=0	read_count=0	 write_count=0	 read_bytes=0	 write_bytes=0	
Time=13:30:42	CPU0 Usage=12.1	CPU0time_system=4803.42	CPU0time_idle=70711.73	ram_available=1278328832	ram_percent=39.1	swap_used=12263424	swap_percent=0.6	bytes_sent=0	 bytes_recv=0	 packets_sent=0	 packets_recv=0	 errin=0	 errout=0	 dropin=0	 dropout=0	read_count=0	 write_count=0	 read_bytes=0	 write_bytes=0	
Time=13:30:44	CPU0 Usage=12.9	CPU0time_system=4803.54	CPU0time_idle=70713.48	ram_available=1278328832	ram_percent=39.1	swap_used=12263424	swap_percent=0.6	bytes_sent=0	 bytes_recv=0	 packets_sent=0	 packets_recv=0	 errin=0	 errout=0	 dropin=0	 dropout=0	read_count=0	 write_count=0	 read_bytes=0	 write_bytes=0	
Time=13:30:46	CPU0 Usage=12.1	CPU0time_system=4803.64	CPU0time_idle=70715.22	ram_available=1278447616	ram_percent=39.0	swap_used=12263424	swap_percent=0.6	bytes_sent=0	 bytes_recv=0	 packets_sent=0	 packets_recv=0	 errin=0	 errout=0	 dropin=0	 dropout=0	read_count=0	 write_count=4	 read_bytes=0	 write_bytes=16384	
Time=13:30:48	CPU0 Usage=13.0	CPU0time_system=4803.76	CPU0time_idle=70716.96	ram_available=1278455808	ram_percent=39.0	swap_used=12263424	swap_percent=0.6	bytes_sent=0	 bytes_recv=0	 packets_sent=0	 packets_recv=0	 errin=0	 errout=0	 dropin=0	 dropout=0	read_count=0	 write_count=0	 read_bytes=0	 write_bytes=0	
Time=13:30:50	CPU0 Usage=12.9	CPU0time_system=4803.87	CPU0time_idle=70718.71	ram_available=1278455808	ram_percent=39.0	swap_used=12263424	swap_percent=0.6	bytes_sent=0	 bytes_recv=0	 packets_sent=0	 packets_recv=0	 errin=0	 errout=0	 dropin=0	 dropout=0	read_count=0	 write_count=0	 read_bytes=0	 write_bytes=0	
Time=13:30:52	CPU0 Usage=12.1	CPU0time_system=4804.0	CPU0time_idle=70720.45	ram_available=1278455808	ram_percent=39.0	swap_used=12263424	swap_percent=0.6	bytes_sent=0	 bytes_recv=0	 packets_sent=0	 packets_recv=0	 errin=0	 errout=0	 dropin=0	 dropout=0	read_count=0	 write_count=2	 read_bytes=0	 write_bytes=8192	
Time=13:30:54	CPU0 Usage=12.9	CPU0time_system=4804.19	CPU0time_idle=70722.2	ram_available=1278455808	ram_percent=39.0	swap_used=12263424	swap_percent=0.6	bytes_sent=0	 bytes_recv=0	 packets_sent=0	 packets_recv=0	 errin=0	 errout=0	 dropin=0	 dropout=0	read_count=0	 write_count=0	 read_bytes=0	 write_bytes=0	
Time=13:30:56	CPU0 Usage=12.6	CPU0time_system=4804.3	CPU0time_idle=70723.94	ram_available=1278455808	ram_percent=39.0	swap_used=12263424	swap_percent=0.6	bytes_sent=0	 bytes_recv=0	 packets_sent=0	 packets_recv=0	 errin=0	 errout=0	 dropin=0	 dropout=0	read_count=0	 write_count=8	 read_bytes=0	 write_bytes=32768	
Time=13:30:58	CPU0 Usage=12.6	CPU0time_system=4804.4	CPU0time_idle=70725.68	ram_available=1278459904	ram_percent=39.0	swap_used=12263424	swap_percent=0.6	bytes_sent=0	 bytes_recv=0	 packets_sent=0	 packets_recv=0	 errin=0	 errout=0	 dropin=0	 dropout=0	read_count=0	 write_count=0	 read_bytes=0	 write_bytes=0	
Time=13:31:00	CPU0 Usage=12.5	CPU0time_system=4804.52	CPU0time_idle=70727.43	ram_available=1278459904	ram_percent=39.0	swap_used=12263424	swap_percent=0.6	bytes_sent=0	 bytes_recv=0	 packets_sent=0	 packets_recv=0	 errin=0	 errout=0	 dropin=0	 dropout=0	read_count=0	 write_count=0	 read_bytes=0	 write_bytes=0	
Time=13:31:02	CPU0 Usage=12.1	CPU0time_system=4804.63	CPU0time_idle=70729.18	ram_available=1278459904	ram_percent=39.0	swap_used=12263424	swap_percent=0.6	bytes_sent=0	 bytes_recv=60	 packets_sent=0	 packets_recv=1	 errin=0	 errout=0	 dropin=0	 dropout=0	read_count=0	 write_count=0	 read_bytes=0	 write_bytes=0	
Time=13:31:04	CPU0 Usage=13.0	CPU0time_system=4804.74	CPU0time_idle=70730.92	ram_available=1278459904	ram_percent=39.0	swap_used=12263424	swap_percent=0.6	bytes_sent=0	 bytes_recv=0	 packets_sent=0	 packets_recv=0	 errin=0	 errout=0	 dropin=0	 dropout=0	read_count=0	 write_count=0	 read_bytes=0	 write_bytes=0	
Time=13:31:06	CPU0 Usage=12.5	CPU0time_system=4804.9	CPU0time_idle=70732.67	ram_available=1278459904	ram_percent=39.0	swap_used=12263424	swap_percent=0.6	bytes_sent=0	 bytes_recv=360	 packets_sent=0	 packets_recv=6	 errin=0	 errout=0	 dropin=0	 dropout=0	read_count=0	 write_count=0	 read_bytes=0	 write_bytes=0	
Time=13:31:08	CPU0 Usage=11.7	CPU0time_system=4805.0	CPU0time_idle=70734.41	ram_available=1278459904	ram_percent=39.0	swap_used=12263424	swap_percent=0.6	bytes_sent=0	 bytes_recv=0	 packets_sent=0	 packets_recv=0	 errin=0	 errout=0	 dropin=0	 dropout=0	read_count=0	 write_count=0	 read_bytes=0	 write_bytes=0	
Time=13:31:10	CPU0 Usage=12.5	CPU0time_system=4805.11	CPU0time_idle=70736.16	ram_available=1278427136	ram_percent=39.0	swap_used=12263424	swap_percent=0.6	bytes_sent=12912	 bytes_recv=198	 packets_sent=6	 packets_recv=3	 errin=0	 errout=0	 dropin=0	 dropout=0	read_count=0	 write_count=0	 read_bytes=0	 write_bytes=0	
Time=13:31:12	CPU0 Usage=13.4	CPU0time_system=4805.23	CPU0time_idle=70737.9	ram_available=1278427136	ram_percent=39.0	swap_used=12263424	swap_percent=0.6	bytes_sent=0	 bytes_recv=0	 packets_sent=0	 packets_recv=0	 errin=0	 errout=0	 dropin=0	 dropout=0	read_count=0	 write_count=0	 read_bytes=0	 write_bytes=0	
Time=13:31:14	CPU0 Usage=12.1	CPU0time_system=4805.33	CPU0time_idle=70739.65	ram_available=1278427136	ram_percent=39.0	swap_used=12263424	swap_percent=0.6	bytes_sent=60	 bytes_recv=120	 packets_sent=1	 packets_recv=2	 errin=0	 errout=0	 dropin=0	 dropout=0	read_count=0	 write_count=0	 read_bytes=0	 write_bytes=0	
Time=13:31:16	CPU0 Usage=13.0	CPU0time_system=4805.45	CPU0time_idle=70741.39	ram_available=1278427136	ram_percent=39.0	swap_used=12263424	swap_percent=0.6	bytes_sent=0	 bytes_recv=0	 packets_sent=0	 packets_recv=0	 errin=0	 errout=0	 dropin=0	 dropout=0	read_count=0	 write_count=0	 read_bytes=0	 write_bytes=0	
Time=13:31:18	CPU0 Usage=12.1	CPU0time_system=4805.56	CPU0time_idle=70743.14	ram_available=1278427136	ram_percent=39.0	swap_used=12263424	swap_percent=0.6	bytes_sent=0	 bytes_recv=0	 packets_sent=0	 packets_recv=0	 errin=0	 errout=0	 dropin=0	 dropout=0	read_count=0	 write_count=0	 read_bytes=0	 write_bytes=0	
Time=13:31:20	CPU0 Usage=12.6	CPU0time_system=4805.67	CPU0time_idle=70744.88	ram_available=1278427136	ram_percent=39.0	swap_used=12263424	swap_percent=0.6	bytes_sent=0	 bytes_recv=120	 packets_sent=0	 packets_recv=2	 errin=0	 errout=0	 dropin=0	 dropout=0	read_count=0	 write_count=0	 read_bytes=0	 write_bytes=0	
Time=13:31:22	CPU0 Usage=11.6	CPU0time_system=4805.79	CPU0time_idle=70746.63	ram_available=1278427136	ram_percent=39.0	swap_used=12263424	swap_percent=0.6	bytes_sent=0	 bytes_recv=120	 packets_sent=0	 packets_recv=2	 errin=0	 errout=0	 dropin=0	 dropout=0	read_count=0	 write_count=0	 read_bytes=0	 write_bytes=0	
Time=13:31:24	CPU0 Usage=12.9	CPU0time_system=4805.9	CPU0time_idle=70748.38	ram_available=1278427136	ram_percent=39.0	swap_used=12263424	swap_percent=0.6	bytes_sent=0	 bytes_recv=0	 packets_sent=0	 packets_recv=0	 errin=0	 errout=0	 dropin=0	 dropout=0	read_count=0	 write_count=0	 read_bytes=0	 write_bytes=0	
Time=13:31:26	CPU0 Usage=12.6	CPU0time_system=4806.02	CPU0time_idle=70750.12	ram_available=1278427136	ram_percent=39.0	swap_used=12263424	swap_percent=0.6	bytes_sent=0	 bytes_recv=0	 packets_sent=0	 packets_recv=0	 errin=0	 errout=0	 dropin=0	 dropout=0	read_count=0	 write_count=0	 read_bytes=0	 write_bytes=0	
Time=13:31:28	CPU0 Usage=12.9	CPU0time_system=4806.14	CPU0time_idle=70751.87	ram_available=1278427136	ram_percent=39.0	swap_used=12263424	swap_percent=0.6	bytes_sent=0	 bytes_recv=0	 packets_sent=0	 packets_recv=0	 errin=0	 errout=0	 dropin=0	 dropout=0	read_count=0	 write_count=0	 read_bytes=0	 write_bytes=0	
Time=13:31:30	CPU0 Usage=12.5	CPU0time_system=4806.25	CPU0time_idle=70753.62	ram_available=1278427136	ram_percent=39.0	swap_used=12263424	swap_percent=0.6	bytes_sent=0	 bytes_recv=0	 packets_sent=0	 packets_recv=0	 errin=0	 errout=0	 dropin=0	 dropout=0	read_count=0	 write_count=0	 read_bytes=0	 write_bytes=0	
Time=13:31:32	CPU0 Usage=13.0	CPU0time_system=4806.38	CPU0time_idle=70755.36	ram_available=1278427136	ram_percent=39.0	swap_used=12263424	swap_percent=0.6	bytes_sent=0	 bytes_recv=0	 packets_sent=0	 packets_recv=0	 errin=0	 errout=0	 dropin=0	 dropout=0	read_count=0	 write_count=0	 read_bytes=0	 write_bytes=0	
Time=13:31:34	CPU0 Usage=12.5	CPU0time_system=4806.49	CPU0time_idle=70757.11	ram_available=1278427136	ram_percent=39.0	swap_used=12263424	swap_percent=0.6	bytes_sent=0	 bytes_recv=0	 packets_sent=0	 packets_recv=0	 errin=0	 errout=0	 dropin=0	 dropout=0	read_count=0	 write_count=0	 read_bytes=0	 write_bytes=0	
Time=13:31:36	CPU0 Usage=12.6	CPU0time_system=4806.6	CPU0time_idle=70758.85	ram_available=1278427136	ram_percent=39.0	swap_used=12263424	swap_percent=0.6	bytes_sent=0	 bytes_recv=0	 packets_sent=0	 packets_recv=0	 errin=0	 errout=0	 dropin=0	 dropout=0	read_count=0	 write_count=0	 read_bytes=0	 write_bytes=0	
Time=13:31:38	CPU0 Usage=12.5	CPU0time_system=4806.72	CPU0time_idle=70760.6	ram_available=1278427136	ram_percent=39.0	swap_used=12263424	swap_percent=0.6	bytes_sent=0	 bytes_recv=0	 packets_sent=0	 packets_recv=0	 errin=0	 errout=0	 dropin=0	 dropout=0	read_count=0	 write_count=0	 read_bytes=0	 write_bytes=0	
Time=13:31:40	CPU0 Usage=12.6	CPU0time_system=4806.83	CPU0time_idle=70762.34	ram_available=1278427136	ram_percent=39.0	swap_used=12263424	swap_percent=0.6	bytes_sent=0	 bytes_recv=0	 packets_sent=0	 packets_recv=0	 errin=0	 errout=0	 dropin=0	 dropout=0	read_count=0	 write_count=0	 read_bytes=0	 write_bytes=0	
Time=13:31:42	CPU0 Usage=12.9	CPU0time_system=4806.97	CPU0time_idle=70764.09	ram_available=1278427136	ram_percent=39.0	swap_used=12263424	swap_percent=0.6	bytes_sent=0	 bytes_recv=0	 packets_sent=0	 packets_recv=0	 errin=0	 errout=0	 dropin=0	 dropout=0	read_count=0	 write_count=0	 read_bytes=0	 write_bytes=0	
Time=13:31:44	CPU0 Usage=12.6	CPU0time_system=4807.11	CPU0time_idle=70765.83	ram_available=1278427136	ram_percent=39.0	swap_used=12263424	swap_percent=0.6	bytes_sent=0	 bytes_recv=0	 packets_sent=0	 packets_recv=0	 errin=0	 errout=0	 dropin=0	 dropout=0	read_count=0	 write_count=0	 read_bytes=0	 write_bytes=0	
Time=13:31:46	CPU0 Usage=12.5	CPU0time_system=4807.22	CPU0time_idle=70767.58	ram_available=1278427136	ram_percent=39.0	swap_used=12263424	swap_percent=0.6	bytes_sent=0	 bytes_recv=0	 packets_sent=0	 packets_recv=0	 errin=0	 errout=0	 dropin=0	 dropout=0	read_count=0	 write_count=0	 read_bytes=0	 write_bytes=0	
Time=13:31:48	CPU0 Usage=12.1	CPU0time_system=4807.32	CPU0time_idle=70769.32	ram_available=1278427136	ram_percent=39.0	swap_used=12263424	swap_percent=0.6	bytes_sent=0	 bytes_recv=0	 packets_sent=0	 packets_recv=0	 errin=0	 errout=0	 dropin=0	 dropout=0	read_count=0	 write_count=0	 read_bytes=0	 write_bytes=0	
Time=13:31:50	CPU0 Usage=12.5	CPU0time_system=4807.43	CPU0time_idle=70771.07	ram_available=1278427136	ram_percent=39.0	swap_used=12263424	swap_percent=0.6	bytes_sent=0	 bytes_recv=0	 packets_sent=0	 packets_recv=0	 errin=0	 errout=0	 dropin=0	 dropout=0	read_count=0	 write_count=0	 read_bytes=0	 write_bytes=0	
Time=13:31:52	CPU0 Usage=12.5	CPU0time_system=4807.54	CPU0time_idle=70772.82	ram_available=1278427136	ram_percent=39.0	swap_used=12263424	swap_percent=0.6	bytes_sent=0	 bytes_recv=120	 packets_sent=0	 packets_recv=2	 errin=0	 errout=0	 dropin=0	 dropout=0	read_count=0	 write_count=0	 read_bytes=0	 write_bytes=0	
Time=13:31:54	CPU0 Usage=12.6	CPU0time_system=4807.65	CPU0time_idle=70774.56	ram_available=1278427136	ram_percent=39.0	swap_used=12263424	swap_percent=0.6	bytes_sent=0	 bytes_recv=0	 packets_sent=0	 packets_recv=0	 errin=0	 errout=0	 dropin=0	 dropout=0	read_count=0	 write_count=0	 read_bytes=0	 write_bytes=0	
Time=13:31:56	CPU0 Usage=12.1	CPU0time_system=4807.75	CPU0time_idle=70776.31	ram_available=1278427136	ram_percent=39.0	swap_used=12263424	swap_percent=0.6	bytes_sent=0	 bytes_recv=0	 packets_sent=0	 packets_recv=0	 errin=0	 errout=0	 dropin=0	 dropout=0	read_count=0	 write_count=0	 read_bytes=0	 write_bytes=0	
Time=13:31:58	CPU0 Usage=13.4	CPU0time_system=4807.88	CPU0time_idle=70778.05	ram_available=1278427136	ram_percent=39.0	swap_used=12263424	swap_percent=0.6	bytes_sent=0	 bytes_recv=0	 packets_sent=0	 packets_recv=0	 errin=0	 errout=0	 dropin=0	 dropout=0	read_count=0	 write_count=0	 read_bytes=0	 write_bytes=0	
Time=13:32:00	CPU0 Usage=12.6	CPU0time_system=4807.99	CPU0time_idle=70779.79	ram_available=1278427136	ram_percent=39.0	swap_used=12263424	swap_percent=0.6	bytes_sent=0	 bytes_recv=0	 packets_sent=0	 packets_recv=0	 errin=0	 errout=0	 dropin=0	 dropout=0	read_count=0	 write_count=0	 read_bytes=0	 write_bytes=0	
Time=13:32:02	CPU0 Usage=12.5	CPU0time_system=4808.1	CPU0time_idle=70781.54	ram_available=1278427136	ram_percent=39.0	swap_used=12263424	swap_percent=0.6	bytes_sent=0	 bytes_recv=0	 packets_sent=0	 packets_recv=0	 errin=0	 errout=0	 dropin=0	 dropout=0	read_count=0	 write_count=0	 read_bytes=0	 write_bytes=0	
Time=13:32:04	CPU0 Usage=12.6	CPU0time_system=4808.2	CPU0time_idle=70783.28	ram_available=1278427136	ram_percent=39.0	swap_used=12263424	swap_percent=0.6	bytes_sent=14336	 bytes_recv=198	 packets_sent=6	 packets_recv=3	 errin=0	 errout=0	 dropin=0	 dropout=0	read_count=0	 write_count=0	 read_bytes=0	 write_bytes=0	
Time=13:32:06	CPU0 Usage=12.9	CPU0time_system=4808.32	CPU0time_idle=70785.03	ram_available=1278418944	ram_percent=39.0	swap_used=12263424	swap_percent=0.6	bytes_sent=0	 bytes_recv=0	 packets_sent=0	 packets_recv=0	 errin=0	 errout=0	 dropin=0	 dropout=0	read_count=0	 write_count=0	 read_bytes=0	 write_bytes=0	
Time=13:32:08	CPU0 Usage=12.6	CPU0time_system=4808.43	CPU0time_idle=70786.77	ram_available=1278418944	ram_percent=39.0	swap_used=12263424	swap_percent=0.6	bytes_sent=60	 bytes_recv=60	 packets_sent=1	 packets_recv=1	 errin=0	 errout=0	 dropin=0	 dropout=0	read_count=0	 write_count=0	 read_bytes=0	 write_bytes=0	
Time=13:32:10	CPU0 Usage=12.1	CPU0time_system=4808.63	CPU0time_idle=70788.52	ram_available=1278427136	ram_percent=39.0	swap_used=12263424	swap_percent=0.6	bytes_sent=0	 bytes_recv=0	 packets_sent=0	 packets_recv=0	 errin=0	 errout=0	 dropin=0	 dropout=0	read_count=0	 write_count=0	 read_bytes=0	 write_bytes=0	
Time=13:32:12	CPU0 Usage=13.0	CPU0time_system=4808.86	CPU0time_idle=70790.26	ram_available=1278427136	ram_percent=39.0	swap_used=12263424	swap_percent=0.6	bytes_sent=0	 bytes_recv=0	 packets_sent=0	 packets_recv=0	 errin=0	 errout=0	 dropin=0	 dropout=0	read_count=0	 write_count=0	 read_bytes=0	 write_bytes=0	
Time=13:32:14	CPU0 Usage=12.5	CPU0time_system=4809.0	CPU0time_idle=70792.01	ram_available=1278427136	ram_percent=39.0	swap_used=12263424	swap_percent=0.6	bytes_sent=0	 bytes_recv=0	 packets_sent=0	 packets_recv=0	 errin=0	 errout=0	 dropin=0	 dropout=0	read_count=0	 write_count=0	 read_bytes=0	 write_bytes=0	
Time=13:32:16	CPU0 Usage=12.5	CPU0time_system=4809.1	CPU0time_idle=70793.76	ram_available=1278427136	ram_percent=39.0	swap_used=12263424	swap_percent=0.6	bytes_sent=0	 bytes_recv=0	 packets_sent=0	 packets_recv=0	 errin=0	 errout=0	 dropin=0	 dropout=0	read_count=0	 write_count=0	 read_bytes=0	 write_bytes=0	
Time=13:32:18	CPU0 Usage=12.6	CPU0time_system=4809.22	CPU0time_idle=70795.5	ram_available=1278427136	ram_percent=39.0	swap_used=12263424	swap_percent=0.6	bytes_sent=0	 bytes_recv=0	 packets_sent=0	 packets_recv=0	 errin=0	 errout=0	 dropin=0	 dropout=0	read_count=0	 write_count=0	 read_bytes=0	 write_bytes=0	
Time=13:32:20	CPU0 Usage=12.6	CPU0time_system=4809.32	CPU0time_idle=70797.24	ram_available=1278427136	ram_percent=39.0	swap_used=12263424	swap_percent=0.6	bytes_sent=0	 bytes_recv=0	 packets_sent=0	 packets_recv=0	 errin=0	 errout=0	 dropin=0	 dropout=0	read_count=0	 write_count=0	 read_bytes=0	 write_bytes=0	
Time=13:32:22	CPU0 Usage=12.5	CPU0time_system=4809.42	CPU0time_idle=70798.99	ram_available=1278427136	ram_percent=39.0	swap_used=12263424	swap_percent=0.6	bytes_sent=0	 bytes_recv=0	 packets_sent=0	 packets_recv=0	 errin=0	 errout=0	 dropin=0	 dropout=0	read_count=0	 write_count=0	 read_bytes=0	 write_bytes=0	
Time=13:32:24	CPU0 Usage=12.5	CPU0time_system=4809.52	CPU0time_idle=70800.74	ram_available=1278427136	ram_percent=39.0	swap_used=12263424	swap_percent=0.6	bytes_sent=0	 bytes_recv=0	 packets_sent=0	 packets_recv=0	 errin=0	 errout=0	 dropin=0	 dropout=0	read_count=0	 write_count=0	 read_bytes=0	 write_bytes=0	
Time=13:32:26	CPU0 Usage=13.0	CPU0time_system=4809.63	CPU0time_idle=70802.48	ram_available=1278427136	ram_percent=39.0	swap_used=12263424	swap_percent=0.6	bytes_sent=0	 bytes_recv=0	 packets_sent=0	 packets_recv=0	 errin=0	 errout=0	 dropin=0	 dropout=0	read_count=0	 write_count=0	 read_bytes=0	 write_bytes=0	
Time=13:32:28	CPU0 Usage=12.1	CPU0time_system=4809.73	CPU0time_idle=70804.22	ram_available=1278427136	ram_percent=39.0	swap_used=12263424	swap_percent=0.6	bytes_sent=0	 bytes_recv=0	 packets_sent=0	 packets_recv=0	 errin=0	 errout=0	 dropin=0	 dropout=0	read_count=0	 write_count=0	 read_bytes=0	 write_bytes=0	
Time=13:32:30	CPU0 Usage=12.5	CPU0time_system=4809.84	CPU0time_idle=70805.97	ram_available=1278427136	ram_percent=39.0	swap_used=12263424	swap_percent=0.6	bytes_sent=0	 bytes_recv=0	 packets_sent=0	 packets_recv=0	 errin=0	 errout=0	 dropin=0	 dropout=0	read_count=0	 write_count=0	 read_bytes=0	 write_bytes=0	
Time=13:32:32	CPU0 Usage=12.9	CPU0time_system=4809.98	CPU0time_idle=70807.72	ram_available=1278427136	ram_percent=39.0	swap_used=12263424	swap_percent=0.6	bytes_sent=0	 bytes_recv=0	 packets_sent=0	 packets_recv=0	 errin=0	 errout=0	 dropin=0	 dropout=0	read_count=0	 write_count=0	 read_bytes=0	 write_bytes=0	
Time=13:32:34	CPU0 Usage=12.6	CPU0time_system=4810.12	CPU0time_idle=70809.46	ram_available=1278427136	ram_percent=39.0	swap_used=12263424	swap_percent=0.6	bytes_sent=0	 bytes_recv=0	 packets_sent=0	 packets_recv=0	 errin=0	 errout=0	 dropin=0	 dropout=0	read_count=0	 write_count=0	 read_bytes=0	 write_bytes=0	
Time=13:32:36	CPU0 Usage=11.7	CPU0time_system=4810.22	CPU0time_idle=70811.2	ram_available=1278427136	ram_percent=39.0	swap_used=12263424	swap_percent=0.6	bytes_sent=0	 bytes_recv=0	 packets_sent=0	 packets_recv=0	 errin=0	 errout=0	 dropin=0	 dropout=0	read_count=0	 write_count=0	 read_bytes=0	 write_bytes=0	
Time=13:32:38	CPU0 Usage=13.4	CPU0time_system=4810.35	CPU0time_idle=70812.95	ram_available=1278427136	ram_percent=39.0	swap_used=12263424	swap_percent=0.6	bytes_sent=0	 bytes_recv=0	 packets_sent=0	 packets_recv=0	 errin=0	 errout=0	 dropin=0	 dropout=0	read_count=0	 write_count=0	 read_bytes=0	 write_bytes=0	
Time=13:32:40	CPU0 Usage=12.1	CPU0time_system=4810.43	CPU0time_idle=70814.69	ram_available=1278427136	ram_percent=39.0	swap_used=12263424	swap_percent=0.6	bytes_sent=0	 bytes_recv=0	 packets_sent=0	 packets_recv=0	 errin=0	 errout=0	 dropin=0	 dropout=0	read_count=0	 write_count=0	 read_bytes=0	 write_bytes=0	
Time=13:32:42	CPU0 Usage=12.6	CPU0time_system=4810.55	CPU0time_idle=70816.43	ram_available=1278427136	ram_percent=39.0	swap_used=12263424	swap_percent=0.6	bytes_sent=0	 bytes_recv=0	 packets_sent=0	 packets_recv=0	 errin=0	 errout=0	 dropin=0	 dropout=0	read_count=0	 write_count=0	 read_bytes=0	 write_bytes=0	
Time=13:32:44	CPU0 Usage=12.1	CPU0time_system=4810.64	CPU0time_idle=70818.18	ram_available=1278427136	ram_percent=39.0	swap_used=12263424	swap_percent=0.6	bytes_sent=0	 bytes_recv=0	 packets_sent=0	 packets_recv=0	 errin=0	 errout=0	 dropin=0	 dropout=0	read_count=0	 write_count=0	 read_bytes=0	 write_bytes=0	
Time=13:32:46	CPU0 Usage=12.6	CPU0time_system=4810.76	CPU0time_idle=70819.92	ram_available=1278427136	ram_percent=39.0	swap_used=12263424	swap_percent=0.6	bytes_sent=0	 bytes_recv=0	 packets_sent=0	 packets_recv=0	 errin=0	 errout=0	 dropin=0	 dropout=0	read_count=0	 write_count=0	 read_bytes=0	 write_bytes=0	
Time=13:32:48	CPU0 Usage=12.5	CPU0time_system=4810.87	CPU0time_idle=70821.67	ram_available=1278427136	ram_percent=39.0	swap_used=12263424	swap_percent=0.6	bytes_sent=0	 bytes_recv=0	 packets_sent=0	 packets_recv=0	 errin=0	 errout=0	 dropin=0	 dropout=0	read_count=0	 write_count=0	 read_bytes=0	 write_bytes=0	
Time=13:32:50	CPU0 Usage=12.5	CPU0time_system=4811.07	CPU0time_idle=70823.42	ram_available=1278427136	ram_percent=39.0	swap_used=12263424	swap_percent=0.6	bytes_sent=0	 bytes_recv=0	 packets_sent=0	 packets_recv=0	 errin=0	 errout=0	 dropin=0	 dropout=0	read_count=0	 write_count=0	 read_bytes=0	 write_bytes=0	
Time=13:32:52	CPU0 Usage=12.5	CPU0time_system=4811.29	CPU0time_idle=70825.17	ram_available=1278427136	ram_percent=39.0	swap_used=12263424	swap_percent=0.6	bytes_sent=0	 bytes_recv=0	 packets_sent=0	 packets_recv=0	 errin=0	 errout=0	 dropin=0	 dropout=0	read_count=0	 write_count=0	 read_bytes=0	 write_bytes=0	
Time=13:32:54	CPU0 Usage=11.7	CPU0time_system=4811.47	CPU0time_idle=70826.91	ram_available=1278427136	ram_percent=39.0	swap_used=12263424	swap_percent=0.6	bytes_sent=0	 bytes_recv=0	 packets_sent=0	 packets_recv=0	 errin=0	 errout=0	 dropin=0	 dropout=0	read_count=0	 write_count=0	 read_bytes=0	 write_bytes=0	
Time=13:32:56	CPU0 Usage=12.9	CPU0time_system=4811.58	CPU0time_idle=70828.66	ram_available=1278427136	ram_percent=39.0	swap_used=12263424	swap_percent=0.6	bytes_sent=14328	 bytes_recv=198	 packets_sent=6	 packets_recv=3	 errin=0	 errout=0	 dropin=0	 dropout=0	read_count=0	 write_count=0	 read_bytes=0	 write_bytes=0	
Time=13:32:58	CPU0 Usage=13.0	CPU0time_system=4811.7	CPU0time_idle=70830.4	ram_available=1278427136	ram_percent=39.0	swap_used=12263424	swap_percent=0.6	bytes_sent=0	 bytes_recv=0	 packets_sent=0	 packets_recv=0	 errin=0	 errout=0	 dropin=0	 dropout=0	read_count=0	 write_count=0	 read_bytes=0	 write_bytes=0	
Time=13:33:00	CPU0 Usage=12.1	CPU0time_system=4811.8	CPU0time_idle=70832.14	ram_available=1278427136	ram_percent=39.0	swap_used=12263424	swap_percent=0.6	bytes_sent=60	 bytes_recv=60	 packets_sent=1	 packets_recv=1	 errin=0	 errout=0	 dropin=0	 dropout=0	read_count=0	 write_count=0	 read_bytes=0	 write_bytes=0	
Time=13:33:02	CPU0 Usage=12.9	CPU0time_system=4811.9	CPU0time_idle=70833.89	ram_available=1278427136	ram_percent=39.0	swap_used=12263424	swap_percent=0.6	bytes_sent=0	 bytes_recv=0	 packets_sent=0	 packets_recv=0	 errin=0	 errout=0	 dropin=0	 dropout=0	read_count=0	 write_count=0	 read_bytes=0	 write_bytes=0	
Time=13:33:04	CPU0 Usage=12.1	CPU0time_system=4812.02	CPU0time_idle=70835.64	ram_available=1278427136	ram_percent=39.0	swap_used=12263424	swap_percent=0.6	bytes_sent=0	 bytes_recv=120	 packets_sent=0	 packets_recv=2	 errin=0	 errout=0	 dropin=0	 dropout=0	read_count=0	 write_count=0	 read_bytes=0	 write_bytes=0	
Time=13:33:06	CPU0 Usage=12.6	CPU0time_system=4812.12	CPU0time_idle=70837.38	ram_available=1278427136	ram_percent=39.0	swap_used=12263424	swap_percent=0.6	bytes_sent=0	 bytes_recv=0	 packets_sent=0	 packets_recv=0	 errin=0	 errout=0	 dropin=0	 dropout=0	read_count=0	 write_count=0	 read_bytes=0	 write_bytes=0	
Time=13:33:08	CPU0 Usage=12.1	CPU0time_system=4812.32	CPU0time_idle=70839.12	ram_available=1278427136	ram_percent=39.0	swap_used=12263424	swap_percent=0.6	bytes_sent=0	 bytes_recv=0	 packets_sent=0	 packets_recv=0	 errin=0	 errout=0	 dropin=0	 dropout=0	read_count=0	 write_count=0	 read_bytes=0	 write_bytes=0	
Time=13:33:10	CPU0 Usage=13.4	CPU0time_system=4812.45	CPU0time_idle=70840.87	ram_available=1278427136	ram_percent=39.0	swap_used=12263424	swap_percent=0.6	bytes_sent=0	 bytes_recv=0	 packets_sent=0	 packets_recv=0	 errin=0	 errout=0	 dropin=0	 dropout=0	read_count=0	 write_count=0	 read_bytes=0	 write_bytes=0	
Time=13:33:12	CPU0 Usage=12.1	CPU0time_system=4812.55	CPU0time_idle=70842.62	ram_available=1278427136	ram_percent=39.0	swap_used=12263424	swap_percent=0.6	bytes_sent=0	 bytes_recv=0	 packets_sent=0	 packets_recv=0	 errin=0	 errout=0	 dropin=0	 dropout=0	read_count=0	 write_count=0	 read_bytes=0	 write_bytes=0	
Time=13:33:14	CPU0 Usage=12.6	CPU0time_system=4812.66	CPU0time_idle=70844.36	ram_available=1278427136	ram_percent=39.0	swap_used=12263424	swap_percent=0.6	bytes_sent=0	 bytes_recv=0	 packets_sent=0	 packets_recv=0	 errin=0	 errout=0	 dropin=0	 dropout=0	read_count=0	 write_count=0	 read_bytes=0	 write_bytes=0	
Time=13:33:16	CPU0 Usage=12.5	CPU0time_system=4812.76	CPU0time_idle=70846.11	ram_available=1278427136	ram_percent=39.0	swap_used=12263424	swap_percent=0.6	bytes_sent=0	 bytes_recv=0	 packets_sent=0	 packets_recv=0	 errin=0	 errout=0	 dropin=0	 dropout=0	read_count=0	 write_count=0	 read_bytes=0	 write_bytes=0	
Time=13:33:18	CPU0 Usage=12.6	CPU0time_system=4812.86	CPU0time_idle=70847.85	ram_available=1278427136	ram_percent=39.0	swap_used=12263424	swap_percent=0.6	bytes_sent=0	 bytes_recv=120	 packets_sent=0	 packets_recv=2	 errin=0	 errout=0	 dropin=0	 dropout=0	read_count=0	 write_count=0	 read_bytes=0	 write_bytes=0	
Time=13:33:20	CPU0 Usage=12.9	CPU0time_system=4812.97	CPU0time_idle=70849.6	ram_available=1278427136	ram_percent=39.0	swap_used=12263424	swap_percent=0.6	bytes_sent=0	 bytes_recv=0	 packets_sent=0	 packets_recv=0	 errin=0	 errout=0	 dropin=0	 dropout=0	read_count=0	 write_count=0	 read_bytes=0	 write_bytes=0	
Time=13:33:22	CPU0 Usage=12.6	CPU0time_system=4813.08	CPU0time_idle=70851.34	ram_available=1278427136	ram_percent=39.0	swap_used=12263424	swap_percent=0.6	bytes_sent=0	 bytes_recv=0	 packets_sent=0	 packets_recv=0	 errin=0	 errout=0	 dropin=0	 dropout=0	read_count=0	 write_count=0	 read_bytes=0	 write_bytes=0	
Time=13:33:24	CPU0 Usage=12.5	CPU0time_system=4813.2	CPU0time_idle=70853.09	ram_available=1278427136	ram_percent=39.0	swap_used=12263424	swap_percent=0.6	bytes_sent=0	 bytes_recv=0	 packets_sent=0	 packets_recv=0	 errin=0	 errout=0	 dropin=0	 dropout=0	read_count=0	 write_count=0	 read_bytes=0	 write_bytes=0	
Time=13:33:26	CPU0 Usage=12.6	CPU0time_system=4813.31	CPU0time_idle=70854.83	ram_available=1278427136	ram_percent=39.0	swap_used=12263424	swap_percent=0.6	bytes_sent=0	 bytes_recv=60	 packets_sent=0	 packets_recv=1	 errin=0	 errout=0	 dropin=0	 dropout=0	read_count=0	 write_count=0	 read_bytes=0	 write_bytes=0	
Time=13:33:28	CPU0 Usage=12.5	CPU0time_system=4813.42	CPU0time_idle=70856.58	ram_available=1278427136	ram_percent=39.0	swap_used=12263424	swap_percent=0.6	bytes_sent=0	 bytes_recv=0	 packets_sent=0	 packets_recv=0	 errin=0	 errout=0	 dropin=0	 dropout=0	read_count=0	 write_count=0	 read_bytes=0	 write_bytes=0	
Time=13:33:30	CPU0 Usage=12.1	CPU0time_system=4813.6	CPU0time_idle=70858.32	ram_available=1278427136	ram_percent=39.0	swap_used=12263424	swap_percent=0.6	bytes_sent=0	 bytes_recv=0	 packets_sent=0	 packets_recv=0	 errin=0	 errout=0	 dropin=0	 dropout=0	read_count=0	 write_count=0	 read_bytes=0	 write_bytes=0	
Time=13:33:32	CPU0 Usage=12.5	CPU0time_system=4813.73	CPU0time_idle=70860.07	ram_available=1278427136	ram_percent=39.0	swap_used=12263424	swap_percent=0.6	bytes_sent=0	 bytes_recv=0	 packets_sent=0	 packets_recv=0	 errin=0	 errout=0	 dropin=0	 dropout=0	read_count=0	 write_count=0	 read_bytes=0	 write_bytes=0	
Time=13:33:34	CPU0 Usage=12.6	CPU0time_system=4813.84	CPU0time_idle=70861.81	ram_available=1278427136	ram_percent=39.0	swap_used=12263424	swap_percent=0.6	bytes_sent=0	 bytes_recv=0	 packets_sent=0	 packets_recv=0	 errin=0	 errout=0	 dropin=0	 dropout=0	read_count=0	 write_count=0	 read_bytes=0	 write_bytes=0	
Time=13:33:36	CPU0 Usage=12.9	CPU0time_system=4813.96	CPU0time_idle=70863.56	ram_available=1278427136	ram_percent=39.0	swap_used=12263424	swap_percent=0.6	bytes_sent=0	 bytes_recv=0	 packets_sent=0	 packets_recv=0	 errin=0	 errout=0	 dropin=0	 dropout=0	read_count=0	 write_count=0	 read_bytes=0	 write_bytes=0	
Time=13:33:38	CPU0 Usage=13.0	CPU0time_system=4814.07	CPU0time_idle=70865.3	ram_available=1278427136	ram_percent=39.0	swap_used=12263424	swap_percent=0.6	bytes_sent=0	 bytes_recv=0	 packets_sent=0	 packets_recv=0	 errin=0	 errout=0	 dropin=0	 dropout=0	read_count=0	 write_count=0	 read_bytes=0	 write_bytes=0	
Time=13:33:40	CPU0 Usage=12.1	CPU0time_system=4814.17	CPU0time_idle=70867.05	ram_available=1278427136	ram_percent=39.0	swap_used=12263424	swap_percent=0.6	bytes_sent=0	 bytes_recv=0	 packets_sent=0	 packets_recv=0	 errin=0	 errout=0	 dropin=0	 dropout=0	read_count=0	 write_count=0	 read_bytes=0	 write_bytes=0	
Time=13:33:42	CPU0 Usage=12.6	CPU0time_system=4814.28	CPU0time_idle=70868.79	ram_available=1278427136	ram_percent=39.0	swap_used=12263424	swap_percent=0.6	bytes_sent=0	 bytes_recv=194	 packets_sent=0	 packets_recv=2	 errin=0	 errout=0	 dropin=0	 dropout=0	read_count=0	 write_count=0	 read_bytes=0	 write_bytes=0	
Time=13:33:44	CPU0 Usage=12.5	CPU0time_system=4814.38	CPU0time_idle=70870.54	ram_available=1278427136	ram_percent=39.0	swap_used=12263424	swap_percent=0.6	bytes_sent=0	 bytes_recv=0	 packets_sent=0	 packets_recv=0	 errin=0	 errout=0	 dropin=0	 dropout=0	read_count=0	 write_count=0	 read_bytes=0	 write_bytes=0	
Time=13:33:46	CPU0 Usage=12.6	CPU0time_system=4814.5	CPU0time_idle=70872.28	ram_available=1278427136	ram_percent=39.0	swap_used=12263424	swap_percent=0.6	bytes_sent=0	 bytes_recv=0	 packets_sent=0	 packets_recv=0	 errin=0	 errout=0	 dropin=0	 dropout=0	read_count=0	 write_count=0	 read_bytes=0	 write_bytes=0	
Time=13:33:48	CPU0 Usage=12.6	CPU0time_system=4814.6	CPU0time_idle=70874.02	ram_available=1278427136	ram_percent=39.0	swap_used=12263424	swap_percent=0.6	bytes_sent=14320	 bytes_recv=192	 packets_sent=6	 packets_recv=3	 errin=0	 errout=0	 dropin=0	 dropout=0	read_count=0	 write_count=0	 read_bytes=0	 write_bytes=0	
Time=13:33:50	CPU0 Usage=12.1	CPU0time_system=4814.8	CPU0time_idle=70875.77	ram_available=1278427136	ram_percent=39.0	swap_used=12263424	swap_percent=0.6	bytes_sent=0	 bytes_recv=0	 packets_sent=0	 packets_recv=0	 errin=0	 errout=0	 dropin=0	 dropout=0	read_count=0	 write_count=0	 read_bytes=0	 write_bytes=0	
Time=13:33:52	CPU0 Usage=12.9	CPU0time_system=4814.99	CPU0time_idle=70877.52	ram_available=1278427136	ram_percent=39.0	swap_used=12263424	swap_percent=0.6	bytes_sent=60	 bytes_recv=60	 packets_sent=1	 packets_recv=1	 errin=0	 errout=0	 dropin=0	 dropout=0	read_count=0	 write_count=0	 read_bytes=0	 write_bytes=0	
Time=13:33:54	CPU0 Usage=12.6	CPU0time_system=4815.1	CPU0time_idle=70879.26	ram_available=1278427136	ram_percent=39.0	swap_used=12263424	swap_percent=0.6	bytes_sent=0	 bytes_recv=0	 packets_sent=0	 packets_recv=0	 errin=0	 errout=0	 dropin=0	 dropout=0	read_count=0	 write_count=0	 read_bytes=0	 write_bytes=0	
Time=13:33:56	CPU0 Usage=12.5	CPU0time_system=4815.21	CPU0time_idle=70881.01	ram_available=1278427136	ram_percent=39.0	swap_used=12263424	swap_percent=0.6	bytes_sent=0	 bytes_recv=60	 packets_sent=0	 packets_recv=1	 errin=0	 errout=0	 dropin=0	 dropout=0	read_count=0	 write_count=0	 read_bytes=0	 write_bytes=0	
Time=13:33:59	CPU0 Usage=13.5	CPU0time_system=4815.32	CPU0time_idle=70882.74	ram_available=1278427136	ram_percent=39.0	swap_used=12263424	swap_percent=0.6	bytes_sent=0	 bytes_recv=60	 packets_sent=0	 packets_recv=1	 errin=0	 errout=0	 dropin=0	 dropout=0	read_count=0	 write_count=0	 read_bytes=0	 write_bytes=0	
Time=13:34:01	CPU0 Usage=12.5	CPU0time_system=4815.44	CPU0time_idle=70884.49	ram_available=1278427136	ram_percent=39.0	swap_used=12263424	swap_percent=0.6	bytes_sent=0	 bytes_recv=0	 packets_sent=0	 packets_recv=0	 errin=0	 errout=0	 dropin=0	 dropout=0	read_count=0	 write_count=0	 read_bytes=0	 write_bytes=0	
Time=13:34:03	CPU0 Usage=11.6	CPU0time_system=4815.54	CPU0time_idle=70886.25	ram_available=1278402560	ram_percent=39.1	swap_used=12263424	swap_percent=0.6	bytes_sent=0	 bytes_recv=253	 packets_sent=0	 packets_recv=1	 errin=0	 errout=0	 dropin=0	 dropout=0	read_count=0	 write_count=0	 read_bytes=0	 write_bytes=0	
Time=13:34:05	CPU0 Usage=12.5	CPU0time_system=4815.65	CPU0time_idle=70888.0	ram_available=1278386176	ram_percent=39.1	swap_used=12263424	swap_percent=0.6	bytes_sent=0	 bytes_recv=0	 packets_sent=0	 packets_recv=0	 errin=0	 errout=0	 dropin=0	 dropout=0	read_count=0	 write_count=0	 read_bytes=0	 write_bytes=0	
Time=13:34:07	CPU0 Usage=12.1	CPU0time_system=4815.76	CPU0time_idle=70889.75	ram_available=1278386176	ram_percent=39.1	swap_used=12263424	swap_percent=0.6	bytes_sent=0	 bytes_recv=0	 packets_sent=0	 packets_recv=0	 errin=0	 errout=0	 dropin=0	 dropout=0	read_count=0	 write_count=0	 read_bytes=0	 write_bytes=0	
Time=13:34:09	CPU0 Usage=12.1	CPU0time_system=4815.86	CPU0time_idle=70891.49	ram_available=1278402560	ram_percent=39.1	swap_used=12263424	swap_percent=0.6	bytes_sent=0	 bytes_recv=0	 packets_sent=0	 packets_recv=0	 errin=0	 errout=0	 dropin=0	 dropout=0	read_count=0	 write_count=0	 read_bytes=0	 write_bytes=0	
Time=13:34:11	CPU0 Usage=12.5	CPU0time_system=4816.08	CPU0time_idle=70893.24	ram_available=1278410752	ram_percent=39.1	swap_used=12263424	swap_percent=0.6	bytes_sent=0	 bytes_recv=0	 packets_sent=0	 packets_recv=0	 errin=0	 errout=0	 dropin=0	 dropout=0	read_count=0	 write_count=0	 read_bytes=0	 write_bytes=0	
Time=13:34:13	CPU0 Usage=12.6	CPU0time_system=4816.28	CPU0time_idle=70894.98	ram_available=1278410752	ram_percent=39.1	swap_used=12263424	swap_percent=0.6	bytes_sent=0	 bytes_recv=253	 packets_sent=0	 packets_recv=1	 errin=0	 errout=0	 dropin=0	 dropout=0	read_count=0	 write_count=0	 read_bytes=0	 write_bytes=0	
Time=13:34:15	CPU0 Usage=12.1	CPU0time_system=4816.5	CPU0time_idle=70896.73	ram_available=1278377984	ram_percent=39.1	swap_used=12263424	swap_percent=0.6	bytes_sent=0	 bytes_recv=212	 packets_sent=0	 packets_recv=3	 errin=0	 errout=0	 dropin=0	 dropout=0	read_count=0	 write_count=0	 read_bytes=0	 write_bytes=0	
Time=13:34:17	CPU0 Usage=12.9	CPU0time_system=4816.56	CPU0time_idle=70898.48	ram_available=1278386176	ram_percent=39.1	swap_used=12263424	swap_percent=0.6	bytes_sent=0	 bytes_recv=0	 packets_sent=0	 packets_recv=0	 errin=0	 errout=0	 dropin=0	 dropout=0	read_count=0	 write_count=0	 read_bytes=0	 write_bytes=0	
Time=13:34:19	CPU0 Usage=12.1	CPU0time_system=4816.56	CPU0time_idle=70900.22	ram_available=1278386176	ram_percent=39.1	swap_used=12263424	swap_percent=0.6	bytes_sent=0	 bytes_recv=0	 packets_sent=0	 packets_recv=0	 errin=0	 errout=0	 dropin=0	 dropout=0	read_count=0	 write_count=0	 read_bytes=0	 write_bytes=0	
Time=13:34:21	CPU0 Usage=13.4	CPU0time_system=4816.57	CPU0time_idle=70901.97	ram_available=1278369792	ram_percent=39.1	swap_used=12263424	swap_percent=0.6	bytes_sent=0	 bytes_recv=0	 packets_sent=0	 packets_recv=0	 errin=0	 errout=0	 dropin=0	 dropout=0	read_count=0	 write_count=0	 read_bytes=0	 write_bytes=0	
Time=13:34:23	CPU0 Usage=15.7	CPU0time_system=4816.6	CPU0time_idle=70903.64	ram_available=1278140416	ram_percent=39.1	swap_used=12263424	swap_percent=0.6	bytes_sent=0	 bytes_recv=60	 packets_sent=0	 packets_recv=1	 errin=0	 errout=0	 dropin=0	 dropout=0	read_count=0	 write_count=0	 read_bytes=0	 write_bytes=0	
Time=13:34:25	CPU0 Usage=38.5	CPU0time_system=4816.63	CPU0time_idle=70904.9	ram_available=1278140416	ram_percent=39.1	swap_used=12263424	swap_percent=0.6	bytes_sent=0	 bytes_recv=0	 packets_sent=0	 packets_recv=0	 errin=0	 errout=0	 dropin=0	 dropout=0	read_count=0	 write_count=0	 read_bytes=0	 write_bytes=0	
Time=13:34:27	CPU0 Usage=37.6	CPU0time_system=4816.68	CPU0time_idle=70906.16	ram_available=1278140416	ram_percent=39.1	swap_used=12263424	swap_percent=0.6	bytes_sent=0	 bytes_recv=0	 packets_sent=0	 packets_recv=0	 errin=0	 errout=0	 dropin=0	 dropout=0	read_count=0	 write_count=0	 read_bytes=0	 write_bytes=0	
Time=13:34:29	CPU0 Usage=36.7	CPU0time_system=4816.72	CPU0time_idle=70907.42	ram_available=1278140416	ram_percent=39.1	swap_used=12263424	swap_percent=0.6	bytes_sent=0	 bytes_recv=0	 packets_sent=0	 packets_recv=0	 errin=0	 errout=0	 dropin=0	 dropout=0	read_count=0	 write_count=0	 read_bytes=0	 write_bytes=0	
Time=13:34:31	CPU0 Usage=37.9	CPU0time_system=4816.74	CPU0time_idle=70908.68	ram_available=1278140416	ram_percent=39.1	swap_used=12263424	swap_percent=0.6	bytes_sent=0	 bytes_recv=0	 packets_sent=0	 packets_recv=0	 errin=0	 errout=0	 dropin=0	 dropout=0	read_count=0	 write_count=0	 read_bytes=0	 write_bytes=0	
Time=13:34:33	CPU0 Usage=36.0	CPU0time_system=4816.78	CPU0time_idle=70909.94	ram_available=1278140416	ram_percent=39.1	swap_used=12263424	swap_percent=0.6	bytes_sent=0	 bytes_recv=0	 packets_sent=0	 packets_recv=0	 errin=0	 errout=0	 dropin=0	 dropout=0	read_count=0	 write_count=0	 read_bytes=0	 write_bytes=0	
Time=13:34:35	CPU0 Usage=37.7	CPU0time_system=4816.82	CPU0time_idle=70911.21	ram_available=1278140416	ram_percent=39.1	swap_used=12263424	swap_percent=0.6	bytes_sent=0	 bytes_recv=0	 packets_sent=0	 packets_recv=0	 errin=0	 errout=0	 dropin=0	 dropout=0	read_count=0	 write_count=0	 read_bytes=0	 write_bytes=0	
Time=13:34:37	CPU0 Usage=38.5	CPU0time_system=4816.85	CPU0time_idle=70912.47	ram_available=1278124032	ram_percent=39.1	swap_used=12263424	swap_percent=0.6	bytes_sent=0	 bytes_recv=0	 packets_sent=0	 packets_recv=0	 errin=0	 errout=0	 dropin=0	 dropout=0	read_count=0	 write_count=0	 read_bytes=0	 write_bytes=0	
Time=13:34:39	CPU0 Usage=40.2	CPU0time_system=4816.91	CPU0time_idle=70913.72	ram_available=1278124032	ram_percent=39.1	swap_used=12263424	swap_percent=0.6	bytes_sent=0	 bytes_recv=0	 packets_sent=0	 packets_recv=0	 errin=0	 errout=0	 dropin=0	 dropout=0	read_count=0	 write_count=0	 read_bytes=0	 write_bytes=0	
Time=13:34:41	CPU0 Usage=40.6	CPU0time_system=4816.94	CPU0time_idle=70914.98	ram_available=1278140416	ram_percent=39.1	swap_used=12263424	swap_percent=0.6	bytes_sent=14336	 bytes_recv=198	 packets_sent=6	 packets_recv=3	 errin=0	 errout=0	 dropin=0	 dropout=0	read_count=0	 write_count=0	 read_bytes=0	 write_bytes=0	
Time=13:34:43	CPU0 Usage=40.3	CPU0time_system=4816.97	CPU0time_idle=70916.24	ram_available=1278124032	ram_percent=39.1	swap_used=12263424	swap_percent=0.6	bytes_sent=0	 bytes_recv=0	 packets_sent=0	 packets_recv=0	 errin=0	 errout=0	 dropin=0	 dropout=0	read_count=0	 write_count=0	 read_bytes=0	 write_bytes=0	
Time=13:34:45	CPU0 Usage=44.0	CPU0time_system=4816.98	CPU0time_idle=70917.5	ram_available=1278124032	ram_percent=39.1	swap_used=12263424	swap_percent=0.6	bytes_sent=60	 bytes_recv=60	 packets_sent=1	 packets_recv=1	 errin=0	 errout=0	 dropin=0	 dropout=0	read_count=0	 write_count=0	 read_bytes=0	 write_bytes=0	
Time=13:34:47	CPU0 Usage=37.6	CPU0time_system=4817.0	CPU0time_idle=70918.76	ram_available=1278124032	ram_percent=39.1	swap_used=12263424	swap_percent=0.6	bytes_sent=0	 bytes_recv=0	 packets_sent=0	 packets_recv=0	 errin=0	 errout=0	 dropin=0	 dropout=0	read_count=0	 write_count=0	 read_bytes=0	 write_bytes=0	
Time=13:34:49	CPU0 Usage=35.6	CPU0time_system=4817.04	CPU0time_idle=70920.01	ram_available=1278140416	ram_percent=39.1	swap_used=12263424	swap_percent=0.6	bytes_sent=0	 bytes_recv=0	 packets_sent=0	 packets_recv=0	 errin=0	 errout=0	 dropin=0	 dropout=0	read_count=0	 write_count=0	 read_bytes=0	 write_bytes=0	
Time=13:34:51	CPU0 Usage=28.4	CPU0time_system=4817.04	CPU0time_idle=70921.27	ram_available=1278140416	ram_percent=39.1	swap_used=12263424	swap_percent=0.6	bytes_sent=0	 bytes_recv=194	 packets_sent=0	 packets_recv=2	 errin=0	 errout=0	 dropin=0	 dropout=0	read_count=0	 write_count=0	 read_bytes=0	 write_bytes=0	
Time=13:34:53	CPU0 Usage=30.6	CPU0time_system=4817.05	CPU0time_idle=70922.52	ram_available=1278140416	ram_percent=39.1	swap_used=12263424	swap_percent=0.6	bytes_sent=0	 bytes_recv=0	 packets_sent=0	 packets_recv=0	 errin=0	 errout=0	 dropin=0	 dropout=0	read_count=0	 write_count=0	 read_bytes=0	 write_bytes=0	
Time=13:34:55	CPU0 Usage=31.5	CPU0time_system=4817.07	CPU0time_idle=70923.78	ram_available=1278140416	ram_percent=39.1	swap_used=12263424	swap_percent=0.6	bytes_sent=0	 bytes_recv=0	 packets_sent=0	 packets_recv=0	 errin=0	 errout=0	 dropin=0	 dropout=0	read_count=0	 write_count=0	 read_bytes=0	 write_bytes=0	
Time=13:34:57	CPU0 Usage=31.5	CPU0time_system=4817.09	CPU0time_idle=70925.02	ram_available=1278140416	ram_percent=39.1	swap_used=12263424	swap_percent=0.6	bytes_sent=0	 bytes_recv=0	 packets_sent=0	 packets_recv=0	 errin=0	 errout=0	 dropin=0	 dropout=0	read_count=0	 write_count=0	 read_bytes=0	 write_bytes=0	
Time=13:34:59	CPU0 Usage=33.3	CPU0time_system=4817.12	CPU0time_idle=70926.26	ram_available=1278140416	ram_percent=39.1	swap_used=12263424	swap_percent=0.6	bytes_sent=0	 bytes_recv=0	 packets_sent=0	 packets_recv=0	 errin=0	 errout=0	 dropin=0	 dropout=0	read_count=0	 write_count=0	 read_bytes=0	 write_bytes=0	
Time=13:35:01	CPU0 Usage=37.2	CPU0time_system=4817.16	CPU0time_idle=70927.51	ram_available=1278140416	ram_percent=39.1	swap_used=12263424	swap_percent=0.6	bytes_sent=0	 bytes_recv=0	 packets_sent=0	 packets_recv=0	 errin=0	 errout=0	 dropin=0	 dropout=0	read_count=0	 write_count=0	 read_bytes=0	 write_bytes=0	
Time=13:35:03	CPU0 Usage=36.5	CPU0time_system=4817.2	CPU0time_idle=70928.76	ram_available=1278140416	ram_percent=39.1	swap_used=12263424	swap_percent=0.6	bytes_sent=0	 bytes_recv=0	 packets_sent=0	 packets_recv=0	 errin=0	 errout=0	 dropin=0	 dropout=0	read_count=0	 write_count=0	 read_bytes=0	 write_bytes=0	
Time=13:35:05	CPU0 Usage=37.2	CPU0time_system=4817.24	CPU0time_idle=70930.01	ram_available=1278140416	ram_percent=39.1	swap_used=12263424	swap_percent=0.6	bytes_sent=0	 bytes_recv=0	 packets_sent=0	 packets_recv=0	 errin=0	 errout=0	 dropin=0	 dropout=0	read_count=0	 write_count=0	 read_bytes=0	 write_bytes=0	
Time=13:35:07	CPU0 Usage=34.2	CPU0time_system=4817.25	CPU0time_idle=70931.26	ram_available=1278140416	ram_percent=39.1	swap_used=12263424	swap_percent=0.6	bytes_sent=0	 bytes_recv=0	 packets_sent=0	 packets_recv=0	 errin=0	 errout=0	 dropin=0	 dropout=0	read_count=0	 write_count=0	 read_bytes=0	 write_bytes=0	
Time=13:35:09	CPU0 Usage=34.4	CPU0time_system=4817.3	CPU0time_idle=70932.5	ram_available=1278140416	ram_percent=39.1	swap_used=12263424	swap_percent=0.6	bytes_sent=0	 bytes_recv=0	 packets_sent=0	 packets_recv=0	 errin=0	 errout=0	 dropin=0	 dropout=0	read_count=0	 write_count=0	 read_bytes=0	 write_bytes=0	
Time=13:35:11	CPU0 Usage=36.4	CPU0time_system=4817.32	CPU0time_idle=70933.74	ram_available=1278140416	ram_percent=39.1	swap_used=12263424	swap_percent=0.6	bytes_sent=0	 bytes_recv=0	 packets_sent=0	 packets_recv=0	 errin=0	 errout=0	 dropin=0	 dropout=0	read_count=0	 write_count=0	 read_bytes=0	 write_bytes=0	
Time=13:35:13	CPU0 Usage=33.5	CPU0time_system=4817.38	CPU0time_idle=70934.99	ram_available=1278140416	ram_percent=39.1	swap_used=12263424	swap_percent=0.6	bytes_sent=0	 bytes_recv=0	 packets_sent=0	 packets_recv=0	 errin=0	 errout=0	 dropin=0	 dropout=0	read_count=0	 write_count=0	 read_bytes=0	 write_bytes=0	
Time=13:35:15	CPU0 Usage=36.5	CPU0time_system=4817.43	CPU0time_idle=70936.24	ram_available=1278140416	ram_percent=39.1	swap_used=12263424	swap_percent=0.6	bytes_sent=0	 bytes_recv=0	 packets_sent=0	 packets_recv=0	 errin=0	 errout=0	 dropin=0	 dropout=0	read_count=0	 write_count=0	 read_bytes=0	 write_bytes=0	
Time=13:35:17	CPU0 Usage=50.5	CPU0time_system=4817.69	CPU0time_idle=70937.16	ram_available=1261813760	ram_percent=39.8	swap_used=12263424	swap_percent=0.6	bytes_sent=5903	 bytes_recv=3600	 packets_sent=31	 packets_recv=22	 errin=0	 errout=0	 dropin=0	 dropout=0	read_count=228	 write_count=0	 read_bytes=933888	 write_bytes=0	
Time=13:35:19	CPU0 Usage=42.6	CPU0time_system=4817.74	CPU0time_idle=70938.29	ram_available=1258590208	ram_percent=40.0	swap_used=12263424	swap_percent=0.6	bytes_sent=900	 bytes_recv=2347	 packets_sent=7	 packets_recv=7	 errin=0	 errout=0	 dropin=0	 dropout=0	read_count=0	 write_count=0	 read_bytes=0	 write_bytes=0	
Time=13:35:21	CPU0 Usage=35.6	CPU0time_system=4817.78	CPU0time_idle=70939.54	ram_available=1258573824	ram_percent=40.0	swap_used=12263424	swap_percent=0.6	bytes_sent=1344	 bytes_recv=6483	 packets_sent=11	 packets_recv=13	 errin=0	 errout=0	 dropin=0	 dropout=0	read_count=0	 write_count=0	 read_bytes=0	 write_bytes=0	
Time=13:35:23	CPU0 Usage=36.7	CPU0time_system=4817.8	CPU0time_idle=70940.78	ram_available=1258573824	ram_percent=40.0	swap_used=12263424	swap_percent=0.6	bytes_sent=680	 bytes_recv=2207	 packets_sent=5	 packets_recv=5	 errin=0	 errout=0	 dropin=0	 dropout=0	read_count=0	 write_count=23	 read_bytes=0	 write_bytes=172032	
Time=13:35:25	CPU0 Usage=37.4	CPU0time_system=4817.8	CPU0time_idle=70942.02	ram_available=1258573824	ram_percent=40.0	swap_used=12263424	swap_percent=0.6	bytes_sent=1344	 bytes_recv=6357	 packets_sent=11	 packets_recv=11	 errin=0	 errout=0	 dropin=0	 dropout=0	read_count=0	 write_count=0	 read_bytes=0	 write_bytes=0	
Time=13:35:27	CPU0 Usage=37.6	CPU0time_system=4817.86	CPU0time_idle=70943.25	ram_available=1255849984	ram_percent=40.1	swap_used=12263424	swap_percent=0.6	bytes_sent=4158	 bytes_recv=5608	 packets_sent=36	 packets_recv=27	 errin=0	 errout=0	 dropin=0	 dropout=0	read_count=0	 write_count=0	 read_bytes=0	 write_bytes=0	
Time=13:35:29	CPU0 Usage=44.3	CPU0time_system=4817.96	CPU0time_idle=70944.37	ram_available=1247440896	ram_percent=40.5	swap_used=12263424	swap_percent=0.6	bytes_sent=33755	 bytes_recv=443997	 packets_sent=234	 packets_recv=444	 errin=0	 errout=0	 dropin=0	 dropout=0	read_count=0	 write_count=0	 read_bytes=0	 write_bytes=0	
Time=13:35:31	CPU0 Usage=40.7	CPU0time_system=4818.03	CPU0time_idle=70945.55	ram_available=1247207424	ram_percent=40.5	swap_used=12263424	swap_percent=0.6	bytes_sent=18828	 bytes_recv=235258	 packets_sent=129	 packets_recv=192	 errin=0	 errout=0	 dropin=0	 dropout=0	read_count=0	 write_count=0	 read_bytes=0	 write_bytes=0	
Time=13:35:33	CPU0 Usage=38.5	CPU0time_system=4818.08	CPU0time_idle=70946.75	ram_available=1246990336	ram_percent=40.5	swap_used=12263424	swap_percent=0.6	bytes_sent=29476	 bytes_recv=176633	 packets_sent=109	 packets_recv=151	 errin=0	 errout=0	 dropin=0	 dropout=0	read_count=0	 write_count=0	 read_bytes=0	 write_bytes=0	
Time=13:35:35	CPU0 Usage=40.0	CPU0time_system=4818.14	CPU0time_idle=70947.98	ram_available=1246904320	ram_percent=40.6	swap_used=12263424	swap_percent=0.6	bytes_sent=8918	 bytes_recv=110210	 packets_sent=61	 packets_recv=92	 errin=0	 errout=0	 dropin=0	 dropout=0	read_count=0	 write_count=0	 read_bytes=0	 write_bytes=0	
Time=13:35:37	CPU0 Usage=36.4	CPU0time_system=4818.16	CPU0time_idle=70949.17	ram_available=1246298112	ram_percent=40.6	swap_used=12263424	swap_percent=0.6	bytes_sent=14154	 bytes_recv=164915	 packets_sent=95	 packets_recv=141	 errin=0	 errout=0	 dropin=0	 dropout=0	read_count=0	 write_count=0	 read_bytes=0	 write_bytes=0	
Time=13:35:39	CPU0 Usage=37.9	CPU0time_system=4818.22	CPU0time_idle=70950.38	ram_available=1246011392	ram_percent=40.6	swap_used=12263424	swap_percent=0.6	bytes_sent=10518	 bytes_recv=128452	 packets_sent=70	 packets_recv=108	 errin=0	 errout=0	 dropin=0	 dropout=0	read_count=0	 write_count=0	 read_bytes=0	 write_bytes=0	
Time=13:35:41	CPU0 Usage=37.0	CPU0time_system=4818.29	CPU0time_idle=70951.59	ram_available=1245790208	ram_percent=40.6	swap_used=12263424	swap_percent=0.6	bytes_sent=9620	 bytes_recv=112577	 packets_sent=67	 packets_recv=101	 errin=0	 errout=0	 dropin=0	 dropout=0	read_count=0	 write_count=0	 read_bytes=0	 write_bytes=0	
Time=13:35:43	CPU0 Usage=37.6	CPU0time_system=4818.35	CPU0time_idle=70952.8	ram_available=1245376512	ram_percent=40.6	swap_used=12263424	swap_percent=0.6	bytes_sent=14828	 bytes_recv=182212	 packets_sent=103	 packets_recv=161	 errin=0	 errout=0	 dropin=0	 dropout=0	read_count=0	 write_count=0	 read_bytes=0	 write_bytes=0	
Time=13:35:45	CPU0 Usage=38.1	CPU0time_system=4818.44	CPU0time_idle=70954.0	ram_available=1244962816	ram_percent=40.6	swap_used=12263424	swap_percent=0.6	bytes_sent=13679	 bytes_recv=170052	 packets_sent=92	 packets_recv=142	 errin=0	 errout=0	 dropin=0	 dropout=0	read_count=0	 write_count=0	 read_bytes=0	 write_bytes=0	
Time=13:35:47	CPU0 Usage=38.1	CPU0time_system=4818.5	CPU0time_idle=70955.22	ram_available=1244741632	ram_percent=40.7	swap_used=12263424	swap_percent=0.6	bytes_sent=9385	 bytes_recv=113265	 packets_sent=64	 packets_recv=93	 errin=0	 errout=0	 dropin=0	 dropout=0	read_count=0	 write_count=0	 read_bytes=0	 write_bytes=0	
Time=13:35:49	CPU0 Usage=37.8	CPU0time_system=4818.54	CPU0time_idle=70956.44	ram_available=1244520448	ram_percent=40.7	swap_used=12263424	swap_percent=0.6	bytes_sent=9533	 bytes_recv=107381	 packets_sent=66	 packets_recv=99	 errin=0	 errout=0	 dropin=0	 dropout=0	read_count=0	 write_count=0	 read_bytes=0	 write_bytes=0	
Time=13:35:51	CPU0 Usage=34.2	CPU0time_system=4818.6	CPU0time_idle=70957.69	ram_available=1244520448	ram_percent=40.7	swap_used=12263424	swap_percent=0.6	bytes_sent=2348	 bytes_recv=28282	 packets_sent=16	 packets_recv=26	 errin=0	 errout=0	 dropin=0	 dropout=0	read_count=0	 write_count=0	 read_bytes=0	 write_bytes=0	
Time=13:35:53	CPU0 Usage=39.7	CPU0time_system=4818.65	CPU0time_idle=70958.89	ram_available=1244106752	ram_percent=40.7	swap_used=12263424	swap_percent=0.6	bytes_sent=14307	 bytes_recv=173381	 packets_sent=101	 packets_recv=153	 errin=0	 errout=0	 dropin=0	 dropout=0	read_count=0	 write_count=4	 read_bytes=0	 write_bytes=16384	
Time=13:35:55	CPU0 Usage=41.1	CPU0time_system=4818.74	CPU0time_idle=70960.05	ram_available=1243185152	ram_percent=40.7	swap_used=12263424	swap_percent=0.6	bytes_sent=26769	 bytes_recv=338925	 packets_sent=182	 packets_recv=276	 errin=0	 errout=0	 dropin=0	 dropout=0	read_count=0	 write_count=0	 read_bytes=0	 write_bytes=0	
Time=13:35:57	CPU0 Usage=36.5	CPU0time_system=4818.79	CPU0time_idle=70961.27	ram_available=1242976256	ram_percent=40.7	swap_used=12263424	swap_percent=0.6	bytes_sent=9615	 bytes_recv=112365	 packets_sent=64	 packets_recv=96	 errin=0	 errout=0	 dropin=0	 dropout=0	read_count=0	 write_count=35	 read_bytes=0	 write_bytes=163840	
Time=13:35:59	CPU0 Usage=37.9	CPU0time_system=4818.81	CPU0time_idle=70962.48	ram_available=1242648576	ram_percent=40.8	swap_used=12263424	swap_percent=0.6	bytes_sent=7958	 bytes_recv=99120	 packets_sent=51	 packets_recv=83	 errin=0	 errout=0	 dropin=0	 dropout=0	read_count=0	 write_count=0	 read_bytes=0	 write_bytes=0	
Time=13:36:01	CPU0 Usage=39.5	CPU0time_system=4818.88	CPU0time_idle=70963.69	ram_available=1242464256	ram_percent=40.8	swap_used=12263424	swap_percent=0.6	bytes_sent=12967	 bytes_recv=150023	 packets_sent=88	 packets_recv=129	 errin=0	 errout=0	 dropin=0	 dropout=0	read_count=0	 write_count=0	 read_bytes=0	 write_bytes=0	
Time=13:36:03	CPU0 Usage=36.3	CPU0time_system=4818.94	CPU0time_idle=70964.9	ram_available=1242066944	ram_percent=40.8	swap_used=12263424	swap_percent=0.6	bytes_sent=12514	 bytes_recv=154862	 packets_sent=87	 packets_recv=133	 errin=0	 errout=0	 dropin=0	 dropout=0	read_count=0	 write_count=0	 read_bytes=0	 write_bytes=0	
Time=13:36:05	CPU0 Usage=38.5	CPU0time_system=4819.0	CPU0time_idle=70966.1	ram_available=1241763840	ram_percent=40.8	swap_used=12263424	swap_percent=0.6	bytes_sent=13978	 bytes_recv=167817	 packets_sent=94	 packets_recv=141	 errin=0	 errout=0	 dropin=0	 dropout=0	read_count=0	 write_count=0	 read_bytes=0	 write_bytes=0	
Time=13:36:07	CPU0 Usage=40.4	CPU0time_system=4819.09	CPU0time_idle=70967.28	ram_available=1241157632	ram_percent=40.8	swap_used=12263424	swap_percent=0.6	bytes_sent=22103	 bytes_recv=272154	 packets_sent=150	 packets_recv=228	 errin=0	 errout=0	 dropin=0	 dropout=0	read_count=0	 write_count=0	 read_bytes=0	 write_bytes=0	
Time=13:36:09	CPU0 Usage=36.7	CPU0time_system=4819.15	CPU0time_idle=70968.52	ram_available=1241063424	ram_percent=40.8	swap_used=12263424	swap_percent=0.6	bytes_sent=3484	 bytes_recv=34213	 packets_sent=24	 packets_recv=37	 errin=0	 errout=0	 dropin=0	 dropout=0	read_count=0	 write_count=0	 read_bytes=0	 write_bytes=0	
Time=13:36:11	CPU0 Usage=38.2	CPU0time_system=4819.2	CPU0time_idle=70969.75	ram_available=1240776704	ram_percent=40.8	swap_used=12263424	swap_percent=0.6	bytes_sent=6083	 bytes_recv=72882	 packets_sent=43	 packets_recv=65	 errin=0	 errout=0	 dropin=0	 dropout=0	read_count=0	 write_count=0	 read_bytes=0	 write_bytes=0	
Time=13:36:13	CPU0 Usage=39.4	CPU0time_system=4819.27	CPU0time_idle=70970.95	ram_available=1240285184	ram_percent=40.9	swap_used=12263424	swap_percent=0.6	bytes_sent=16159	 bytes_recv=193692	 packets_sent=110	 packets_recv=160	 errin=0	 errout=0	 dropin=0	 dropout=0	read_count=0	 write_count=0	 read_bytes=0	 write_bytes=0	
Time=13:36:15	CPU0 Usage=38.1	CPU0time_system=4819.32	CPU0time_idle=70972.14	ram_available=1239822336	ram_percent=40.9	swap_used=12263424	swap_percent=0.6	bytes_sent=15528	 bytes_recv=200237	 packets_sent=107	 packets_recv=169	 errin=0	 errout=0	 dropin=0	 dropout=0	read_count=0	 write_count=0	 read_bytes=0	 write_bytes=0	
Time=13:36:17	CPU0 Usage=37.7	CPU0time_system=4819.35	CPU0time_idle=70973.38	ram_available=1239662592	ram_percent=40.9	swap_used=12263424	swap_percent=0.6	bytes_sent=6122	 bytes_recv=67259	 packets_sent=38	 packets_recv=55	 errin=0	 errout=0	 dropin=0	 dropout=0	read_count=0	 write_count=0	 read_bytes=0	 write_bytes=0	
Time=13:36:19	CPU0 Usage=37.2	CPU0time_system=4819.4	CPU0time_idle=70974.58	ram_available=1239539712	ram_percent=40.9	swap_used=12263424	swap_percent=0.6	bytes_sent=14585	 bytes_recv=182571	 packets_sent=101	 packets_recv=153	 errin=0	 errout=0	 dropin=0	 dropout=0	read_count=0	 write_count=0	 read_bytes=0	 write_bytes=0	
Time=13:36:21	CPU0 Usage=41.0	CPU0time_system=4819.49	CPU0time_idle=70975.76	ram_available=1238872064	ram_percent=40.9	swap_used=12263424	swap_percent=0.6	bytes_sent=21150	 bytes_recv=256679	 packets_sent=145	 packets_recv=218	 errin=0	 errout=0	 dropin=0	 dropout=0	read_count=0	 write_count=0	 read_bytes=0	 write_bytes=0	
Time=13:36:23	CPU0 Usage=36.7	CPU0time_system=4819.55	CPU0time_idle=70977.0	ram_available=1238810624	ram_percent=40.9	swap_used=12263424	swap_percent=0.6	bytes_sent=2400	 bytes_recv=23607	 packets_sent=16	 packets_recv=26	 errin=0	 errout=0	 dropin=0	 dropout=0	read_count=0	 write_count=0	 read_bytes=0	 write_bytes=0	
Time=13:36:25	CPU0 Usage=40.9	CPU0time_system=4819.64	CPU0time_idle=70978.17	ram_available=1238302720	ram_percent=41.0	swap_used=12263424	swap_percent=0.6	bytes_sent=38006	 bytes_recv=300881	 packets_sent=168	 packets_recv=250	 errin=0	 errout=0	 dropin=0	 dropout=0	read_count=0	 write_count=0	 read_bytes=0	 write_bytes=0	
Time=13:36:27	CPU0 Usage=41.7	CPU0time_system=4819.75	CPU0time_idle=70979.37	ram_available=1237635072	ram_percent=41.0	swap_used=12263424	swap_percent=0.6	bytes_sent=17449	 bytes_recv=207038	 packets_sent=118	 packets_recv=175	 errin=0	 errout=0	 dropin=0	 dropout=0	read_count=0	 write_count=0	 read_bytes=0	 write_bytes=0	
Time=13:36:29	CPU0 Usage=35.6	CPU0time_system=4819.79	CPU0time_idle=70980.6	ram_available=1237508096	ram_percent=41.0	swap_used=12263424	swap_percent=0.6	bytes_sent=6623	 bytes_recv=78459	 packets_sent=45	 packets_recv=68	 errin=0	 errout=0	 dropin=0	 dropout=0	read_count=0	 write_count=0	 read_bytes=0	 write_bytes=0	
Time=13:36:31	CPU0 Usage=39.1	CPU0time_system=4819.86	CPU0time_idle=70981.8	ram_available=1237139456	ram_percent=41.0	swap_used=12263424	swap_percent=0.6	bytes_sent=17305	 bytes_recv=215913	 packets_sent=119	 packets_recv=171	 errin=0	 errout=0	 dropin=0	 dropout=0	read_count=0	 write_count=0	 read_bytes=0	 write_bytes=0	
Time=13:36:33	CPU0 Usage=40.1	CPU0time_system=4819.92	CPU0time_idle=70983.01	ram_available=1236844544	ram_percent=41.0	swap_used=12263424	swap_percent=0.6	bytes_sent=11876	 bytes_recv=139301	 packets_sent=81	 packets_recv=113	 errin=0	 errout=0	 dropin=0	 dropout=0	read_count=0	 write_count=0	 read_bytes=0	 write_bytes=0	
Time=13:36:35	CPU0 Usage=41.0	CPU0time_system=4820.01	CPU0time_idle=70984.19	ram_available=1236303872	ram_percent=41.1	swap_used=12263424	swap_percent=0.6	bytes_sent=20493	 bytes_recv=251120	 packets_sent=137	 packets_recv=215	 errin=0	 errout=0	 dropin=0	 dropout=0	read_count=0	 write_count=0	 read_bytes=0	 write_bytes=0	
Time=13:36:37	CPU0 Usage=35.3	CPU0time_system=4820.07	CPU0time_idle=70985.42	ram_available=1236049920	ram_percent=41.1	swap_used=12263424	swap_percent=0.6	bytes_sent=8524	 bytes_recv=102324	 packets_sent=58	 packets_recv=88	 errin=0	 errout=0	 dropin=0	 dropout=0	read_count=0	 write_count=0	 read_bytes=0	 write_bytes=0	
Time=13:36:39	CPU0 Usage=36.6	CPU0time_system=4820.1	CPU0time_idle=70986.65	ram_available=1235955712	ram_percent=41.1	swap_used=12263424	swap_percent=0.6	bytes_sent=4142	 bytes_recv=51429	 packets_sent=28	 packets_recv=43	 errin=0	 errout=0	 dropin=0	 dropout=0	read_count=0	 write_count=0	 read_bytes=0	 write_bytes=0	
Time=13:36:41	CPU0 Usage=37.3	CPU0time_system=4820.15	CPU0time_idle=70987.86	ram_available=1235668992	ram_percent=41.1	swap_used=12263424	swap_percent=0.6	bytes_sent=10510	 bytes_recv=133643	 packets_sent=71	 packets_recv=110	 errin=0	 errout=0	 dropin=0	 dropout=0	read_count=0	 write_count=0	 read_bytes=0	 write_bytes=0	
Time=13:36:43	CPU0 Usage=36.5	CPU0time_system=4820.22	CPU0time_idle=70989.08	ram_available=1235255296	ram_percent=41.1	swap_used=12263424	swap_percent=0.6	bytes_sent=11477	 bytes_recv=134641	 packets_sent=80	 packets_recv=114	 errin=0	 errout=0	 dropin=0	 dropout=0	read_count=0	 write_count=0	 read_bytes=0	 write_bytes=0	
Time=13:36:45	CPU0 Usage=39.2	CPU0time_system=4820.31	CPU0time_idle=70990.26	ram_available=1234554880	ram_percent=41.1	swap_used=12263424	swap_percent=0.6	bytes_sent=20372	 bytes_recv=252465	 packets_sent=138	 packets_recv=206	 errin=0	 errout=0	 dropin=0	 dropout=0	read_count=0	 write_count=0	 read_bytes=0	 write_bytes=0	
Time=13:36:47	CPU0 Usage=36.4	CPU0time_system=4820.35	CPU0time_idle=70991.5	ram_available=1234505728	ram_percent=41.1	swap_used=12263424	swap_percent=0.6	bytes_sent=4157	 bytes_recv=45929	 packets_sent=26	 packets_recv=41	 errin=0	 errout=0	 dropin=0	 dropout=0	read_count=0	 write_count=0	 read_bytes=0	 write_bytes=0	
Time=13:36:49	CPU0 Usage=39.2	CPU0time_system=4820.41	CPU0time_idle=70992.71	ram_available=1234173952	ram_percent=41.2	swap_used=12263424	swap_percent=0.6	bytes_sent=13234	 bytes_recv=157589	 packets_sent=91	 packets_recv=134	 errin=0	 errout=0	 dropin=0	 dropout=0	read_count=0	 write_count=0	 read_bytes=0	 write_bytes=0	
Time=13:36:51	CPU0 Usage=38.5	CPU0time_system=4820.48	CPU0time_idle=70993.91	ram_available=1233874944	ram_percent=41.2	swap_used=12263424	swap_percent=0.6	bytes_sent=17355	 bytes_recv=203241	 packets_sent=113	 packets_recv=171	 errin=0	 errout=0	 dropin=0	 dropout=0	read_count=0	 write_count=0	 read_bytes=0	 write_bytes=0	
Time=13:36:53	CPU0 Usage=36.9	CPU0time_system=4820.56	CPU0time_idle=70995.14	ram_available=1233444864	ram_percent=41.2	swap_used=12263424	swap_percent=0.6	bytes_sent=6329	 bytes_recv=75794	 packets_sent=42	 packets_recv=65	 errin=0	 errout=0	 dropin=0	 dropout=0	read_count=0	 write_count=0	 read_bytes=0	 write_bytes=0	
Time=13:36:55	CPU0 Usage=38.4	CPU0time_system=4820.63	CPU0time_idle=70996.36	ram_available=1233350656	ram_percent=41.2	swap_used=12263424	swap_percent=0.6	bytes_sent=6182	 bytes_recv=70382	 packets_sent=44	 packets_recv=64	 errin=0	 errout=0	 dropin=0	 dropout=0	read_count=0	 write_count=0	 read_bytes=0	 write_bytes=0	
Time=13:36:57	CPU0 Usage=36.2	CPU0time_system=4820.7	CPU0time_idle=70997.61	ram_available=1233383424	ram_percent=41.2	swap_used=12263424	swap_percent=0.6	bytes_sent=1709	 bytes_recv=19060	 packets_sent=11	 packets_recv=17	 errin=0	 errout=0	 dropin=0	 dropout=0	read_count=0	 write_count=0	 read_bytes=0	 write_bytes=0	
Time=13:36:59	CPU0 Usage=41.7	CPU0time_system=4820.8	CPU0time_idle=70998.73	ram_available=1241993216	ram_percent=40.8	swap_used=12263424	swap_percent=0.6	bytes_sent=37531	 bytes_recv=441449	 packets_sent=251	 packets_recv=369	 errin=0	 errout=0	 dropin=0	 dropout=0	read_count=0	 write_count=0	 read_bytes=0	 write_bytes=0	
Time=13:37:01	CPU0 Usage=38.7	CPU0time_system=4820.9	CPU0time_idle=70999.92	ram_available=1241960448	ram_percent=40.8	swap_used=12263424	swap_percent=0.6	bytes_sent=16498	 bytes_recv=214519	 packets_sent=116	 packets_recv=186	 errin=0	 errout=0	 dropin=0	 dropout=0	read_count=0	 write_count=0	 read_bytes=0	 write_bytes=0	
Time=13:37:03	CPU0 Usage=38.1	CPU0time_system=4820.98	CPU0time_idle=71001.14	ram_available=1241952256	ram_percent=40.8	swap_used=12263424	swap_percent=0.6	bytes_sent=11959	 bytes_recv=143283	 packets_sent=79	 packets_recv=121	 errin=0	 errout=0	 dropin=0	 dropout=0	read_count=0	 write_count=0	 read_bytes=0	 write_bytes=0	
Time=13:37:05	CPU0 Usage=37.3	CPU0time_system=4821.04	CPU0time_idle=71002.35	ram_available=1241919488	ram_percent=40.8	swap_used=12263424	swap_percent=0.6	bytes_sent=10070	 bytes_recv=118527	 packets_sent=66	 packets_recv=104	 errin=0	 errout=0	 dropin=0	 dropout=0	read_count=0	 write_count=0	 read_bytes=0	 write_bytes=0	
Time=13:37:07	CPU0 Usage=38.3	CPU0time_system=4821.14	CPU0time_idle=71003.56	ram_available=1241935872	ram_percent=40.8	swap_used=12263424	swap_percent=0.6	bytes_sent=13193	 bytes_recv=155943	 packets_sent=91	 packets_recv=138	 errin=0	 errout=0	 dropin=0	 dropout=0	read_count=0	 write_count=0	 read_bytes=0	 write_bytes=0	
Time=13:37:09	CPU0 Usage=37.8	CPU0time_system=4821.22	CPU0time_idle=71004.78	ram_available=1241923584	ram_percent=40.8	swap_used=12263424	swap_percent=0.6	bytes_sent=8760	 bytes_recv=99064	 packets_sent=59	 packets_recv=83	 errin=0	 errout=0	 dropin=0	 dropout=0	read_count=0	 write_count=0	 read_bytes=0	 write_bytes=0	
Time=13:37:11	CPU0 Usage=37.8	CPU0time_system=4821.29	CPU0time_idle=71006.0	ram_available=1241747456	ram_percent=40.8	swap_used=12263424	swap_percent=0.6	bytes_sent=10726	 bytes_recv=121361	 packets_sent=73	 packets_recv=104	 errin=0	 errout=0	 dropin=0	 dropout=0	read_count=0	 write_count=0	 read_bytes=0	 write_bytes=0	
Time=13:37:13	CPU0 Usage=36.4	CPU0time_system=4821.35	CPU0time_idle=71007.24	ram_available=1241636864	ram_percent=40.8	swap_used=12263424	swap_percent=0.6	bytes_sent=3493	 bytes_recv=42225	 packets_sent=22	 packets_recv=35	 errin=0	 errout=0	 dropin=0	 dropout=0	read_count=0	 write_count=0	 read_bytes=0	 write_bytes=0	
Time=13:37:15	CPU0 Usage=39.8	CPU0time_system=4821.43	CPU0time_idle=71008.42	ram_available=1240948736	ram_percent=40.8	swap_used=12263424	swap_percent=0.6	bytes_sent=35007	 bytes_recv=252366	 packets_sent=144	 packets_recv=211	 errin=0	 errout=0	 dropin=0	 dropout=0	read_count=0	 write_count=0	 read_bytes=0	 write_bytes=0	
Time=13:37:17	CPU0 Usage=40.9	CPU0time_system=4821.53	CPU0time_idle=71009.62	ram_available=1240809472	ram_percent=40.8	swap_used=12263424	swap_percent=0.6	bytes_sent=17524	 bytes_recv=214589	 packets_sent=118	 packets_recv=180	 errin=0	 errout=0	 dropin=0	 dropout=0	read_count=0	 write_count=0	 read_bytes=0	 write_bytes=0	
Time=13:37:19	CPU0 Usage=38.3	CPU0time_system=4821.6	CPU0time_idle=71010.83	ram_available=1240588288	ram_percent=40.9	swap_used=12263424	swap_percent=0.6	bytes_sent=12175	 bytes_recv=160453	 packets_sent=83	 packets_recv=133	 errin=0	 errout=0	 dropin=0	 dropout=0	read_count=0	 write_count=0	 read_bytes=0	 write_bytes=0	
Time=13:37:21	CPU0 Usage=40.1	CPU0time_system=4821.71	CPU0time_idle=71012.04	ram_available=1240317952	ram_percent=40.9	swap_used=12263424	swap_percent=0.6	bytes_sent=12226	 bytes_recv=146552	 packets_sent=84	 packets_recv=129	 errin=0	 errout=0	 dropin=0	 dropout=0	read_count=0	 write_count=0	 read_bytes=0	 write_bytes=0	
Time=13:37:23	CPU0 Usage=40.1	CPU0time_system=4821.77	CPU0time_idle=71013.25	ram_available=1240047616	ram_percent=40.9	swap_used=12263424	swap_percent=0.6	bytes_sent=12880	 bytes_recv=155582	 packets_sent=86	 packets_recv=129	 errin=0	 errout=0	 dropin=0	 dropout=0	read_count=0	 write_count=0	 read_bytes=0	 write_bytes=0	
Time=13:37:25	CPU0 Usage=39.3	CPU0time_system=4821.84	CPU0time_idle=71014.47	ram_available=1239691264	ram_percent=40.9	swap_used=12263424	swap_percent=0.6	bytes_sent=10334	 bytes_recv=126087	 packets_sent=71	 packets_recv=101	 errin=0	 errout=0	 dropin=0	 dropout=0	read_count=0	 write_count=0	 read_bytes=0	 write_bytes=0	
Time=13:37:27	CPU0 Usage=39.1	CPU0time_system=4821.92	CPU0time_idle=71015.67	ram_available=1239547904	ram_percent=40.9	swap_used=12263424	swap_percent=0.6	bytes_sent=17591	 bytes_recv=189937	 packets_sent=117	 packets_recv=168	 errin=0	 errout=0	 dropin=0	 dropout=0	read_count=0	 write_count=0	 read_bytes=0	 write_bytes=0	
Time=13:37:29	CPU0 Usage=39.9	CPU0time_system=4822.02	CPU0time_idle=71016.89	ram_available=1239470080	ram_percent=40.9	swap_used=12263424	swap_percent=0.6	bytes_sent=7908	 bytes_recv=98889	 packets_sent=55	 packets_recv=81	 errin=0	 errout=0	 dropin=0	 dropout=0	read_count=0	 write_count=0	 read_bytes=0	 write_bytes=0	
Time=13:37:31	CPU0 Usage=37.6	CPU0time_system=4822.08	CPU0time_idle=71018.1	ram_available=1239166976	ram_percent=40.9	swap_used=12263424	swap_percent=0.6	bytes_sent=12312	 bytes_recv=150462	 packets_sent=84	 packets_recv=128	 errin=0	 errout=0	 dropin=0	 dropout=0	read_count=0	 write_count=0	 read_bytes=0	 write_bytes=0	
Time=13:37:33	CPU0 Usage=40.3	CPU0time_system=4822.18	CPU0time_idle=71019.3	ram_available=1238921216	ram_percent=40.9	swap_used=12263424	swap_percent=0.6	bytes_sent=14545	 bytes_recv=178342	 packets_sent=100	 packets_recv=152	 errin=0	 errout=0	 dropin=0	 dropout=0	read_count=0	 write_count=0	 read_bytes=0	 write_bytes=0	
Time=13:37:35	CPU0 Usage=34.7	CPU0time_system=4822.24	CPU0time_idle=71020.54	ram_available=1238761472	ram_percent=40.9	swap_used=12263424	swap_percent=0.6	bytes_sent=3947	 bytes_recv=49515	 packets_sent=27	 packets_recv=40	 errin=0	 errout=0	 dropin=0	 dropout=0	read_count=0	 write_count=0	 read_bytes=0	 write_bytes=0	
Time=13:37:37	CPU0 Usage=39.2	CPU0time_system=4822.29	CPU0time_idle=71021.75	ram_available=1238347776	ram_percent=41.0	swap_used=12263424	swap_percent=0.6	bytes_sent=12664	 bytes_recv=150164	 packets_sent=85	 packets_recv=131	 errin=0	 errout=0	 dropin=0	 dropout=0	read_count=0	 write_count=0	 read_bytes=0	 write_bytes=0	
Time=13:37:39	CPU0 Usage=40.7	CPU0time_system=4822.38	CPU0time_idle=71022.93	ram_available=1238065152	ram_percent=41.0	swap_used=12263424	swap_percent=0.6	bytes_sent=24368	 bytes_recv=299850	 packets_sent=168	 packets_recv=248	 errin=0	 errout=0	 dropin=0	 dropout=0	read_count=0	 write_count=0	 read_bytes=0	 write_bytes=0	
Time=13:37:41	CPU0 Usage=38.7	CPU0time_system=4822.49	CPU0time_idle=71024.12	ram_available=1237782528	ram_percent=41.0	swap_used=12263424	swap_percent=0.6	bytes_sent=16415	 bytes_recv=194454	 packets_sent=108	 packets_recv=158	 errin=0	 errout=0	 dropin=0	 dropout=0	read_count=0	 write_count=0	 read_bytes=0	 write_bytes=0	
Time=13:37:43	CPU0 Usage=38.1	CPU0time_system=4822.58	CPU0time_idle=71025.32	ram_available=1237499904	ram_percent=41.0	swap_used=12263424	swap_percent=0.6	bytes_sent=19391	 bytes_recv=238544	 packets_sent=133	 packets_recv=201	 errin=0	 errout=0	 dropin=0	 dropout=0	read_count=0	 write_count=0	 read_bytes=0	 write_bytes=0	
Time=13:37:45	CPU0 Usage=35.1	CPU0time_system=4822.68	CPU0time_idle=71026.54	ram_available=1237168128	ram_percent=41.0	swap_used=12263424	swap_percent=0.6	bytes_sent=10807	 bytes_recv=131606	 packets_sent=76	 packets_recv=118	 errin=0	 errout=0	 dropin=0	 dropout=0	read_count=0	 write_count=0	 read_bytes=0	 write_bytes=0	
Time=13:37:47	CPU0 Usage=40.3	CPU0time_system=4822.78	CPU0time_idle=71027.74	ram_available=1236901888	ram_percent=41.0	swap_used=12263424	swap_percent=0.6	bytes_sent=14113	 bytes_recv=172743	 packets_sent=97	 packets_recv=149	 errin=0	 errout=0	 dropin=0	 dropout=0	read_count=0	 write_count=0	 read_bytes=0	 write_bytes=0	
Time=13:37:49	CPU0 Usage=40.1	CPU0time_system=4822.85	CPU0time_idle=71028.92	ram_available=1236508672	ram_percent=41.0	swap_used=12263424	swap_percent=0.6	bytes_sent=24770	 bytes_recv=306157	 packets_sent=168	 packets_recv=257	 errin=0	 errout=0	 dropin=0	 dropout=0	read_count=0	 write_count=0	 read_bytes=0	 write_bytes=0	
Time=13:37:51	CPU0 Usage=38.3	CPU0time_system=4822.96	CPU0time_idle=71030.13	ram_available=1236422656	ram_percent=41.1	swap_used=12263424	swap_percent=0.6	bytes_sent=11283	 bytes_recv=135894	 packets_sent=74	 packets_recv=110	 errin=0	 errout=0	 dropin=0	 dropout=0	read_count=0	 write_count=0	 read_bytes=0	 write_bytes=0	
Time=13:37:53	CPU0 Usage=35.9	CPU0time_system=4823.0	CPU0time_idle=71031.36	ram_available=1236262912	ram_percent=41.1	swap_used=12263424	swap_percent=0.6	bytes_sent=5559	 bytes_recv=67038	 packets_sent=38	 packets_recv=56	 errin=0	 errout=0	 dropin=0	 dropout=0	read_count=0	 write_count=0	 read_bytes=0	 write_bytes=0	
Time=13:37:55	CPU0 Usage=39.2	CPU0time_system=4823.1	CPU0time_idle=71032.57	ram_available=1236041728	ram_percent=41.1	swap_used=12263424	swap_percent=0.6	bytes_sent=12706	 bytes_recv=161058	 packets_sent=87	 packets_recv=134	 errin=0	 errout=0	 dropin=0	 dropout=0	read_count=0	 write_count=0	 read_bytes=0	 write_bytes=0	
Time=13:37:57	CPU0 Usage=39.3	CPU0time_system=4823.2	CPU0time_idle=71033.76	ram_available=1235513344	ram_percent=41.1	swap_used=12263424	swap_percent=0.6	bytes_sent=19385	 bytes_recv=221258	 packets_sent=136	 packets_recv=203	 errin=0	 errout=0	 dropin=0	 dropout=0	read_count=0	 write_count=0	 read_bytes=0	 write_bytes=0	
Time=13:37:59	CPU0 Usage=38.3	CPU0time_system=4823.3	CPU0time_idle=71035.0	ram_available=1235369984	ram_percent=41.1	swap_used=12263424	swap_percent=0.6	bytes_sent=3349	 bytes_recv=39560	 packets_sent=23	 packets_recv=32	 errin=0	 errout=0	 dropin=0	 dropout=0	read_count=0	 write_count=0	 read_bytes=0	 write_bytes=0	
Time=13:38:01	CPU0 Usage=35.9	CPU0time_system=4823.38	CPU0time_idle=71036.23	ram_available=1235337216	ram_percent=41.1	swap_used=12263424	swap_percent=0.6	bytes_sent=4271	 bytes_recv=53309	 packets_sent=29	 packets_recv=46	 errin=0	 errout=0	 dropin=0	 dropout=0	read_count=0	 write_count=0	 read_bytes=0	 write_bytes=0	
Time=13:38:03	CPU0 Usage=37.8	CPU0time_system=4823.47	CPU0time_idle=71037.45	ram_available=1235148800	ram_percent=41.1	swap_used=12263424	swap_percent=0.6	bytes_sent=9879	 bytes_recv=116230	 packets_sent=64	 packets_recv=101	 errin=0	 errout=0	 dropin=0	 dropout=0	read_count=0	 write_count=0	 read_bytes=0	 write_bytes=0	
Time=13:38:05	CPU0 Usage=37.9	CPU0time_system=4823.55	CPU0time_idle=71038.66	ram_available=1235087360	ram_percent=41.1	swap_used=12263424	swap_percent=0.6	bytes_sent=24414	 bytes_recv=138104	 packets_sent=82	 packets_recv=119	 errin=0	 errout=0	 dropin=0	 dropout=0	read_count=0	 write_count=0	 read_bytes=0	 write_bytes=0	
Time=13:38:07	CPU0 Usage=37.2	CPU0time_system=4823.62	CPU0time_idle=71039.89	ram_available=1234944000	ram_percent=41.1	swap_used=12263424	swap_percent=0.6	bytes_sent=7286	 bytes_recv=75887	 packets_sent=47	 packets_recv=67	 errin=0	 errout=0	 dropin=0	 dropout=0	read_count=0	 write_count=0	 read_bytes=0	 write_bytes=0	
Time=13:38:09	CPU0 Usage=39.9	CPU0time_system=4823.73	CPU0time_idle=71041.11	ram_available=1234784256	ram_percent=41.1	swap_used=12263424	swap_percent=0.6	bytes_sent=10616	 bytes_recv=126176	 packets_sent=74	 packets_recv=111	 errin=0	 errout=0	 dropin=0	 dropout=0	read_count=0	 write_count=0	 read_bytes=0	 write_bytes=0	
Time=13:38:11	CPU0 Usage=39.5	CPU0time_system=4823.85	CPU0time_idle=71042.32	ram_available=1234722816	ram_percent=41.1	swap_used=12263424	swap_percent=0.6	bytes_sent=11712	 bytes_recv=143331	 packets_sent=81	 packets_recv=116	 errin=0	 errout=0	 dropin=0	 dropout=0	read_count=0	 write_count=0	 read_bytes=0	 write_bytes=0	
Time=13:38:13	CPU0 Usage=38.3	CPU0time_system=4823.95	CPU0time_idle=71043.56	ram_available=1234612224	ram_percent=41.1	swap_used=12263424	swap_percent=0.6	bytes_sent=4758	 bytes_recv=55597	 packets_sent=33	 packets_recv=48	 errin=0	 errout=0	 dropin=0	 dropout=0	read_count=0	 write_count=0	 read_bytes=0	 write_bytes=0	
Time=13:38:15	CPU0 Usage=37.8	CPU0time_system=4824.06	CPU0time_idle=71044.76	ram_available=1234325504	ram_percent=41.2	swap_used=12263424	swap_percent=0.6	bytes_sent=16691	 bytes_recv=196477	 packets_sent=114	 packets_recv=172	 errin=0	 errout=0	 dropin=0	 dropout=0	read_count=0	 write_count=0	 read_bytes=0	 write_bytes=0	
Time=13:38:17	CPU0 Usage=40.3	CPU0time_system=4824.17	CPU0time_idle=71045.93	ram_available=1233674240	ram_percent=41.2	swap_used=12263424	swap_percent=0.6	bytes_sent=25201	 bytes_recv=306688	 packets_sent=172	 packets_recv=263	 errin=0	 errout=0	 dropin=0	 dropout=0	read_count=0	 write_count=0	 read_bytes=0	 write_bytes=0	
Time=13:38:19	CPU0 Usage=37.9	CPU0time_system=4824.26	CPU0time_idle=71047.16	ram_available=1233674240	ram_percent=41.2	swap_used=12263424	swap_percent=0.6	bytes_sent=6354	 bytes_recv=78357	 packets_sent=43	 packets_recv=66	 errin=0	 errout=0	 dropin=0	 dropout=0	read_count=0	 write_count=0	 read_bytes=0	 write_bytes=0	
Time=13:38:21	CPU0 Usage=39.5	CPU0time_system=4824.36	CPU0time_idle=71048.37	ram_available=1233293312	ram_percent=41.2	swap_used=12263424	swap_percent=0.6	bytes_sent=13443	 bytes_recv=168384	 packets_sent=90	 packets_recv=143	 errin=0	 errout=0	 dropin=0	 dropout=0	read_count=0	 write_count=0	 read_bytes=0	 write_bytes=0	
Time=13:38:23	CPU0 Usage=39.3	CPU0time_system=4824.46	CPU0time_idle=71049.56	ram_available=1232928768	ram_percent=41.2	swap_used=12263424	swap_percent=0.6	bytes_sent=18514	 bytes_recv=225109	 packets_sent=126	 packets_recv=187	 errin=0	 errout=0	 dropin=0	 dropout=0	read_count=0	 write_count=0	 read_bytes=0	 write_bytes=0	
Time=13:38:25	CPU0 Usage=36.3	CPU0time_system=4824.56	CPU0time_idle=71050.79	ram_available=1232801792	ram_percent=41.2	swap_used=12263424	swap_percent=0.6	bytes_sent=5344	 bytes_recv=64162	 packets_sent=39	 packets_recv=57	 errin=0	 errout=0	 dropin=0	 dropout=0	read_count=0	 write_count=0	 read_bytes=0	 write_bytes=0	
Time=13:38:27	CPU0 Usage=42.9	CPU0time_system=4824.71	CPU0time_idle=71051.95	ram_available=1232404480	ram_percent=41.2	swap_used=12263424	swap_percent=0.6	bytes_sent=26061	 bytes_recv=333769	 packets_sent=175	 packets_recv=275	 errin=0	 errout=0	 dropin=0	 dropout=0	read_count=0	 write_count=0	 read_bytes=0	 write_bytes=0	
Time=13:38:29	CPU0 Usage=37.8	CPU0time_system=4824.81	CPU0time_idle=71053.17	ram_available=1232068608	ram_percent=41.3	swap_used=12263424	swap_percent=0.6	bytes_sent=10133	 bytes_recv=117046	 packets_sent=67	 packets_recv=104	 errin=0	 errout=0	 dropin=0	 dropout=0	read_count=0	 write_count=0	 read_bytes=0	 write_bytes=0	
Time=13:38:31	CPU0 Usage=37.8	CPU0time_system=4824.93	CPU0time_idle=71054.39	ram_available=1232044032	ram_percent=41.3	swap_used=12263424	swap_percent=0.6	bytes_sent=11227	 bytes_recv=135588	 packets_sent=76	 packets_recv=106	 errin=0	 errout=0	 dropin=0	 dropout=0	read_count=0	 write_count=0	 read_bytes=0	 write_bytes=0	
Time=13:38:33	CPU0 Usage=35.4	CPU0time_system=4825.0	CPU0time_idle=71055.61	ram_available=1231851520	ram_percent=41.3	swap_used=12263424	swap_percent=0.6	bytes_sent=8175	 bytes_recv=100340	 packets_sent=59	 packets_recv=89	 errin=0	 errout=0	 dropin=0	 dropout=0	read_count=0	 write_count=0	 read_bytes=0	 write_bytes=0	
Time=13:38:35	CPU0 Usage=37.0	CPU0time_system=4825.08	CPU0time_idle=71056.82	ram_available=1231691776	ram_percent=41.3	swap_used=12263424	swap_percent=0.6	bytes_sent=12455	 bytes_recv=147941	 packets_sent=82	 packets_recv=124	 errin=0	 errout=0	 dropin=0	 dropout=0	read_count=0	 write_count=0	 read_bytes=0	 write_bytes=0	
Time=13:38:37	CPU0 Usage=41.4	CPU0time_system=4825.2	CPU0time_idle=71058.01	ram_available=1231200256	ram_percent=41.3	swap_used=12263424	swap_percent=0.6	bytes_sent=18774	 bytes_recv=242980	 packets_sent=130	 packets_recv=200	 errin=0	 errout=0	 dropin=0	 dropout=0	read_count=0	 write_count=0	 read_bytes=0	 write_bytes=0	
Time=13:38:39	CPU0 Usage=40.0	CPU0time_system=4825.34	CPU0time_idle=71059.21	ram_available=1230753792	ram_percent=41.3	swap_used=12263424	swap_percent=0.6	bytes_sent=17372	 bytes_recv=206070	 packets_sent=120	 packets_recv=187	 errin=0	 errout=0	 dropin=0	 dropout=0	read_count=0	 write_count=0	 read_bytes=0	 write_bytes=0	
Time=13:38:41	CPU0 Usage=38.0	CPU0time_system=4825.44	CPU0time_idle=71060.4	ram_available=1230295040	ram_percent=41.3	swap_used=12263424	swap_percent=0.6	bytes_sent=14766	 bytes_recv=190810	 packets_sent=100	 packets_recv=154	 errin=0	 errout=0	 dropin=0	 dropout=0	read_count=0	 write_count=0	 read_bytes=0	 write_bytes=0	
Time=13:38:43	CPU0 Usage=38.8	CPU0time_system=4825.52	CPU0time_idle=71061.63	ram_available=1229991936	ram_percent=41.4	swap_used=12263424	swap_percent=0.6	bytes_sent=7717	 bytes_recv=94258	 packets_sent=54	 packets_recv=80	 errin=0	 errout=0	 dropin=0	 dropout=0	read_count=0	 write_count=0	 read_bytes=0	 write_bytes=0	
Time=13:38:45	CPU0 Usage=35.3	CPU0time_system=4825.58	CPU0time_idle=71062.84	ram_available=1229930496	ram_percent=41.4	swap_used=12263424	swap_percent=0.6	bytes_sent=9686	 bytes_recv=117664	 packets_sent=66	 packets_recv=95	 errin=0	 errout=0	 dropin=0	 dropout=0	read_count=0	 write_count=0	 read_bytes=0	 write_bytes=0	
Time=13:38:47	CPU0 Usage=36.2	CPU0time_system=4825.69	CPU0time_idle=71064.09	ram_available=1229803520	ram_percent=41.4	swap_used=12263424	swap_percent=0.6	bytes_sent=2508	 bytes_recv=19458	 packets_sent=15	 packets_recv=18	 errin=0	 errout=0	 dropin=0	 dropout=0	read_count=0	 write_count=0	 read_bytes=0	 write_bytes=0	
Time=13:38:49	CPU0 Usage=41.9	CPU0time_system=4825.86	CPU0time_idle=71065.27	ram_available=1229283328	ram_percent=41.4	swap_used=12263424	swap_percent=0.6	bytes_sent=20347	 bytes_recv=256878	 packets_sent=138	 packets_recv=203	 errin=0	 errout=0	 dropin=0	 dropout=0	read_count=0	 write_count=0	 read_bytes=0	 write_bytes=0	
Time=13:38:51	CPU0 Usage=39.4	CPU0time_system=4825.98	CPU0time_idle=71066.47	ram_available=1228947456	ram_percent=41.4	swap_used=12263424	swap_percent=0.6	bytes_sent=14329	 bytes_recv=180129	 packets_sent=98	 packets_recv=156	 errin=0	 errout=0	 dropin=0	 dropout=0	read_count=0	 write_count=0	 read_bytes=0	 write_bytes=0	
Time=13:38:53	CPU0 Usage=41.2	CPU0time_system=4826.13	CPU0time_idle=71067.64	ram_available=1228128256	ram_percent=41.4	swap_used=12263424	swap_percent=0.6	bytes_sent=23033	 bytes_recv=286804	 packets_sent=158	 packets_recv=237	 errin=0	 errout=0	 dropin=0	 dropout=0	read_count=0	 write_count=0	 read_bytes=0	 write_bytes=0	
Time=13:38:55	CPU0 Usage=38.6	CPU0time_system=4826.22	CPU0time_idle=71068.88	ram_available=1228034048	ram_percent=41.5	swap_used=12263424	swap_percent=0.6	bytes_sent=4735	 bytes_recv=54404	 packets_sent=34	 packets_recv=50	 errin=0	 errout=0	 dropin=0	 dropout=0	read_count=0	 write_count=0	 read_bytes=0	 write_bytes=0	
Time=13:38:57	CPU0 Usage=37.4	CPU0time_system=4826.3	CPU0time_idle=71070.1	ram_available=1227825152	ram_percent=41.5	swap_used=12263424	swap_percent=0.6	bytes_sent=23362	 bytes_recv=102312	 packets_sent=68	 packets_recv=93	 errin=0	 errout=0	 dropin=0	 dropout=0	read_count=0	 write_count=0	 read_bytes=0	 write_bytes=0	
Time=13:38:59	CPU0 Usage=36.6	CPU0time_system=4826.38	CPU0time_idle=71071.33	ram_available=1227620352	ram_percent=41.5	swap_used=12263424	swap_percent=0.6	bytes_sent=4064	 bytes_recv=51034	 packets_sent=28	 packets_recv=41	 errin=0	 errout=0	 dropin=0	 dropout=0	read_count=0	 write_count=0	 read_bytes=0	 write_bytes=0	
Time=13:39:01	CPU0 Usage=41.4	CPU0time_system=4826.53	CPU0time_idle=71072.49	ram_available=1240195072	ram_percent=40.9	swap_used=12263424	swap_percent=0.6	bytes_sent=25429	 bytes_recv=305950	 packets_sent=172	 packets_recv=259	 errin=0	 errout=0	 dropin=0	 dropout=0	read_count=0	 write_count=0	 read_bytes=0	 write_bytes=0	
Time=13:39:03	CPU0 Usage=40.8	CPU0time_system=4826.69	CPU0time_idle=71073.68	ram_available=1240211456	ram_percent=40.9	swap_used=12263424	swap_percent=0.6	bytes_sent=16997	 bytes_recv=220128	 packets_sent=118	 packets_recv=183	 errin=0	 errout=0	 dropin=0	 dropout=0	read_count=0	 write_count=0	 read_bytes=0	 write_bytes=0	
Time=13:39:05	CPU0 Usage=37.7	CPU0time_system=4826.78	CPU0time_idle=71074.92	ram_available=1240162304	ram_percent=40.9	swap_used=12263424	swap_percent=0.6	bytes_sent=3197	 bytes_recv=32775	 packets_sent=23	 packets_recv=34	 errin=0	 errout=0	 dropin=0	 dropout=0	read_count=0	 write_count=0	 read_bytes=0	 write_bytes=0	
Time=13:39:07	CPU0 Usage=38.1	CPU0time_system=4826.88	CPU0time_idle=71076.12	ram_available=1239986176	ram_percent=40.9	swap_used=12263424	swap_percent=0.6	bytes_sent=19517	 bytes_recv=238012	 packets_sent=134	 packets_recv=200	 errin=0	 errout=0	 dropin=0	 dropout=0	read_count=0	 write_count=0	 read_bytes=0	 write_bytes=0	
Time=13:39:09	CPU0 Usage=37.8	CPU0time_system=4827.01	CPU0time_idle=71077.32	ram_available=1239904256	ram_percent=40.9	swap_used=12263424	swap_percent=0.6	bytes_sent=15854	 bytes_recv=190986	 packets_sent=106	 packets_recv=159	 errin=0	 errout=0	 dropin=0	 dropout=0	read_count=0	 write_count=0	 read_bytes=0	 write_bytes=0	
Time=13:39:11	CPU0 Usage=35.9	CPU0time_system=4827.13	CPU0time_idle=71078.55	ram_available=1239793664	ram_percent=40.9	swap_used=12263424	swap_percent=0.6	bytes_sent=5148	 bytes_recv=61804	 packets_sent=32	 packets_recv=53	 errin=0	 errout=0	 dropin=0	 dropout=0	read_count=0	 write_count=0	 read_bytes=0	 write_bytes=0	
Time=13:39:13	CPU0 Usage=39.3	CPU0time_system=4827.24	CPU0time_idle=71079.77	ram_available=1239351296	ram_percent=40.9	swap_used=12263424	swap_percent=0.6	bytes_sent=10495	 bytes_recv=131033	 packets_sent=72	 packets_recv=112	 errin=0	 errout=0	 dropin=0	 dropout=0	read_count=0	 write_count=0	 read_bytes=0	 write_bytes=0	
Time=13:39:15	CPU0 Usage=38.6	CPU0time_system=4827.35	CPU0time_idle=71081.01	ram_available=1239302144	ram_percent=40.9	swap_used=12263424	swap_percent=0.6	bytes_sent=2817	 bytes_recv=32361	 packets_sent=17	 packets_recv=28	 errin=0	 errout=0	 dropin=0	 dropout=0	read_count=0	 write_count=0	 read_bytes=0	 write_bytes=0	
Time=13:39:17	CPU0 Usage=41.8	CPU0time_system=4827.49	CPU0time_idle=71082.18	ram_available=1238806528	ram_percent=40.9	swap_used=12263424	swap_percent=0.6	bytes_sent=25930	 bytes_recv=311445	 packets_sent=176	 packets_recv=262	 errin=0	 errout=0	 dropin=0	 dropout=0	read_count=0	 write_count=0	 read_bytes=0	 write_bytes=0	
Time=13:39:19	CPU0 Usage=36.9	CPU0time_system=4827.63	CPU0time_idle=71083.41	ram_available=1238839296	ram_percent=40.9	swap_used=12263424	swap_percent=0.6	bytes_sent=5935	 bytes_recv=70012	 packets_sent=41	 packets_recv=60	 errin=0	 errout=0	 dropin=0	 dropout=0	read_count=0	 write_count=0	 read_bytes=0	 write_bytes=0	
Time=13:39:21	CPU0 Usage=38.4	CPU0time_system=4827.75	CPU0time_idle=71084.58	ram_available=1238237184	ram_percent=41.0	swap_used=12263424	swap_percent=0.6	bytes_sent=25501	 bytes_recv=306811	 packets_sent=168	 packets_recv=255	 errin=0	 errout=0	 dropin=0	 dropout=0	read_count=0	 write_count=0	 read_bytes=0	 write_bytes=0	
Time=13:39:23	CPU0 Usage=37.9	CPU0time_system=4827.88	CPU0time_idle=71085.81	ram_available=1238204416	ram_percent=41.0	swap_used=12263424	swap_percent=0.6	bytes_sent=6380	 bytes_recv=73020	 packets_sent=41	 packets_recv=62	 errin=0	 errout=0	 dropin=0	 dropout=0	read_count=0	 write_count=0	 read_bytes=0	 write_bytes=0	
Time=13:39:25	CPU0 Usage=40.8	CPU0time_system=4828.0	CPU0time_idle=71087.0	ram_available=1237901312	ram_percent=41.0	swap_used=12263424	swap_percent=0.6	bytes_sent=19633	 bytes_recv=231076	 packets_sent=134	 packets_recv=194	 errin=0	 errout=0	 dropin=0	 dropout=0	read_count=0	 write_count=0	 read_bytes=0	 write_bytes=0	
Time=13:39:27	CPU0 Usage=39.0	CPU0time_system=4828.11	CPU0time_idle=71088.22	ram_available=1237823488	ram_percent=41.0	swap_used=12263424	swap_percent=0.6	bytes_sent=9662	 bytes_recv=109613	 packets_sent=64	 packets_recv=87	 errin=0	 errout=0	 dropin=0	 dropout=0	read_count=0	 write_count=0	 read_bytes=0	 write_bytes=0	
Time=13:39:29	CPU0 Usage=36.7	CPU0time_system=4828.21	CPU0time_idle=71089.46	ram_available=1237696512	ram_percent=41.0	swap_used=12263424	swap_percent=0.6	bytes_sent=4684	 bytes_recv=60360	 packets_sent=33	 packets_recv=52	 errin=0	 errout=0	 dropin=0	 dropout=0	read_count=0	 write_count=0	 read_bytes=0	 write_bytes=0	
Time=13:39:31	CPU0 Usage=38.7	CPU0time_system=4828.38	CPU0time_idle=71090.68	ram_available=1237442560	ram_percent=41.0	swap_used=12263424	swap_percent=0.6	bytes_sent=12155	 bytes_recv=144835	 packets_sent=85	 packets_recv=126	 errin=0	 errout=0	 dropin=0	 dropout=0	read_count=0	 write_count=0	 read_bytes=0	 write_bytes=0	
Time=13:39:33	CPU0 Usage=37.9	CPU0time_system=4828.51	CPU0time_idle=71091.89	ram_available=1237282816	ram_percent=41.0	swap_used=12263424	swap_percent=0.6	bytes_sent=10249	 bytes_recv=118204	 packets_sent=69	 packets_recv=99	 errin=0	 errout=0	 dropin=0	 dropout=0	read_count=0	 write_count=0	 read_bytes=0	 write_bytes=0	
Time=13:39:35	CPU0 Usage=40.3	CPU0time_system=4828.69	CPU0time_idle=71093.09	ram_available=1236967424	ram_percent=41.0	swap_used=12263424	swap_percent=0.6	bytes_sent=16037	 bytes_recv=197554	 packets_sent=106	 packets_recv=161	 errin=0	 errout=0	 dropin=0	 dropout=0	read_count=0	 write_count=0	 read_bytes=0	 write_bytes=0	
Time=13:39:37	CPU0 Usage=41.1	CPU0time_system=4828.86	CPU0time_idle=71094.28	ram_available=1236779008	ram_percent=41.0	swap_used=12263424	swap_percent=0.6	bytes_sent=18680	 bytes_recv=224873	 packets_sent=130	 packets_recv=197	 errin=0	 errout=0	 dropin=0	 dropout=0	read_count=0	 write_count=0	 read_bytes=0	 write_bytes=0	
Time=13:39:39	CPU0 Usage=41.1	CPU0time_system=4829.03	CPU0time_idle=71095.5	ram_available=1236652032	ram_percent=41.0	swap_used=12263424	swap_percent=0.6	bytes_sent=11366	 bytes_recv=136291	 packets_sent=76	 packets_recv=113	 errin=0	 errout=0	 dropin=0	 dropout=0	read_count=0	 write_count=0	 read_bytes=0	 write_bytes=0	
Time=13:39:41	CPU0 Usage=40.0	CPU0time_system=4829.14	CPU0time_idle=71096.67	ram_available=1236303872	ram_percent=41.1	swap_used=12263424	swap_percent=0.6	bytes_sent=23057	 bytes_recv=269296	 packets_sent=156	 packets_recv=228	 errin=0	 errout=0	 dropin=0	 dropout=0	read_count=0	 write_count=0	 read_bytes=0	 write_bytes=0	
Time=13:39:43	CPU0 Usage=38.7	CPU0time_system=4829.25	CPU0time_idle=71097.89	ram_available=1236017152	ram_percent=41.1	swap_used=12263424	swap_percent=0.6	bytes_sent=10670	 bytes_recv=136400	 packets_sent=72	 packets_recv=117	 errin=0	 errout=0	 dropin=0	 dropout=0	read_count=0	 write_count=0	 read_bytes=0	 write_bytes=0	
Time=13:39:45	CPU0 Usage=38.2	CPU0time_system=4829.37	CPU0time_idle=71099.12	ram_available=1235857408	ram_percent=41.1	swap_used=12263424	swap_percent=0.6	bytes_sent=5588	 bytes_recv=71813	 packets_sent=37	 packets_recv=57	 errin=0	 errout=0	 dropin=0	 dropout=0	read_count=0	 write_count=0	 read_bytes=0	 write_bytes=0	
Time=13:39:47	CPU0 Usage=39.5	CPU0time_system=4829.52	CPU0time_idle=71100.33	ram_available=1235714048	ram_percent=41.1	swap_used=12263424	swap_percent=0.6	bytes_sent=27092	 bytes_recv=147825	 packets_sent=94	 packets_recv=131	 errin=0	 errout=0	 dropin=0	 dropout=0	read_count=0	 write_count=0	 read_bytes=0	 write_bytes=0	
Time=13:39:49	CPU0 Usage=37.7	CPU0time_system=4829.62	CPU0time_idle=71101.52	ram_available=1235152896	ram_percent=41.1	swap_used=12263424	swap_percent=0.6	bytes_sent=21053	 bytes_recv=250768	 packets_sent=140	 packets_recv=206	 errin=0	 errout=0	 dropin=0	 dropout=0	read_count=0	 write_count=0	 read_bytes=0	 write_bytes=0	
Time=13:39:51	CPU0 Usage=35.6	CPU0time_system=4829.69	CPU0time_idle=71102.75	ram_available=1235103744	ram_percent=41.1	swap_used=12263424	swap_percent=0.6	bytes_sent=4770	 bytes_recv=58054	 packets_sent=35	 packets_recv=51	 errin=0	 errout=0	 dropin=0	 dropout=0	read_count=0	 write_count=0	 read_bytes=0	 write_bytes=0	
Time=13:39:53	CPU0 Usage=36.9	CPU0time_system=4829.8	CPU0time_idle=71103.98	ram_available=1234976768	ram_percent=41.1	swap_used=12263424	swap_percent=0.6	bytes_sent=6333	 bytes_recv=65970	 packets_sent=40	 packets_recv=61	 errin=0	 errout=0	 dropin=0	 dropout=0	read_count=0	 write_count=0	 read_bytes=0	 write_bytes=0	
Time=13:39:55	CPU0 Usage=35.8	CPU0time_system=4829.88	CPU0time_idle=71105.2	ram_available=1234833408	ram_percent=41.1	swap_used=12263424	swap_percent=0.6	bytes_sent=7400	 bytes_recv=85118	 packets_sent=48	 packets_recv=73	 errin=0	 errout=0	 dropin=0	 dropout=0	read_count=0	 write_count=0	 read_bytes=0	 write_bytes=0	
Time=13:39:57	CPU0 Usage=38.6	CPU0time_system=4830.03	CPU0time_idle=71106.41	ram_available=1234710528	ram_percent=41.1	swap_used=12263424	swap_percent=0.6	bytes_sent=15254	 bytes_recv=184268	 packets_sent=102	 packets_recv=155	 errin=0	 errout=0	 dropin=0	 dropout=0	read_count=0	 write_count=0	 read_bytes=0	 write_bytes=0	
Time=13:39:59	CPU0 Usage=35.4	CPU0time_system=4830.12	CPU0time_idle=71107.65	ram_available=1234710528	ram_percent=41.1	swap_used=12263424	swap_percent=0.6	bytes_sent=66	 bytes_recv=66	 packets_sent=1	 packets_recv=1	 errin=0	 errout=0	 dropin=0	 dropout=0	read_count=0	 write_count=0	 read_bytes=0	 write_bytes=0	
Time=13:40:01	CPU0 Usage=39.1	CPU0time_system=4830.24	CPU0time_idle=71108.85	ram_available=1234423808	ram_percent=41.1	swap_used=12263424	swap_percent=0.6	bytes_sent=15239	 bytes_recv=176796	 packets_sent=105	 packets_recv=152	 errin=0	 errout=0	 dropin=0	 dropout=0	read_count=0	 write_count=0	 read_bytes=0	 write_bytes=0	
Time=13:40:03	CPU0 Usage=38.6	CPU0time_system=4830.38	CPU0time_idle=71110.06	ram_available=1234235392	ram_percent=41.2	swap_used=12263424	swap_percent=0.6	bytes_sent=11644	 bytes_recv=143777	 packets_sent=79	 packets_recv=122	 errin=0	 errout=0	 dropin=0	 dropout=0	read_count=0	 write_count=0	 read_bytes=0	 write_bytes=0	
Time=13:40:05	CPU0 Usage=38.5	CPU0time_system=4830.5	CPU0time_idle=71111.26	ram_available=1233612800	ram_percent=41.2	swap_used=12263424	swap_percent=0.6	bytes_sent=15835	 bytes_recv=203991	 packets_sent=109	 packets_recv=168	 errin=0	 errout=0	 dropin=0	 dropout=0	read_count=0	 write_count=0	 read_bytes=0	 write_bytes=0	
Time=13:40:07	CPU0 Usage=37.6	CPU0time_system=4830.65	CPU0time_idle=71112.47	ram_available=1233534976	ram_percent=41.2	swap_used=12263424	swap_percent=0.6	bytes_sent=11677	 bytes_recv=142367	 packets_sent=78	 packets_recv=119	 errin=0	 errout=0	 dropin=0	 dropout=0	read_count=0	 write_count=0	 read_bytes=0	 write_bytes=0	
Time=13:40:09	CPU0 Usage=37.1	CPU0time_system=4830.76	CPU0time_idle=71113.69	ram_available=1233584128	ram_percent=41.2	swap_used=12263424	swap_percent=0.6	bytes_sent=9320	 bytes_recv=110627	 packets_sent=61	 packets_recv=91	 errin=0	 errout=0	 dropin=0	 dropout=0	read_count=0	 write_count=0	 read_bytes=0	 write_bytes=0	
Time=13:40:11	CPU0 Usage=38.0	CPU0time_system=4830.86	CPU0time_idle=71114.88	ram_available=1233219584	ram_percent=41.2	swap_used=12263424	swap_percent=0.6	bytes_sent=17731	 bytes_recv=221885	 packets_sent=122	 packets_recv=182	 errin=0	 errout=0	 dropin=0	 dropout=0	read_count=0	 write_count=0	 read_bytes=0	 write_bytes=0	
Time=13:40:13	CPU0 Usage=38.8	CPU0time_system=4830.96	CPU0time_idle=71116.08	ram_available=1232965632	ram_percent=41.2	swap_used=12263424	swap_percent=0.6	bytes_sent=16241	 bytes_recv=189143	 packets_sent=112	 packets_recv=166	 errin=0	 errout=0	 dropin=0	 dropout=0	read_count=0	 write_count=0	 read_bytes=0	 write_bytes=0	
Time=13:40:15	CPU0 Usage=39.7	CPU0time_system=4831.1	CPU0time_idle=71117.28	ram_available=1232744448	ram_percent=41.2	swap_used=12263424	swap_percent=0.6	bytes_sent=17511	 bytes_recv=207229	 packets_sent=118	 packets_recv=170	 errin=0	 errout=0	 dropin=0	 dropout=0	read_count=0	 write_count=0	 read_bytes=0	 write_bytes=0	
Time=13:40:17	CPU0 Usage=36.0	CPU0time_system=4831.21	CPU0time_idle=71118.49	ram_available=1232334848	ram_percent=41.2	swap_used=12263424	swap_percent=0.6	bytes_sent=13781	 bytes_recv=168967	 packets_sent=91	 packets_recv=141	 errin=0	 errout=0	 dropin=0	 dropout=0	read_count=0	 write_count=0	 read_bytes=0	 write_bytes=0	
Time=13:40:19	CPU0 Usage=38.4	CPU0time_system=4831.31	CPU0time_idle=71119.71	ram_available=1232289792	ram_percent=41.2	swap_used=12263424	swap_percent=0.6	bytes_sent=8298	 bytes_recv=97725	 packets_sent=58	 packets_recv=82	 errin=0	 errout=0	 dropin=0	 dropout=0	read_count=0	 write_count=0	 read_bytes=0	 write_bytes=0	
Time=13:40:21	CPU0 Usage=40.3	CPU0time_system=4831.46	CPU0time_idle=71120.91	ram_available=1232166912	ram_percent=41.3	swap_used=12263424	swap_percent=0.6	bytes_sent=14832	 bytes_recv=176082	 packets_sent=99	 packets_recv=153	 errin=0	 errout=0	 dropin=0	 dropout=0	read_count=0	 write_count=0	 read_bytes=0	 write_bytes=0	
Time=13:40:23	CPU0 Usage=42.4	CPU0time_system=4831.64	CPU0time_idle=71122.09	ram_available=1231577088	ram_percent=41.3	swap_used=12263424	swap_percent=0.6	bytes_sent=21633	 bytes_recv=259540	 packets_sent=148	 packets_recv=222	 errin=0	 errout=0	 dropin=0	 dropout=0	read_count=0	 write_count=0	 read_bytes=0	 write_bytes=0	
Time=13:40:25	CPU0 Usage=37.2	CPU0time_system=4831.77	CPU0time_idle=71123.32	ram_available=1231499264	ram_percent=41.3	swap_used=12263424	swap_percent=0.6	bytes_sent=9109	 bytes_recv=106961	 packets_sent=62	 packets_recv=91	 errin=0	 errout=0	 dropin=0	 dropout=0	read_count=0	 write_count=0	 read_bytes=0	 write_bytes=0	
Time=13:40:27	CPU0 Usage=38.6	CPU0time_system=4831.9	CPU0time_idle=71124.56	ram_available=1231499264	ram_percent=41.3	swap_used=12263424	swap_percent=0.6	bytes_sent=238	 bytes_recv=66	 packets_sent=1	 packets_recv=1	 errin=0	 errout=0	 dropin=0	 dropout=0	read_count=0	 write_count=0	 read_bytes=0	 write_bytes=0	
Time=13:40:29	CPU0 Usage=40.1	CPU0time_system=4832.1	CPU0time_idle=71125.77	ram_available=1231097856	ram_percent=41.3	swap_used=12263424	swap_percent=0.6	bytes_sent=12083	 bytes_recv=147038	 packets_sent=79	 packets_recv=125	 errin=0	 errout=0	 dropin=0	 dropout=0	read_count=0	 write_count=0	 read_bytes=0	 write_bytes=0	
Time=13:40:31	CPU0 Usage=43.8	CPU0time_system=4832.34	CPU0time_idle=71126.94	ram_available=1230852096	ram_percent=41.3	swap_used=12263424	swap_percent=0.6	bytes_sent=26028	 bytes_recv=305650	 packets_sent=174	 packets_recv=251	 errin=0	 errout=0	 dropin=0	 dropout=0	read_count=0	 write_count=0	 read_bytes=0	 write_bytes=0	
Time=13:40:33	CPU0 Usage=38.3	CPU0time_system=4832.45	CPU0time_idle=71128.18	ram_available=1230868480	ram_percent=41.3	swap_used=12263424	swap_percent=0.6	bytes_sent=5722	 bytes_recv=72868	 packets_sent=41	 packets_recv=63	 errin=0	 errout=0	 dropin=0	 dropout=0	read_count=0	 write_count=0	 read_bytes=0	 write_bytes=0	
Time=13:40:35	CPU0 Usage=38.2	CPU0time_system=4832.57	CPU0time_idle=71129.41	ram_available=1230675968	ram_percent=41.3	swap_used=12263424	swap_percent=0.6	bytes_sent=5568	 bytes_recv=65778	 packets_sent=35	 packets_recv=56	 errin=0	 errout=0	 dropin=0	 dropout=0	read_count=0	 write_count=0	 read_bytes=0	 write_bytes=0	
Time=13:40:37	CPU0 Usage=37.8	CPU0time_system=4832.74	CPU0time_idle=71130.61	ram_available=1230258176	ram_percent=41.3	swap_used=12263424	swap_percent=0.6	bytes_sent=15007	 bytes_recv=170119	 packets_sent=103	 packets_recv=144	 errin=0	 errout=0	 dropin=0	 dropout=0	read_count=0	 write_count=0	 read_bytes=0	 write_bytes=0	
Time=13:40:39	CPU0 Usage=38.6	CPU0time_system=4832.89	CPU0time_idle=71131.82	ram_available=1230049280	ram_percent=41.4	swap_used=12263424	swap_percent=0.6	bytes_sent=25944	 bytes_recv=134219	 packets_sent=88	 packets_recv=127	 errin=0	 errout=0	 dropin=0	 dropout=0	read_count=0	 write_count=0	 read_bytes=0	 write_bytes=0	
Time=13:40:41	CPU0 Usage=39.2	CPU0time_system=4833.04	CPU0time_idle=71133.03	ram_available=1229762560	ram_percent=41.4	swap_used=12263424	swap_percent=0.6	bytes_sent=15216	 bytes_recv=180920	 packets_sent=108	 packets_recv=156	 errin=0	 errout=0	 dropin=0	 dropout=0	read_count=0	 write_count=0	 read_bytes=0	 write_bytes=0	
Time=13:40:43	CPU0 Usage=39.6	CPU0time_system=4833.2	CPU0time_idle=71134.22	ram_available=1229529088	ram_percent=41.4	swap_used=12263424	swap_percent=0.6	bytes_sent=19946	 bytes_recv=241385	 packets_sent=139	 packets_recv=192	 errin=0	 errout=0	 dropin=0	 dropout=0	read_count=0	 write_count=0	 read_bytes=0	 write_bytes=0	
Time=13:40:45	CPU0 Usage=40.1	CPU0time_system=4833.33	CPU0time_idle=71135.43	ram_available=1229533184	ram_percent=41.4	swap_used=12263424	swap_percent=0.6	bytes_sent=12014	 bytes_recv=140947	 packets_sent=80	 packets_recv=114	 errin=0	 errout=0	 dropin=0	 dropout=0	read_count=0	 write_count=0	 read_bytes=0	 write_bytes=0	
Time=13:40:47	CPU0 Usage=36.5	CPU0time_system=4833.43	CPU0time_idle=71136.65	ram_available=1229438976	ram_percent=41.4	swap_used=12263424	swap_percent=0.6	bytes_sent=8849	 bytes_recv=112586	 packets_sent=61	 packets_recv=94	 errin=0	 errout=0	 dropin=0	 dropout=0	read_count=0	 write_count=0	 read_bytes=0	 write_bytes=0	
Time=13:40:49	CPU0 Usage=39.4	CPU0time_system=4833.53	CPU0time_idle=71137.85	ram_available=1229070336	ram_percent=41.4	swap_used=12263424	swap_percent=0.6	bytes_sent=14803	 bytes_recv=181360	 packets_sent=101	 packets_recv=156	 errin=0	 errout=0	 dropin=0	 dropout=0	read_count=0	 write_count=0	 read_bytes=0	 write_bytes=0	
Time=13:40:51	CPU0 Usage=38.9	CPU0time_system=4833.68	CPU0time_idle=71139.06	ram_available=1228513280	ram_percent=41.4	swap_used=12263424	swap_percent=0.6	bytes_sent=14309	 bytes_recv=163413	 packets_sent=95	 packets_recv=141	 errin=0	 errout=0	 dropin=0	 dropout=0	read_count=0	 write_count=0	 read_bytes=0	 write_bytes=0	
Time=13:40:53	CPU0 Usage=39.2	CPU0time_system=4833.83	CPU0time_idle=71140.27	ram_available=1239642112	ram_percent=40.9	swap_used=12263424	swap_percent=0.6	bytes_sent=7344	 bytes_recv=86228	 packets_sent=49	 packets_recv=69	 errin=0	 errout=0	 dropin=0	 dropout=0	read_count=0	 write_count=0	 read_bytes=0	 write_bytes=0	
Time=13:40:55	CPU0 Usage=38.1	CPU0time_system=4833.96	CPU0time_idle=71141.47	ram_available=1239597056	ram_percent=40.9	swap_used=12263424	swap_percent=0.6	bytes_sent=16262	 bytes_recv=204489	 packets_sent=114	 packets_recv=171	 errin=0	 errout=0	 dropin=0	 dropout=0	read_count=0	 write_count=0	 read_bytes=0	 write_bytes=0	
Time=13:40:57	CPU0 Usage=39.2	CPU0time_system=4834.1	CPU0time_idle=71142.68	ram_available=1239678976	ram_percent=40.9	swap_used=12263424	swap_percent=0.6	bytes_sent=14714	 bytes_recv=176427	 packets_sent=100	 packets_recv=143	 errin=0	 errout=0	 dropin=0	 dropout=0	read_count=0	 write_count=5	 read_bytes=0	 write_bytes=24576	
Time=13:40:59	CPU0 Usage=40.1	CPU0time_system=4834.24	CPU0time_idle=71143.89	ram_available=1239662592	ram_percent=40.9	swap_used=12263424	swap_percent=0.6	bytes_sent=10400	 bytes_recv=120374	 packets_sent=70	 packets_recv=105	 errin=0	 errout=0	 dropin=0	 dropout=0	read_count=0	 write_count=0	 read_bytes=0	 write_bytes=0	
Time=13:41:01	CPU0 Usage=42.5	CPU0time_system=4834.43	CPU0time_idle=71145.08	ram_available=1239502848	ram_percent=40.9	swap_used=12263424	swap_percent=0.6	bytes_sent=19456	 bytes_recv=235587	 packets_sent=135	 packets_recv=200	 errin=0	 errout=0	 dropin=0	 dropout=0	read_count=0	 write_count=0	 read_bytes=0	 write_bytes=0	
Time=13:41:03	CPU0 Usage=38.8	CPU0time_system=4834.55	CPU0time_idle=71146.28	ram_available=1239519232	ram_percent=40.9	swap_used=12263424	swap_percent=0.6	bytes_sent=15332	 bytes_recv=191113	 packets_sent=103	 packets_recv=158	 errin=0	 errout=0	 dropin=0	 dropout=0	read_count=0	 write_count=0	 read_bytes=0	 write_bytes=0	
Time=13:41:05	CPU0 Usage=39.4	CPU0time_system=4834.72	CPU0time_idle=71147.48	ram_available=1239552000	ram_percent=40.9	swap_used=12263424	swap_percent=0.6	bytes_sent=16062	 bytes_recv=191858	 packets_sent=108	 packets_recv=160	 errin=0	 errout=0	 dropin=0	 dropout=0	read_count=0	 write_count=0	 read_bytes=0	 write_bytes=0	
Time=13:41:07	CPU0 Usage=39.7	CPU0time_system=4834.85	CPU0time_idle=71148.65	ram_available=1239150592	ram_percent=40.9	swap_used=12263424	swap_percent=0.6	bytes_sent=25807	 bytes_recv=306628	 packets_sent=174	 packets_recv=258	 errin=0	 errout=0	 dropin=0	 dropout=0	read_count=0	 write_count=5	 read_bytes=0	 write_bytes=24576	
Time=13:41:09	CPU0 Usage=40.4	CPU0time_system=4834.98	CPU0time_idle=71149.86	ram_available=1239023616	ram_percent=40.9	swap_used=12263424	swap_percent=0.6	bytes_sent=11237	 bytes_recv=129656	 packets_sent=74	 packets_recv=107	 errin=0	 errout=0	 dropin=0	 dropout=0	read_count=0	 write_count=0	 read_bytes=0	 write_bytes=0	
Time=13:41:11	CPU0 Usage=36.1	CPU0time_system=4835.06	CPU0time_idle=71151.1	ram_available=1238913024	ram_percent=40.9	swap_used=12263424	swap_percent=0.6	bytes_sent=4456	 bytes_recv=52719	 packets_sent=31	 packets_recv=46	 errin=0	 errout=0	 dropin=0	 dropout=0	read_count=0	 write_count=0	 read_bytes=0	 write_bytes=0	
Time=13:41:13	CPU0 Usage=38.9	CPU0time_system=4835.22	CPU0time_idle=71152.31	ram_available=1238917120	ram_percent=40.9	swap_used=12263424	swap_percent=0.6	bytes_sent=10544	 bytes_recv=127525	 packets_sent=73	 packets_recv=106	 errin=0	 errout=0	 dropin=0	 dropout=0	read_count=0	 write_count=0	 read_bytes=0	 write_bytes=0	
Time=13:41:15	CPU0 Usage=39.2	CPU0time_system=4835.35	CPU0time_idle=71153.52	ram_available=1238646784	ram_percent=40.9	swap_used=12263424	swap_percent=0.6	bytes_sent=12389	 bytes_recv=140708	 packets_sent=83	 packets_recv=126	 errin=0	 errout=0	 dropin=0	 dropout=0	read_count=0	 write_count=0	 read_bytes=0	 write_bytes=0	
Time=13:41:17	CPU0 Usage=35.8	CPU0time_system=4835.44	CPU0time_idle=71154.76	ram_available=1238511616	ram_percent=41.0	swap_used=12263424	swap_percent=0.6	bytes_sent=2264	 bytes_recv=24824	 packets_sent=18	 packets_recv=25	 errin=0	 errout=0	 dropin=0	 dropout=0	read_count=0	 write_count=5	 read_bytes=0	 write_bytes=24576	
Time=13:41:19	CPU0 Usage=38.9	CPU0time_system=4835.56	CPU0time_idle=71155.97	ram_available=1238351872	ram_percent=41.0	swap_used=12263424	swap_percent=0.6	bytes_sent=12994	 bytes_recv=152597	 packets_sent=88	 packets_recv=125	 errin=0	 errout=0	 dropin=0	 dropout=0	read_count=0	 write_count=0	 read_bytes=0	 write_bytes=0	
Time=13:41:21	CPU0 Usage=37.1	CPU0time_system=4835.68	CPU0time_idle=71157.19	ram_available=1238196224	ram_percent=41.0	swap_used=12263424	swap_percent=0.6	bytes_sent=10062	 bytes_recv=122779	 packets_sent=68	 packets_recv=109	 errin=0	 errout=0	 dropin=0	 dropout=0	read_count=0	 write_count=3	 read_bytes=0	 write_bytes=16384	
Time=13:41:23	CPU0 Usage=38.7	CPU0time_system=4835.8	CPU0time_idle=71158.38	ram_available=1237749760	ram_percent=41.0	swap_used=12263424	swap_percent=0.6	bytes_sent=18489	 bytes_recv=221373	 packets_sent=127	 packets_recv=182	 errin=0	 errout=0	 dropin=0	 dropout=0	read_count=0	 write_count=0	 read_bytes=0	 write_bytes=0	
Time=13:41:25	CPU0 Usage=39.3	CPU0time_system=4835.97	CPU0time_idle=71159.57	ram_available=1237434368	ram_percent=41.0	swap_used=12263424	swap_percent=0.6	bytes_sent=18746	 bytes_recv=231503	 packets_sent=128	 packets_recv=194	 errin=0	 errout=0	 dropin=0	 dropout=0	read_count=0	 write_count=0	 read_bytes=0	 write_bytes=0	
Time=13:41:27	CPU0 Usage=36.9	CPU0time_system=4836.09	CPU0time_idle=71160.8	ram_available=1237258240	ram_percent=41.0	swap_used=12263424	swap_percent=0.6	bytes_sent=7944	 bytes_recv=83899	 packets_sent=54	 packets_recv=76	 errin=0	 errout=0	 dropin=0	 dropout=0	read_count=0	 write_count=8	 read_bytes=0	 write_bytes=49152	
Time=13:41:29	CPU0 Usage=38.8	CPU0time_system=4836.21	CPU0time_idle=71162.03	ram_available=1237282816	ram_percent=41.0	swap_used=12263424	swap_percent=0.6	bytes_sent=18555	 bytes_recv=49993	 packets_sent=39	 packets_recv=53	 errin=0	 errout=0	 dropin=0	 dropout=0	read_count=0	 write_count=0	 read_bytes=0	 write_bytes=0	
Time=13:41:31	CPU0 Usage=39.3	CPU0time_system=4836.36	CPU0time_idle=71163.25	ram_available=1237155840	ram_percent=41.0	swap_used=12263424	swap_percent=0.6	bytes_sent=9094	 bytes_recv=112416	 packets_sent=61	 packets_recv=90	 errin=0	 errout=0	 dropin=0	 dropout=0	read_count=0	 write_count=8	 read_bytes=0	 write_bytes=32768	
Time=13:41:33	CPU0 Usage=37.7	CPU0time_system=4836.51	CPU0time_idle=71164.49	ram_available=1237123072	ram_percent=41.0	swap_used=12263424	swap_percent=0.6	bytes_sent=3204	 bytes_recv=38041	 packets_sent=22	 packets_recv=34	 errin=0	 errout=0	 dropin=0	 dropout=0	read_count=0	 write_count=0	 read_bytes=0	 write_bytes=0	
Time=13:41:35	CPU0 Usage=40.8	CPU0time_system=4836.67	CPU0time_idle=71165.65	ram_available=1236639744	ram_percent=41.0	swap_used=12263424	swap_percent=0.6	bytes_sent=29333	 bytes_recv=364301	 packets_sent=199	 packets_recv=302	 errin=0	 errout=0	 dropin=0	 dropout=0	read_count=0	 write_count=0	 read_bytes=0	 write_bytes=0	
Time=13:41:37	CPU0 Usage=37.6	CPU0time_system=4836.8	CPU0time_idle=71166.86	ram_available=1236385792	ram_percent=41.1	swap_used=12263424	swap_percent=0.6	bytes_sent=14008	 bytes_recv=157183	 packets_sent=93	 packets_recv=130	 errin=0	 errout=0	 dropin=0	 dropout=0	read_count=0	 write_count=0	 read_bytes=0	 write_bytes=0	
Time=13:41:39	CPU0 Usage=35.8	CPU0time_system=4836.92	CPU0time_idle=71168.08	ram_available=1236226048	ram_percent=41.1	swap_used=12263424	swap_percent=0.6	bytes_sent=7348	 bytes_recv=83600	 packets_sent=47	 packets_recv=73	 errin=0	 errout=0	 dropin=0	 dropout=0	read_count=0	 write_count=0	 read_bytes=0	 write_bytes=0	
Time=13:41:41	CPU0 Usage=40.7	CPU0time_system=4837.09	CPU0time_idle=71169.29	ram_available=1235877888	ram_percent=41.1	swap_used=12263424	swap_percent=0.6	bytes_sent=14492	 bytes_recv=180035	 packets_sent=100	 packets_recv=155	 errin=0	 errout=0	 dropin=0	 dropout=0	read_count=0	 write_count=0	 read_bytes=0	 write_bytes=0	
Time=13:41:43	CPU0 Usage=37.9	CPU0time_system=4837.21	CPU0time_idle=71170.5	ram_available=1235623936	ram_percent=41.1	swap_used=12263424	swap_percent=0.6	bytes_sent=11652	 bytes_recv=143633	 packets_sent=81	 packets_recv=121	 errin=0	 errout=0	 dropin=0	 dropout=0	read_count=0	 write_count=0	 read_bytes=0	 write_bytes=0	
Time=13:41:45	CPU0 Usage=41.8	CPU0time_system=4837.41	CPU0time_idle=71171.67	ram_available=1235091456	ram_percent=41.1	swap_used=12263424	swap_percent=0.6	bytes_sent=25608	 bytes_recv=320763	 packets_sent=171	 packets_recv=256	 errin=0	 errout=0	 dropin=0	 dropout=0	read_count=0	 write_count=0	 read_bytes=0	 write_bytes=0	
Time=13:41:47	CPU0 Usage=41.5	CPU0time_system=4837.63	CPU0time_idle=71172.84	ram_available=1234726912	ram_percent=41.1	swap_used=12263424	swap_percent=0.6	bytes_sent=24958	 bytes_recv=287207	 packets_sent=168	 packets_recv=244	 errin=0	 errout=0	 dropin=0	 dropout=0	read_count=0	 write_count=0	 read_bytes=0	 write_bytes=0	
Time=13:41:49	CPU0 Usage=39.9	CPU0time_system=4837.77	CPU0time_idle=71174.03	ram_available=1234489344	ram_percent=41.1	swap_used=12263424	swap_percent=0.6	bytes_sent=18005	 bytes_recv=222960	 packets_sent=126	 packets_recv=186	 errin=0	 errout=0	 dropin=0	 dropout=0	read_count=0	 write_count=0	 read_bytes=0	 write_bytes=0	
Time=13:41:51	CPU0 Usage=34.0	CPU0time_system=4837.85	CPU0time_idle=71175.29	ram_available=1234505728	ram_percent=41.1	swap_used=12263424	swap_percent=0.6	bytes_sent=0	 bytes_recv=0	 packets_sent=0	 packets_recv=0	 errin=0	 errout=0	 dropin=0	 dropout=0	read_count=0	 write_count=0	 read_bytes=0	 write_bytes=0	
Time=13:41:53	CPU0 Usage=38.3	CPU0time_system=4837.98	CPU0time_idle=71176.53	ram_available=1234423808	ram_percent=41.1	swap_used=12263424	swap_percent=0.6	bytes_sent=3149	 bytes_recv=35659	 packets_sent=22	 packets_recv=33	 errin=0	 errout=0	 dropin=0	 dropout=0	read_count=0	 write_count=0	 read_bytes=0	 write_bytes=0	
Time=13:41:55	CPU0 Usage=39.4	CPU0time_system=4838.12	CPU0time_idle=71177.73	ram_available=1234059264	ram_percent=41.2	swap_used=12263424	swap_percent=0.6	bytes_sent=13442	 bytes_recv=164724	 packets_sent=94	 packets_recv=141	 errin=0	 errout=0	 dropin=0	 dropout=0	read_count=0	 write_count=0	 read_bytes=0	 write_bytes=0	
Time=13:41:57	CPU0 Usage=40.0	CPU0time_system=4838.31	CPU0time_idle=71178.93	ram_available=1233854464	ram_percent=41.2	swap_used=12263424	swap_percent=0.6	bytes_sent=18405	 bytes_recv=213813	 packets_sent=125	 packets_recv=186	 errin=0	 errout=0	 dropin=0	 dropout=0	read_count=0	 write_count=0	 read_bytes=0	 write_bytes=0	
Time=13:41:59	CPU0 Usage=38.0	CPU0time_system=4838.44	CPU0time_idle=71180.12	ram_available=1233518592	ram_percent=41.2	swap_used=12263424	swap_percent=0.6	bytes_sent=12361	 bytes_recv=155534	 packets_sent=84	 packets_recv=132	 errin=0	 errout=0	 dropin=0	 dropout=0	read_count=0	 write_count=0	 read_bytes=0	 write_bytes=0	
Time=13:42:01	CPU0 Usage=41.2	CPU0time_system=4838.66	CPU0time_idle=71181.32	ram_available=1233088512	ram_percent=41.2	swap_used=12263424	swap_percent=0.6	bytes_sent=18196	 bytes_recv=219289	 packets_sent=126	 packets_recv=190	 errin=0	 errout=0	 dropin=0	 dropout=0	read_count=0	 write_count=0	 read_bytes=0	 write_bytes=0	
Time=13:42:03	CPU0 Usage=38.2	CPU0time_system=4838.75	CPU0time_idle=71182.55	ram_available=1233137664	ram_percent=41.2	swap_used=12263424	swap_percent=0.6	bytes_sent=4870	 bytes_recv=58651	 packets_sent=35	 packets_recv=53	 errin=0	 errout=0	 dropin=0	 dropout=0	read_count=0	 write_count=0	 read_bytes=0	 write_bytes=0	
Time=13:42:05	CPU0 Usage=36.9	CPU0time_system=4838.87	CPU0time_idle=71183.78	ram_available=1233043456	ram_percent=41.2	swap_used=12263424	swap_percent=0.6	bytes_sent=6364	 bytes_recv=72485	 packets_sent=40	 packets_recv=61	 errin=0	 errout=0	 dropin=0	 dropout=0	read_count=0	 write_count=0	 read_bytes=0	 write_bytes=0	
Time=13:42:07	CPU0 Usage=37.1	CPU0time_system=4839.0	CPU0time_idle=71185.0	ram_available=1232949248	ram_percent=41.2	swap_used=12263424	swap_percent=0.6	bytes_sent=7750	 bytes_recv=89115	 packets_sent=53	 packets_recv=74	 errin=0	 errout=0	 dropin=0	 dropout=0	read_count=0	 write_count=0	 read_bytes=0	 write_bytes=0	
Time=13:42:09	CPU0 Usage=37.8	CPU0time_system=4839.16	CPU0time_idle=71186.22	ram_available=1232863232	ram_percent=41.2	swap_used=12263424	swap_percent=0.6	bytes_sent=10773	 bytes_recv=127275	 packets_sent=73	 packets_recv=112	 errin=0	 errout=0	 dropin=0	 dropout=0	read_count=0	 write_count=0	 read_bytes=0	 write_bytes=0	
Time=13:42:11	CPU0 Usage=39.3	CPU0time_system=4839.34	CPU0time_idle=71187.41	ram_available=1232474112	ram_percent=41.2	swap_used=12263424	swap_percent=0.6	bytes_sent=21380	 bytes_recv=253290	 packets_sent=149	 packets_recv=216	 errin=0	 errout=0	 dropin=0	 dropout=0	read_count=0	 write_count=0	 read_bytes=0	 write_bytes=0	
Time=13:42:13	CPU0 Usage=38.3	CPU0time_system=4839.46	CPU0time_idle=71188.6	ram_available=1232203776	ram_percent=41.3	swap_used=12263424	swap_percent=0.6	bytes_sent=15621	 bytes_recv=194006	 packets_sent=105	 packets_recv=164	 errin=0	 errout=0	 dropin=0	 dropout=0	read_count=0	 write_count=0	 read_bytes=0	 write_bytes=0	
Time=13:42:15	CPU0 Usage=36.1	CPU0time_system=4839.57	CPU0time_idle=71189.84	ram_available=1232089088	ram_percent=41.3	swap_used=12263424	swap_percent=0.6	bytes_sent=5927	 bytes_recv=69460	 packets_sent=42	 packets_recv=58	 errin=0	 errout=0	 dropin=0	 dropout=0	read_count=0	 write_count=0	 read_bytes=0	 write_bytes=0	
Time=13:42:17	CPU0 Usage=38.9	CPU0time_system=4839.75	CPU0time_idle=71191.05	ram_available=1232015360	ram_percent=41.3	swap_used=12263424	swap_percent=0.6	bytes_sent=10541	 bytes_recv=130631	 packets_sent=71	 packets_recv=106	 errin=0	 errout=0	 dropin=0	 dropout=0	read_count=0	 write_count=0	 read_bytes=0	 write_bytes=0	
Time=13:42:19	CPU0 Usage=41.7	CPU0time_system=4839.92	CPU0time_idle=71192.25	ram_available=1231695872	ram_percent=41.3	swap_used=12263424	swap_percent=0.6	bytes_sent=27386	 bytes_recv=192527	 packets_sent=114	 packets_recv=169	 errin=0	 errout=0	 dropin=0	 dropout=0	read_count=0	 write_count=0	 read_bytes=0	 write_bytes=0	
Time=13:42:21	CPU0 Usage=38.7	CPU0time_system=4840.06	CPU0time_idle=71193.44	ram_available=1231314944	ram_percent=41.3	swap_used=12263424	swap_percent=0.6	bytes_sent=18955	 bytes_recv=228243	 packets_sent=126	 packets_recv=200	 errin=0	 errout=0	 dropin=0	 dropout=0	read_count=0	 write_count=0	 read_bytes=0	 write_bytes=0	
Time=13:42:23	CPU0 Usage=39.0	CPU0time_system=4840.22	CPU0time_idle=71194.66	ram_available=1231187968	ram_percent=41.3	swap_used=12263424	swap_percent=0.6	bytes_sent=8146	 bytes_recv=92717	 packets_sent=57	 packets_recv=79	 errin=0	 errout=0	 dropin=0	 dropout=0	read_count=0	 write_count=0	 read_bytes=0	 write_bytes=0	
Time=13:42:25	CPU0 Usage=35.8	CPU0time_system=4840.33	CPU0time_idle=71195.9	ram_available=1231093760	ram_percent=41.3	swap_used=12263424	swap_percent=0.6	bytes_sent=2546	 bytes_recv=34188	 packets_sent=19	 packets_recv=30	 errin=0	 errout=0	 dropin=0	 dropout=0	read_count=0	 write_count=0	 read_bytes=0	 write_bytes=0	
Time=13:42:27	CPU0 Usage=35.8	CPU0time_system=4840.46	CPU0time_idle=71197.14	ram_available=1231060992	ram_percent=41.3	swap_used=12263424	swap_percent=0.6	bytes_sent=5667	 bytes_recv=66634	 packets_sent=39	 packets_recv=58	 errin=0	 errout=0	 dropin=0	 dropout=0	read_count=0	 write_count=0	 read_bytes=0	 write_bytes=0	
Time=13:42:29	CPU0 Usage=41.4	CPU0time_system=4840.69	CPU0time_idle=71198.33	ram_available=1230745600	ram_percent=41.3	swap_used=12263424	swap_percent=0.6	bytes_sent=18890	 bytes_recv=231778	 packets_sent=127	 packets_recv=186	 errin=0	 errout=0	 dropin=0	 dropout=0	read_count=0	 write_count=0	 read_bytes=0	 write_bytes=0	
Time=13:42:31	CPU0 Usage=40.3	CPU0time_system=4840.82	CPU0time_idle=71199.5	ram_available=1230397440	ram_percent=41.3	swap_used=12263424	swap_percent=0.6	bytes_sent=24402	 bytes_recv=299582	 packets_sent=165	 packets_recv=250	 errin=0	 errout=0	 dropin=0	 dropout=0	read_count=0	 write_count=0	 read_bytes=0	 write_bytes=0	
Time=13:42:33	CPU0 Usage=38.9	CPU0time_system=4840.98	CPU0time_idle=71200.71	ram_available=1230110720	ram_percent=41.4	swap_used=12263424	swap_percent=0.6	bytes_sent=14097	 bytes_recv=166029	 packets_sent=96	 packets_recv=141	 errin=0	 errout=0	 dropin=0	 dropout=0	read_count=0	 write_count=0	 read_bytes=0	 write_bytes=0	
Time=13:42:35	CPU0 Usage=39.9	CPU0time_system=4841.16	CPU0time_idle=71201.9	ram_available=1229570048	ram_percent=41.4	swap_used=12263424	swap_percent=0.6	bytes_sent=19163	 bytes_recv=236659	 packets_sent=130	 packets_recv=201	 errin=0	 errout=0	 dropin=0	 dropout=0	read_count=0	 write_count=0	 read_bytes=0	 write_bytes=0	
Time=13:42:37	CPU0 Usage=38.8	CPU0time_system=4841.31	CPU0time_idle=71203.13	ram_available=1229520896	ram_percent=41.4	swap_used=12263424	swap_percent=0.6	bytes_sent=5101	 bytes_recv=58073	 packets_sent=35	 packets_recv=50	 errin=0	 errout=0	 dropin=0	 dropout=0	read_count=0	 write_count=0	 read_bytes=0	 write_bytes=0	
Time=13:42:39	CPU0 Usage=38.3	CPU0time_system=4841.43	CPU0time_idle=71204.32	ram_available=1229283328	ram_percent=41.4	swap_used=12263424	swap_percent=0.6	bytes_sent=18244	 bytes_recv=223979	 packets_sent=126	 packets_recv=189	 errin=0	 errout=0	 dropin=0	 dropout=0	read_count=0	 write_count=0	 read_bytes=0	 write_bytes=0	
Time=13:42:41	CPU0 Usage=39.9	CPU0time_system=4841.6	CPU0time_idle=71205.51	ram_available=1229078528	ram_percent=41.4	swap_used=12263424	swap_percent=0.6	bytes_sent=16639	 bytes_recv=193994	 packets_sent=112	 packets_recv=161	 errin=0	 errout=0	 dropin=0	 dropout=0	read_count=0	 write_count=0	 read_bytes=0	 write_bytes=0	
Time=13:42:43	CPU0 Usage=36.6	CPU0time_system=4841.74	CPU0time_idle=71206.72	ram_available=1228759040	ram_percent=41.4	swap_used=12263424	swap_percent=0.6	bytes_sent=14799	 bytes_recv=181823	 packets_sent=101	 packets_recv=147	 errin=0	 errout=0	 dropin=0	 dropout=0	read_count=0	 write_count=0	 read_bytes=0	 write_bytes=0	
Time=13:42:45	CPU0 Usage=37.2	CPU0time_system=4841.87	CPU0time_idle=71207.92	ram_available=1228361728	ram_percent=41.4	swap_used=12263424	swap_percent=0.6	bytes_sent=13113	 bytes_recv=165769	 packets_sent=90	 packets_recv=140	 errin=0	 errout=0	 dropin=0	 dropout=0	read_count=0	 write_count=0	 read_bytes=0	 write_bytes=0	
Time=13:42:47	CPU0 Usage=39.6	CPU0time_system=4842.02	CPU0time_idle=71209.11	ram_available=1228083200	ram_percent=41.4	swap_used=12263424	swap_percent=0.6	bytes_sent=17417	 bytes_recv=212467	 packets_sent=119	 packets_recv=182	 errin=0	 errout=0	 dropin=0	 dropout=0	read_count=0	 write_count=0	 read_bytes=0	 write_bytes=0	
Time=13:42:49	CPU0 Usage=37.5	CPU0time_system=4842.16	CPU0time_idle=71210.31	ram_available=1227878400	ram_percent=41.5	swap_used=12263424	swap_percent=0.6	bytes_sent=15403	 bytes_recv=182117	 packets_sent=100	 packets_recv=156	 errin=0	 errout=0	 dropin=0	 dropout=0	read_count=0	 write_count=0	 read_bytes=0	 write_bytes=0	
Time=13:42:51	CPU0 Usage=40.8	CPU0time_system=4842.35	CPU0time_idle=71211.5	ram_available=1240125440	ram_percent=40.9	swap_used=12263424	swap_percent=0.6	bytes_sent=15855	 bytes_recv=198588	 packets_sent=109	 packets_recv=163	 errin=0	 errout=0	 dropin=0	 dropout=0	read_count=0	 write_count=0	 read_bytes=0	 write_bytes=0	
Time=13:42:53	CPU0 Usage=37.9	CPU0time_system=4842.5	CPU0time_idle=71212.73	ram_available=1240092672	ram_percent=40.9	swap_used=12263424	swap_percent=0.6	bytes_sent=6555	 bytes_recv=77438	 packets_sent=48	 packets_recv=65	 errin=0	 errout=0	 dropin=0	 dropout=0	read_count=0	 write_count=0	 read_bytes=0	 write_bytes=0	
Time=13:42:55	CPU0 Usage=37.4	CPU0time_system=4842.61	CPU0time_idle=71213.95	ram_available=1240158208	ram_percent=40.9	swap_used=12263424	swap_percent=0.6	bytes_sent=11231	 bytes_recv=134693	 packets_sent=75	 packets_recv=113	 errin=0	 errout=0	 dropin=0	 dropout=0	read_count=0	 write_count=0	 read_bytes=0	 write_bytes=0	
Time=13:42:57	CPU0 Usage=39.0	CPU0time_system=4842.75	CPU0time_idle=71215.17	ram_available=1240092672	ram_percent=40.9	swap_used=12263424	swap_percent=0.6	bytes_sent=7791	 bytes_recv=88906	 packets_sent=52	 packets_recv=77	 errin=0	 errout=0	 dropin=0	 dropout=0	read_count=0	 write_count=0	 read_bytes=0	 write_bytes=0	
Time=13:42:59	CPU0 Usage=40.9	CPU0time_system=4842.92	CPU0time_idle=71216.37	ram_available=1240117248	ram_percent=40.9	swap_used=12263424	swap_percent=0.6	bytes_sent=12636	 bytes_recv=156723	 packets_sent=88	 packets_recv=135	 errin=0	 errout=0	 dropin=0	 dropout=0	read_count=0	 write_count=0	 read_bytes=0	 write_bytes=0	
Time=13:43:01	CPU0 Usage=40.5	CPU0time_system=4843.09	CPU0time_idle=71217.56	ram_available=1240182784	ram_percent=40.9	swap_used=12263424	swap_percent=0.6	bytes_sent=18244	 bytes_recv=223929	 packets_sent=124	 packets_recv=186	 errin=0	 errout=0	 dropin=0	 dropout=0	read_count=0	 write_count=0	 read_bytes=0	 write_bytes=0	
Time=13:43:03	CPU0 Usage=39.2	CPU0time_system=4843.28	CPU0time_idle=71218.77	ram_available=1240084480	ram_percent=40.9	swap_used=12263424	swap_percent=0.6	bytes_sent=11921	 bytes_recv=141863	 packets_sent=82	 packets_recv=124	 errin=0	 errout=0	 dropin=0	 dropout=0	read_count=0	 write_count=0	 read_bytes=0	 write_bytes=0	
Time=13:43:05	CPU0 Usage=40.7	CPU0time_system=4843.45	CPU0time_idle=71219.95	ram_available=1239797760	ram_percent=40.9	swap_used=12263424	swap_percent=0.6	bytes_sent=21673	 bytes_recv=265589	 packets_sent=151	 packets_recv=223	 errin=0	 errout=0	 dropin=0	 dropout=0	read_count=0	 write_count=0	 read_bytes=0	 write_bytes=0	
Time=13:43:07	CPU0 Usage=37.1	CPU0time_system=4843.58	CPU0time_idle=71221.19	ram_available=1239797760	ram_percent=40.9	swap_used=12263424	swap_percent=0.6	bytes_sent=1586	 bytes_recv=17031	 packets_sent=11	 packets_recv=15	 errin=0	 errout=0	 dropin=0	 dropout=0	read_count=0	 write_count=0	 read_bytes=0	 write_bytes=0	
Time=13:43:09	CPU0 Usage=37.0	CPU0time_system=4843.69	CPU0time_idle=71222.4	ram_available=1238958080	ram_percent=40.9	swap_used=12263424	swap_percent=0.6	bytes_sent=5906	 bytes_recv=74246	 packets_sent=40	 packets_recv=59	 errin=0	 errout=0	 dropin=0	 dropout=0	read_count=0	 write_count=0	 read_bytes=0	 write_bytes=0	
Time=13:43:11	CPU0 Usage=38.6	CPU0time_system=4843.84	CPU0time_idle=71223.61	ram_available=1238986752	ram_percent=40.9	swap_used=12263424	swap_percent=0.6	bytes_sent=26195	 bytes_recv=151249	 packets_sent=86	 packets_recv=127	 errin=0	 errout=0	 dropin=0	 dropout=0	read_count=0	 write_count=0	 read_bytes=0	 write_bytes=0	
Time=13:43:13	CPU0 Usage=39.6	CPU0time_system=4844.02	CPU0time_idle=71224.8	ram_available=1239085056	ram_percent=40.9	swap_used=12263424	swap_percent=0.6	bytes_sent=19634	 bytes_recv=245203	 packets_sent=134	 packets_recv=202	 errin=0	 errout=0	 dropin=0	 dropout=0	read_count=0	 write_count=0	 read_bytes=0	 write_bytes=0	
Time=13:43:15	CPU0 Usage=37.4	CPU0time_system=4844.14	CPU0time_idle=71226.04	ram_available=1239117824	ram_percent=40.9	swap_used=12263424	swap_percent=0.6	bytes_sent=1567	 bytes_recv=18330	 packets_sent=12	 packets_recv=19	 errin=0	 errout=0	 dropin=0	 dropout=0	read_count=0	 write_count=0	 read_bytes=0	 write_bytes=0	
Time=13:43:17	CPU0 Usage=39.3	CPU0time_system=4844.32	CPU0time_idle=71227.26	ram_available=1239056384	ram_percent=40.9	swap_used=12263424	swap_percent=0.6	bytes_sent=11622	 bytes_recv=135295	 packets_sent=76	 packets_recv=111	 errin=0	 errout=0	 dropin=0	 dropout=0	read_count=0	 write_count=0	 read_bytes=0	 write_bytes=0	
Time=13:43:19	CPU0 Usage=38.5	CPU0time_system=4844.48	CPU0time_idle=71228.44	ram_available=1238351872	ram_percent=41.0	swap_used=12263424	swap_percent=0.6	bytes_sent=22830	 bytes_recv=284714	 packets_sent=158	 packets_recv=244	 errin=0	 errout=0	 dropin=0	 dropout=0	read_count=0	 write_count=0	 read_bytes=0	 write_bytes=0	
Time=13:43:21	CPU0 Usage=38.3	CPU0time_system=4844.64	CPU0time_idle=71229.68	ram_available=1238384640	ram_percent=41.0	swap_used=12263424	swap_percent=0.6	bytes_sent=1303	 bytes_recv=9606	 packets_sent=8	 packets_recv=13	 errin=0	 errout=0	 dropin=0	 dropout=0	read_count=0	 write_count=0	 read_bytes=0	 write_bytes=0	
Time=13:43:23	CPU0 Usage=36.6	CPU0time_system=4844.78	CPU0time_idle=71230.89	ram_available=1238130688	ram_percent=41.0	swap_used=12263424	swap_percent=0.6	bytes_sent=10932	 bytes_recv=134594	 packets_sent=74	 packets_recv=116	 errin=0	 errout=0	 dropin=0	 dropout=0	read_count=0	 write_count=0	 read_bytes=0	 write_bytes=0	
Time=13:43:25	CPU0 Usage=36.8	CPU0time_system=4844.92	CPU0time_idle=71232.11	ram_available=1237909504	ram_percent=41.0	swap_used=12263424	swap_percent=0.6	bytes_sent=10702	 bytes_recv=131855	 packets_sent=71	 packets_recv=109	 errin=0	 errout=0	 dropin=0	 dropout=0	read_count=0	 write_count=0	 read_bytes=0	 write_bytes=0	
Time=13:43:27	CPU0 Usage=38.1	CPU0time_system=4845.06	CPU0time_idle=71233.33	ram_available=1237815296	ram_percent=41.0	swap_used=12263424	swap_percent=0.6	bytes_sent=8154	 bytes_recv=92904	 packets_sent=56	 packets_recv=84	 errin=0	 errout=0	 dropin=0	 dropout=0	read_count=0	 write_count=0	 read_bytes=0	 write_bytes=0	
Time=13:43:29	CPU0 Usage=37.3	CPU0time_system=4845.19	CPU0time_idle=71234.54	ram_available=1237639168	ram_percent=41.0	swap_used=12263424	swap_percent=0.6	bytes_sent=11224	 bytes_recv=128848	 packets_sent=74	 packets_recv=107	 errin=0	 errout=0	 dropin=0	 dropout=0	read_count=0	 write_count=0	 read_bytes=0	 write_bytes=0	
Time=13:43:31	CPU0 Usage=36.8	CPU0time_system=4845.35	CPU0time_idle=71235.76	ram_available=1237544960	ram_percent=41.0	swap_used=12263424	swap_percent=0.6	bytes_sent=7977	 bytes_recv=95060	 packets_sent=57	 packets_recv=86	 errin=0	 errout=0	 dropin=0	 dropout=0	read_count=0	 write_count=0	 read_bytes=0	 write_bytes=0	
Time=13:43:34	CPU0 Usage=36.8	CPU0time_system=4845.46	CPU0time_idle=71236.98	ram_available=1237450752	ram_percent=41.0	swap_used=12263424	swap_percent=0.6	bytes_sent=8846	 bytes_recv=98490	 packets_sent=60	 packets_recv=83	 errin=0	 errout=0	 dropin=0	 dropout=0	read_count=0	 write_count=0	 read_bytes=0	 write_bytes=0	
Time=13:43:36	CPU0 Usage=39.0	CPU0time_system=4845.62	CPU0time_idle=71238.2	ram_available=1237307392	ram_percent=41.0	swap_used=12263424	swap_percent=0.6	bytes_sent=8627	 bytes_recv=104407	 packets_sent=62	 packets_recv=90	 errin=0	 errout=0	 dropin=0	 dropout=0	read_count=0	 write_count=0	 read_bytes=0	 write_bytes=0	
Time=13:43:38	CPU0 Usage=38.4	CPU0time_system=4845.81	CPU0time_idle=71239.42	ram_available=1237180416	ram_percent=41.0	swap_used=12263424	swap_percent=0.6	bytes_sent=10832	 bytes_recv=131249	 packets_sent=73	 packets_recv=110	 errin=0	 errout=0	 dropin=0	 dropout=0	read_count=0	 write_count=0	 read_bytes=0	 write_bytes=0	
Time=13:43:40	CPU0 Usage=38.4	CPU0time_system=4845.96	CPU0time_idle=71240.64	ram_available=1236893696	ram_percent=41.0	swap_used=12263424	swap_percent=0.6	bytes_sent=9225	 bytes_recv=115107	 packets_sent=62	 packets_recv=98	 errin=0	 errout=0	 dropin=0	 dropout=0	read_count=0	 write_count=0	 read_bytes=0	 write_bytes=0	
Time=13:43:42	CPU0 Usage=40.6	CPU0time_system=4846.16	CPU0time_idle=71241.81	ram_available=1236226048	ram_percent=41.1	swap_used=12263424	swap_percent=0.6	bytes_sent=23259	 bytes_recv=284421	 packets_sent=160	 packets_recv=249	 errin=0	 errout=0	 dropin=0	 dropout=0	read_count=0	 write_count=0	 read_bytes=0	 write_bytes=0	
Time=13:43:44	CPU0 Usage=38.1	CPU0time_system=4846.32	CPU0time_idle=71243.01	ram_available=1236021248	ram_percent=41.1	swap_used=12263424	swap_percent=0.6	bytes_sent=17512	 bytes_recv=208101	 packets_sent=120	 packets_recv=180	 errin=0	 errout=0	 dropin=0	 dropout=0	read_count=0	 write_count=0	 read_bytes=0	 write_bytes=0	
Time=13:43:46	CPU0 Usage=40.7	CPU0time_system=4846.48	CPU0time_idle=71244.19	ram_available=1235853312	ram_percent=41.1	swap_used=12263424	swap_percent=0.6	bytes_sent=22305	 bytes_recv=277796	 packets_sent=154	 packets_recv=224	 errin=0	 errout=0	 dropin=0	 dropout=0	read_count=0	 write_count=0	 read_bytes=0	 write_bytes=0	
Time=13:43:48	CPU0 Usage=37.7	CPU0time_system=4846.63	CPU0time_idle=71245.38	ram_available=1235566592	ram_percent=41.1	swap_used=12263424	swap_percent=0.6	bytes_sent=17687	 bytes_recv=214835	 packets_sent=116	 packets_recv=182	 errin=0	 errout=0	 dropin=0	 dropout=0	read_count=0	 write_count=0	 read_bytes=0	 write_bytes=0	
Time=13:43:50	CPU0 Usage=37.9	CPU0time_system=4846.82	CPU0time_idle=71246.59	ram_available=1235394560	ram_percent=41.1	swap_used=12263424	swap_percent=0.6	bytes_sent=15123	 bytes_recv=187097	 packets_sent=101	 packets_recv=152	 errin=0	 errout=0	 dropin=0	 dropout=0	read_count=0	 write_count=0	 read_bytes=0	 write_bytes=0	
Time=13:43:52	CPU0 Usage=38.8	CPU0time_system=4847.0	CPU0time_idle=71247.79	ram_available=1235046400	ram_percent=41.1	swap_used=12263424	swap_percent=0.6	bytes_sent=13100	 bytes_recv=163866	 packets_sent=90	 packets_recv=139	 errin=0	 errout=0	 dropin=0	 dropout=0	read_count=0	 write_count=5	 read_bytes=0	 write_bytes=24576	
Time=13:43:54	CPU0 Usage=39.3	CPU0time_system=4847.21	CPU0time_idle=71248.98	ram_available=1234599936	ram_percent=41.1	swap_used=12263424	swap_percent=0.6	bytes_sent=19009	 bytes_recv=228482	 packets_sent=134	 packets_recv=196	 errin=0	 errout=0	 dropin=0	 dropout=0	read_count=0	 write_count=0	 read_bytes=0	 write_bytes=0	
Time=13:43:56	CPU0 Usage=36.6	CPU0time_system=4847.34	CPU0time_idle=71250.21	ram_available=1234567168	ram_percent=41.1	swap_used=12263424	swap_percent=0.6	bytes_sent=7016	 bytes_recv=85751	 packets_sent=47	 packets_recv=72	 errin=0	 errout=0	 dropin=0	 dropout=0	read_count=0	 write_count=0	 read_bytes=0	 write_bytes=0	
Time=13:43:58	CPU0 Usage=39.8	CPU0time_system=4847.53	CPU0time_idle=71251.42	ram_available=1234378752	ram_percent=41.1	swap_used=12263424	swap_percent=0.6	bytes_sent=9921	 bytes_recv=120116	 packets_sent=67	 packets_recv=100	 errin=0	 errout=0	 dropin=0	 dropout=0	read_count=0	 write_count=0	 read_bytes=0	 write_bytes=0	
Time=13:44:00	CPU0 Usage=37.8	CPU0time_system=4847.66	CPU0time_idle=71252.62	ram_available=1234092032	ram_percent=41.2	swap_used=12263424	swap_percent=0.6	bytes_sent=13591	 bytes_recv=169222	 packets_sent=91	 packets_recv=141	 errin=0	 errout=0	 dropin=0	 dropout=0	read_count=0	 write_count=0	 read_bytes=0	 write_bytes=0	
Time=13:44:02	CPU0 Usage=38.2	CPU0time_system=4847.78	CPU0time_idle=71253.85	ram_available=1234075648	ram_percent=41.2	swap_used=12263424	swap_percent=0.6	bytes_sent=21512	 bytes_recv=85521	 packets_sent=57	 packets_recv=81	 errin=0	 errout=0	 dropin=0	 dropout=0	read_count=0	 write_count=0	 read_bytes=0	 write_bytes=0	
Time=13:44:04	CPU0 Usage=40.6	CPU0time_system=4847.96	CPU0time_idle=71255.02	ram_available=1233457152	ram_percent=41.2	swap_used=12263424	swap_percent=0.6	bytes_sent=24175	 bytes_recv=299145	 packets_sent=164	 packets_recv=247	 errin=0	 errout=0	 dropin=0	 dropout=0	read_count=0	 write_count=0	 read_bytes=0	 write_bytes=0	
Time=13:44:06	CPU0 Usage=37.2	CPU0time_system=4848.1	CPU0time_idle=71256.22	ram_available=1233317888	ram_percent=41.2	swap_used=12263424	swap_percent=0.6	bytes_sent=14586	 bytes_recv=182193	 packets_sent=104	 packets_recv=156	 errin=0	 errout=0	 dropin=0	 dropout=0	read_count=0	 write_count=0	 read_bytes=0	 write_bytes=0	
Time=13:44:08	CPU0 Usage=39.3	CPU0time_system=4848.27	CPU0time_idle=71257.41	ram_available=1232838656	ram_percent=41.2	swap_used=12263424	swap_percent=0.6	bytes_sent=19056	 bytes_recv=230705	 packets_sent=128	 packets_recv=196	 errin=0	 errout=0	 dropin=0	 dropout=0	read_count=0	 write_count=0	 read_bytes=0	 write_bytes=0	
Time=13:44:10	CPU0 Usage=36.5	CPU0time_system=4848.41	CPU0time_idle=71258.63	ram_available=1232711680	ram_percent=41.2	swap_used=12263424	swap_percent=0.6	bytes_sent=9600	 bytes_recv=112710	 packets_sent=64	 packets_recv=95	 errin=0	 errout=0	 dropin=0	 dropout=0	read_count=0	 write_count=0	 read_bytes=0	 write_bytes=0	
Time=13:44:12	CPU0 Usage=39.2	CPU0time_system=4848.58	CPU0time_idle=71259.84	ram_available=1232392192	ram_percent=41.2	swap_used=12263424	swap_percent=0.6	bytes_sent=12767	 bytes_recv=151512	 packets_sent=88	 packets_recv=131	 errin=0	 errout=0	 dropin=0	 dropout=0	read_count=0	 write_count=0	 read_bytes=0	 write_bytes=0	
Time=13:44:14	CPU0 Usage=38.3	CPU0time_system=4848.72	CPU0time_idle=71261.05	ram_available=1232297984	ram_percent=41.2	swap_used=12263424	swap_percent=0.6	bytes_sent=11283	 bytes_recv=135386	 packets_sent=77	 packets_recv=113	 errin=0	 errout=0	 dropin=0	 dropout=0	read_count=0	 write_count=0	 read_bytes=0	 write_bytes=0	
Time=13:44:16	CPU0 Usage=37.6	CPU0time_system=4848.84	CPU0time_idle=71262.28	ram_available=1232138240	ram_percent=41.3	swap_used=12263424	swap_percent=0.6	bytes_sent=8003	 bytes_recv=95632	 packets_sent=54	 packets_recv=82	 errin=0	 errout=0	 dropin=0	 dropout=0	read_count=0	 write_count=0	 read_bytes=0	 write_bytes=0	
Time=13:44:18	CPU0 Usage=37.6	CPU0time_system=4848.98	CPU0time_idle=71263.51	ram_available=1232236544	ram_percent=41.3	swap_used=12263424	swap_percent=0.6	bytes_sent=5283	 bytes_recv=60624	 packets_sent=35	 packets_recv=50	 errin=0	 errout=0	 dropin=0	 dropout=0	read_count=0	 write_count=0	 read_bytes=0	 write_bytes=0	
Time=13:44:20	CPU0 Usage=38.2	CPU0time_system=4849.14	CPU0time_idle=71264.74	ram_available=1232191488	ram_percent=41.3	swap_used=12263424	swap_percent=0.6	bytes_sent=4516	 bytes_recv=61956	 packets_sent=31	 packets_recv=50	 errin=0	 errout=0	 dropin=0	 dropout=0	read_count=0	 write_count=0	 read_bytes=0	 write_bytes=0	
Time=13:44:22	CPU0 Usage=38.3	CPU0time_system=4849.3	CPU0time_idle=71265.95	ram_available=1231888384	ram_percent=41.3	swap_used=12263424	swap_percent=0.6	bytes_sent=12818	 bytes_recv=148933	 packets_sent=85	 packets_recv=126	 errin=0	 errout=0	 dropin=0	 dropout=0	read_count=0	 write_count=0	 read_bytes=0	 write_bytes=0	
Time=13:44:24	CPU0 Usage=23.2	CPU0time_system=4849.5	CPU0time_idle=71267.47	ram_available=1230008320	ram_percent=41.4	swap_used=12263424	swap_percent=0.6	bytes_sent=20443	 bytes_recv=251527	 packets_sent=142	 packets_recv=213	 errin=0	 errout=0	 dropin=0	 dropout=0	read_count=62	 write_count=0	 read_bytes=253952	 write_bytes=0	
Time=13:44:26	CPU0 Usage=8.0	CPU0time_system=4849.62	CPU0time_idle=71269.3	ram_available=1229881344	ram_percent=41.4	swap_used=12263424	swap_percent=0.6	bytes_sent=6154	 bytes_recv=71590	 packets_sent=43	 packets_recv=62	 errin=0	 errout=0	 dropin=0	 dropout=0	read_count=0	 write_count=2	 read_bytes=0	 write_bytes=8192	
Time=13:44:28	CPU0 Usage=10.1	CPU0time_system=4849.79	CPU0time_idle=71271.08	ram_available=1229611008	ram_percent=41.4	swap_used=12263424	swap_percent=0.6	bytes_sent=23223	 bytes_recv=271541	 packets_sent=158	 packets_recv=228	 errin=0	 errout=0	 dropin=0	 dropout=0	read_count=0	 write_count=6	 read_bytes=0	 write_bytes=32768	
Time=13:44:30	CPU0 Usage=8.9	CPU0time_system=4849.93	CPU0time_idle=71272.92	ram_available=1229664256	ram_percent=41.4	swap_used=12263424	swap_percent=0.6	bytes_sent=5458	 bytes_recv=62553	 packets_sent=35	 packets_recv=52	 errin=0	 errout=0	 dropin=0	 dropout=0	read_count=0	 write_count=0	 read_bytes=0	 write_bytes=0	
Time=13:44:32	CPU0 Usage=8.2	CPU0time_system=4850.07	CPU0time_idle=71274.72	ram_available=1229475840	ram_percent=41.4	swap_used=12263424	swap_percent=0.6	bytes_sent=13396	 bytes_recv=162434	 packets_sent=90	 packets_recv=132	 errin=0	 errout=0	 dropin=0	 dropout=0	read_count=0	 write_count=0	 read_bytes=0	 write_bytes=0	
Time=13:44:34	CPU0 Usage=9.4	CPU0time_system=4850.2	CPU0time_idle=71276.55	ram_available=1229316096	ram_percent=41.4	swap_used=12263424	swap_percent=0.6	bytes_sent=8073	 bytes_recv=98711	 packets_sent=55	 packets_recv=86	 errin=0	 errout=0	 dropin=0	 dropout=0	read_count=0	 write_count=0	 read_bytes=0	 write_bytes=0	
Time=13:44:36	CPU0 Usage=8.6	CPU0time_system=4850.35	CPU0time_idle=71278.36	ram_available=1229156352	ram_percent=41.4	swap_used=12263424	swap_percent=0.6	bytes_sent=13120	 bytes_recv=157346	 packets_sent=86	 packets_recv=128	 errin=0	 errout=0	 dropin=0	 dropout=0	read_count=0	 write_count=0	 read_bytes=0	 write_bytes=0	
Time=13:44:38	CPU0 Usage=10.0	CPU0time_system=4850.52	CPU0time_idle=71280.16	ram_available=1228869632	ram_percent=41.4	swap_used=12263424	swap_percent=0.6	bytes_sent=17503	 bytes_recv=209303	 packets_sent=119	 packets_recv=179	 errin=0	 errout=0	 dropin=0	 dropout=0	read_count=0	 write_count=0	 read_bytes=0	 write_bytes=0	
Time=13:44:40	CPU0 Usage=5.2	CPU0time_system=4850.61	CPU0time_idle=71282.0	ram_available=1228582912	ram_percent=41.4	swap_used=12263424	swap_percent=0.6	bytes_sent=7157	 bytes_recv=84182	 packets_sent=49	 packets_recv=70	 errin=0	 errout=0	 dropin=0	 dropout=0	read_count=0	 write_count=0	 read_bytes=0	 write_bytes=0	
Time=13:44:42	CPU0 Usage=3.6	CPU0time_system=4850.67	CPU0time_idle=71283.88	ram_available=1228201984	ram_percent=41.4	swap_used=12263424	swap_percent=0.6	bytes_sent=18963	 bytes_recv=235257	 packets_sent=125	 packets_recv=198	 errin=0	 errout=0	 dropin=0	 dropout=0	read_count=0	 write_count=0	 read_bytes=0	 write_bytes=0	
Time=13:44:44	CPU0 Usage=1.0	CPU0time_system=4850.69	CPU0time_idle=71285.84	ram_available=1228075008	ram_percent=41.5	swap_used=12263424	swap_percent=0.6	bytes_sent=8075	 bytes_recv=98123	 packets_sent=55	 packets_recv=83	 errin=0	 errout=0	 dropin=0	 dropout=0	read_count=0	 write_count=0	 read_bytes=0	 write_bytes=0	
Time=13:44:46	CPU0 Usage=2.5	CPU0time_system=4850.73	CPU0time_idle=71287.76	ram_available=1227792384	ram_percent=41.5	swap_used=12263424	swap_percent=0.6	bytes_sent=23648	 bytes_recv=272462	 packets_sent=158	 packets_recv=244	 errin=0	 errout=0	 dropin=0	 dropout=0	read_count=0	 write_count=0	 read_bytes=0	 write_bytes=0	
Time=13:44:48	CPU0 Usage=2.5	CPU0time_system=4850.77	CPU0time_idle=71289.69	ram_available=1227440128	ram_percent=41.5	swap_used=12263424	swap_percent=0.6	bytes_sent=16256	 bytes_recv=197811	 packets_sent=111	 packets_recv=169	 errin=0	 errout=0	 dropin=0	 dropout=0	read_count=0	 write_count=0	 read_bytes=0	 write_bytes=0	
Time=13:44:50	CPU0 Usage=2.5	CPU0time_system=4850.82	CPU0time_idle=71291.61	ram_available=1238409216	ram_percent=41.0	swap_used=12263424	swap_percent=0.6	bytes_sent=19129	 bytes_recv=243392	 packets_sent=130	 packets_recv=200	 errin=0	 errout=0	 dropin=0	 dropout=0	read_count=0	 write_count=0	 read_bytes=0	 write_bytes=0	
Time=13:44:52	CPU0 Usage=1.5	CPU0time_system=4850.84	CPU0time_idle=71293.58	ram_available=1238409216	ram_percent=41.0	swap_used=12263424	swap_percent=0.6	bytes_sent=19990	 bytes_recv=72549	 packets_sent=45	 packets_recv=63	 errin=0	 errout=0	 dropin=0	 dropout=0	read_count=0	 write_count=0	 read_bytes=0	 write_bytes=0	
Time=13:44:54	CPU0 Usage=1.0	CPU0time_system=4850.86	CPU0time_idle=71295.52	ram_available=1238409216	ram_percent=41.0	swap_used=12263424	swap_percent=0.6	bytes_sent=12220	 bytes_recv=153468	 packets_sent=85	 packets_recv=126	 errin=0	 errout=0	 dropin=0	 dropout=0	read_count=0	 write_count=0	 read_bytes=0	 write_bytes=0	
Time=13:44:56	CPU0 Usage=2.0	CPU0time_system=4850.9	CPU0time_idle=71297.46	ram_available=1238474752	ram_percent=41.0	swap_used=12263424	swap_percent=0.6	bytes_sent=17502	 bytes_recv=204792	 packets_sent=116	 packets_recv=173	 errin=0	 errout=0	 dropin=0	 dropout=0	read_count=0	 write_count=0	 read_bytes=0	 write_bytes=0	
Time=13:44:58	CPU0 Usage=1.0	CPU0time_system=4850.92	CPU0time_idle=71299.4	ram_available=1238441984	ram_percent=41.0	swap_used=12263424	swap_percent=0.6	bytes_sent=13184	 bytes_recv=164748	 packets_sent=88	 packets_recv=137	 errin=0	 errout=0	 dropin=0	 dropout=0	read_count=0	 write_count=0	 read_bytes=0	 write_bytes=0	
Time=13:45:00	CPU0 Usage=1.0	CPU0time_system=4850.94	CPU0time_idle=71301.35	ram_available=1238474752	ram_percent=41.0	swap_used=12263424	swap_percent=0.6	bytes_sent=9337	 bytes_recv=111350	 packets_sent=61	 packets_recv=94	 errin=0	 errout=0	 dropin=0	 dropout=0	read_count=0	 write_count=0	 read_bytes=0	 write_bytes=0	
Time=13:45:02	CPU0 Usage=1.0	CPU0time_system=4850.96	CPU0time_idle=71303.31	ram_available=1238474752	ram_percent=41.0	swap_used=12263424	swap_percent=0.6	bytes_sent=8136	 bytes_recv=97085	 packets_sent=57	 packets_recv=85	 errin=0	 errout=0	 dropin=0	 dropout=0	read_count=0	 write_count=4	 read_bytes=0	 write_bytes=16384	
Time=13:45:04	CPU0 Usage=1.5	CPU0time_system=4850.99	CPU0time_idle=71305.25	ram_available=1238343680	ram_percent=41.0	swap_used=12263424	swap_percent=0.6	bytes_sent=16673	 bytes_recv=198373	 packets_sent=112	 packets_recv=173	 errin=0	 errout=0	 dropin=0	 dropout=0	read_count=0	 write_count=6	 read_bytes=0	 write_bytes=32768	
Time=13:45:06	CPU0 Usage=0.5	CPU0time_system=4851.0	CPU0time_idle=71307.21	ram_available=1238315008	ram_percent=41.0	swap_used=12263424	swap_percent=0.6	bytes_sent=8262	 bytes_recv=100460	 packets_sent=57	 packets_recv=79	 errin=0	 errout=0	 dropin=0	 dropout=0	read_count=0	 write_count=0	 read_bytes=0	 write_bytes=0	
Time=13:45:08	CPU0 Usage=6.6	CPU0time_system=4851.12	CPU0time_idle=71309.06	ram_available=1236082688	ram_percent=41.1	swap_used=12263424	swap_percent=0.6	bytes_sent=11942	 bytes_recv=147373	 packets_sent=80	 packets_recv=122	 errin=0	 errout=0	 dropin=0	 dropout=0	read_count=0	 write_count=0	 read_bytes=0	 write_bytes=0	
Time=13:45:10	CPU0 Usage=0.0	CPU0time_system=4851.12	CPU0time_idle=71310.94	ram_available=1236082688	ram_percent=41.1	swap_used=12263424	swap_percent=0.6	bytes_sent=0	 bytes_recv=60	 packets_sent=0	 packets_recv=1	 errin=0	 errout=0	 dropin=0	 dropout=0	read_count=0	 write_count=0	 read_bytes=0	 write_bytes=0	
Time=13:45:12	CPU0 Usage=6.6	CPU0time_system=4851.24	CPU0time_idle=71312.77	ram_available=1235927040	ram_percent=41.1	swap_used=12263424	swap_percent=0.6	bytes_sent=20626	 bytes_recv=247210	 packets_sent=144	 packets_recv=213	 errin=0	 errout=0	 dropin=0	 dropout=0	read_count=0	 write_count=0	 read_bytes=0	 write_bytes=0	
Time=13:45:14	CPU0 Usage=2.1	CPU0time_system=4851.27	CPU0time_idle=71314.64	ram_available=1235800064	ram_percent=41.1	swap_used=12263424	swap_percent=0.6	bytes_sent=6206	 bytes_recv=74545	 packets_sent=42	 packets_recv=66	 errin=0	 errout=0	 dropin=0	 dropout=0	read_count=0	 write_count=0	 read_bytes=0	 write_bytes=0	
Time=13:45:16	CPU0 Usage=3.1	CPU0time_system=4851.32	CPU0time_idle=71316.49	ram_available=1235546112	ram_percent=41.1	swap_used=12263424	swap_percent=0.6	bytes_sent=9418	 bytes_recv=111428	 packets_sent=62	 packets_recv=93	 errin=0	 errout=0	 dropin=0	 dropout=0	read_count=0	 write_count=0	 read_bytes=0	 write_bytes=0	
Time=13:45:18	CPU0 Usage=9.6	CPU0time_system=4851.48	CPU0time_idle=71318.28	ram_available=1234857984	ram_percent=41.1	swap_used=12263424	swap_percent=0.6	bytes_sent=33701	 bytes_recv=418272	 packets_sent=232	 packets_recv=346	 errin=0	 errout=0	 dropin=0	 dropout=0	read_count=0	 write_count=0	 read_bytes=0	 write_bytes=0	
Time=13:45:20	CPU0 Usage=7.1	CPU0time_system=4851.59	CPU0time_idle=71320.12	ram_available=1234669568	ram_percent=41.1	swap_used=12263424	swap_percent=0.6	bytes_sent=14865	 bytes_recv=179543	 packets_sent=100	 packets_recv=147	 errin=0	 errout=0	 dropin=0	 dropout=0	read_count=0	 write_count=0	 read_bytes=0	 write_bytes=0	
Time=13:45:22	CPU0 Usage=6.5	CPU0time_system=4851.7	CPU0time_idle=71321.99	ram_available=1234575360	ram_percent=41.1	swap_used=12263424	swap_percent=0.6	bytes_sent=7302	 bytes_recv=94224	 packets_sent=49	 packets_recv=77	 errin=0	 errout=0	 dropin=0	 dropout=0	read_count=0	 write_count=0	 read_bytes=0	 write_bytes=0	
Time=13:45:24	CPU0 Usage=4.5	CPU0time_system=4851.78	CPU0time_idle=71323.88	ram_available=1234575360	ram_percent=41.1	swap_used=12263424	swap_percent=0.6	bytes_sent=3747	 bytes_recv=39944	 packets_sent=24	 packets_recv=34	 errin=0	 errout=0	 dropin=0	 dropout=0	read_count=0	 write_count=0	 read_bytes=0	 write_bytes=0	
Time=13:45:26	CPU0 Usage=9.4	CPU0time_system=4851.94	CPU0time_idle=71325.72	ram_available=1234194432	ram_percent=41.2	swap_used=12263424	swap_percent=0.6	bytes_sent=15375	 bytes_recv=182983	 packets_sent=107	 packets_recv=157	 errin=0	 errout=0	 dropin=0	 dropout=0	read_count=0	 write_count=0	 read_bytes=0	 write_bytes=0	
Time=13:45:28	CPU0 Usage=4.2	CPU0time_system=4852.01	CPU0time_idle=71327.56	ram_available=1234001920	ram_percent=41.2	swap_used=12263424	swap_percent=0.6	bytes_sent=12969	 bytes_recv=158580	 packets_sent=91	 packets_recv=136	 errin=0	 errout=0	 dropin=0	 dropout=0	read_count=0	 write_count=0	 read_bytes=0	 write_bytes=0	
Time=13:45:30	CPU0 Usage=7.5	CPU0time_system=4852.08	CPU0time_idle=71329.4	ram_available=1233666048	ram_percent=41.2	swap_used=12263424	swap_percent=0.6	bytes_sent=17232	 bytes_recv=202413	 packets_sent=115	 packets_recv=172	 errin=0	 errout=0	 dropin=0	 dropout=0	read_count=0	 write_count=0	 read_bytes=0	 write_bytes=0	
Time=13:45:32	CPU0 Usage=3.1	CPU0time_system=4852.11	CPU0time_idle=71331.26	ram_available=1233395712	ram_percent=41.2	swap_used=12263424	swap_percent=0.6	bytes_sent=9747	 bytes_recv=117053	 packets_sent=69	 packets_recv=100	 errin=0	 errout=0	 dropin=0	 dropout=0	read_count=0	 write_count=0	 read_bytes=0	 write_bytes=0	
Time=13:45:34	CPU0 Usage=6.1	CPU0time_system=4852.22	CPU0time_idle=71333.1	ram_available=1233240064	ram_percent=41.2	swap_used=12263424	swap_percent=0.6	bytes_sent=16141	 bytes_recv=192842	 packets_sent=110	 packets_recv=165	 errin=0	 errout=0	 dropin=0	 dropout=0	read_count=0	 write_count=0	 read_bytes=0	 write_bytes=0	
Time=13:45:36	CPU0 Usage=6.5	CPU0time_system=4852.33	CPU0time_idle=71334.96	ram_available=1233113088	ram_percent=41.2	swap_used=12263424	swap_percent=0.6	bytes_sent=7282	 bytes_recv=88766	 packets_sent=51	 packets_recv=75	 errin=0	 errout=0	 dropin=0	 dropout=0	read_count=0	 write_count=4	 read_bytes=0	 write_bytes=16384	
Time=13:45:38	CPU0 Usage=3.7	CPU0time_system=4852.38	CPU0time_idle=71336.78	ram_available=1232797696	ram_percent=41.2	swap_used=12263424	swap_percent=0.6	bytes_sent=23141	 bytes_recv=273304	 packets_sent=157	 packets_recv=233	 errin=0	 errout=0	 dropin=0	 dropout=0	read_count=0	 write_count=0	 read_bytes=0	 write_bytes=0	
Time=13:45:40	CPU0 Usage=6.6	CPU0time_system=4852.5	CPU0time_idle=71338.63	ram_available=1232531456	ram_percent=41.2	swap_used=12263424	swap_percent=0.6	bytes_sent=12392	 bytes_recv=154083	 packets_sent=86	 packets_recv=126	 errin=0	 errout=0	 dropin=0	 dropout=0	read_count=0	 write_count=0	 read_bytes=0	 write_bytes=0	
Time=13:45:42	CPU0 Usage=3.6	CPU0time_system=4852.56	CPU0time_idle=71340.48	ram_available=1232277504	ram_percent=41.2	swap_used=12263424	swap_percent=0.6	bytes_sent=10385	 bytes_recv=130596	 packets_sent=71	 packets_recv=110	 errin=0	 errout=0	 dropin=0	 dropout=0	read_count=0	 write_count=0	 read_bytes=0	 write_bytes=0	
Time=13:45:44	CPU0 Usage=7.1	CPU0time_system=4852.66	CPU0time_idle=71342.31	ram_available=1231863808	ram_percent=41.3	swap_used=12263424	swap_percent=0.6	bytes_sent=32657	 bytes_recv=230237	 packets_sent=132	 packets_recv=199	 errin=0	 errout=0	 dropin=0	 dropout=0	read_count=0	 write_count=0	 read_bytes=0	 write_bytes=0	
Time=13:45:46	CPU0 Usage=4.6	CPU0time_system=4852.75	CPU0time_idle=71344.18	ram_available=1231798272	ram_percent=41.3	swap_used=12263424	swap_percent=0.6	bytes_sent=5054	 bytes_recv=61219	 packets_sent=34	 packets_recv=54	 errin=0	 errout=0	 dropin=0	 dropout=0	read_count=0	 write_count=0	 read_bytes=0	 write_bytes=0	
Time=13:45:48	CPU0 Usage=7.5	CPU0time_system=4852.87	CPU0time_idle=71346.03	ram_available=1231577088	ram_percent=41.3	swap_used=12263424	swap_percent=0.6	bytes_sent=13261	 bytes_recv=153833	 packets_sent=89	 packets_recv=129	 errin=0	 errout=0	 dropin=0	 dropout=0	read_count=0	 write_count=0	 read_bytes=0	 write_bytes=0	
Time=13:45:50	CPU0 Usage=10.7	CPU0time_system=4853.04	CPU0time_idle=71347.86	ram_available=1231294464	ram_percent=41.3	swap_used=12263424	swap_percent=0.6	bytes_sent=22632	 bytes_recv=274011	 packets_sent=157	 packets_recv=232	 errin=0	 errout=0	 dropin=0	 dropout=0	read_count=0	 write_count=0	 read_bytes=0	 write_bytes=0	
Time=13:45:52	CPU0 Usage=9.5	CPU0time_system=4853.19	CPU0time_idle=71349.68	ram_available=1231040512	ram_percent=41.3	swap_used=12263424	swap_percent=0.6	bytes_sent=24258	 bytes_recv=286266	 packets_sent=168	 packets_recv=242	 errin=0	 errout=0	 dropin=0	 dropout=0	read_count=0	 write_count=0	 read_bytes=0	 write_bytes=0	
Time=13:45:54	CPU0 Usage=7.1	CPU0time_system=4853.29	CPU0time_idle=71351.51	ram_available=1230852096	ram_percent=41.3	swap_used=12263424	swap_percent=0.6	bytes_sent=16742	 bytes_recv=196900	 packets_sent=111	 packets_recv=164	 errin=0	 errout=0	 dropin=0	 dropout=0	read_count=0	 write_count=0	 read_bytes=0	 write_bytes=0	
Time=13:45:56	CPU0 Usage=6.0	CPU0time_system=4853.38	CPU0time_idle=71353.38	ram_available=1230757888	ram_percent=41.3	swap_used=12263424	swap_percent=0.6	bytes_sent=5034	 bytes_recv=65681	 packets_sent=35	 packets_recv=55	 errin=0	 errout=0	 dropin=0	 dropout=0	read_count=0	 write_count=0	 read_bytes=0	 write_bytes=0	
Time=13:45:58	CPU0 Usage=8.1	CPU0time_system=4853.51	CPU0time_idle=71355.2	ram_available=1230278656	ram_percent=41.3	swap_used=12263424	swap_percent=0.6	bytes_sent=19644	 bytes_recv=247048	 packets_sent=133	 packets_recv=207	 errin=0	 errout=0	 dropin=0	 dropout=0	read_count=0	 write_count=0	 read_bytes=0	 write_bytes=0	
Time=13:46:00	CPU0 Usage=11.1	CPU0time_system=4853.66	CPU0time_idle=71357.05	ram_available=1230086144	ram_percent=41.4	swap_used=12263424	swap_percent=0.6	bytes_sent=11222	 bytes_recv=127455	 packets_sent=76	 packets_recv=109	 errin=0	 errout=0	 dropin=0	 dropout=0	read_count=0	 write_count=0	 read_bytes=0	 write_bytes=0	
Time=13:46:02	CPU0 Usage=5.7	CPU0time_system=4853.75	CPU0time_idle=71358.88	ram_available=1230012416	ram_percent=41.4	swap_used=12263424	swap_percent=0.6	bytes_sent=16945	 bytes_recv=208203	 packets_sent=117	 packets_recv=178	 errin=0	 errout=0	 dropin=0	 dropout=0	read_count=0	 write_count=0	 read_bytes=0	 write_bytes=0	
Time=13:46:04	CPU0 Usage=8.9	CPU0time_system=4853.92	CPU0time_idle=71360.72	ram_available=1229692928	ram_percent=41.4	swap_used=12263424	swap_percent=0.6	bytes_sent=16202	 bytes_recv=206952	 packets_sent=109	 packets_recv=170	 errin=0	 errout=0	 dropin=0	 dropout=0	read_count=0	 write_count=0	 read_bytes=0	 write_bytes=0	
Time=13:46:06	CPU0 Usage=7.1	CPU0time_system=4854.04	CPU0time_idle=71362.56	ram_available=1229279232	ram_percent=41.4	swap_used=12263424	swap_percent=0.6	bytes_sent=16981	 bytes_recv=205836	 packets_sent=118	 packets_recv=172	 errin=0	 errout=0	 dropin=0	 dropout=0	read_count=0	 write_count=0	 read_bytes=0	 write_bytes=0	
Time=13:46:08	CPU0 Usage=6.0	CPU0time_system=4854.13	CPU0time_idle=71364.43	ram_available=1229058048	ram_percent=41.4	swap_used=12263424	swap_percent=0.6	bytes_sent=10593	 bytes_recv=130823	 packets_sent=71	 packets_recv=109	 errin=0	 errout=0	 dropin=0	 dropout=0	read_count=0	 write_count=0	 read_bytes=0	 write_bytes=0	
Time=13:46:10	CPU0 Usage=7.5	CPU0time_system=4854.26	CPU0time_idle=71366.27	ram_available=1228771328	ram_percent=41.4	swap_used=12263424	swap_percent=0.6	bytes_sent=17562	 bytes_recv=212199	 packets_sent=118	 packets_recv=181	 errin=0	 errout=0	 dropin=0	 dropout=0	read_count=0	 write_count=0	 read_bytes=0	 write_bytes=0	
Time=13:46:12	CPU0 Usage=5.6	CPU0time_system=4854.34	CPU0time_idle=71368.12	ram_available=1228517376	ram_percent=41.4	swap_used=12263424	swap_percent=0.6	bytes_sent=16126	 bytes_recv=193059	 packets_sent=109	 packets_recv=162	 errin=0	 errout=0	 dropin=0	 dropout=0	read_count=0	 write_count=0	 read_bytes=0	 write_bytes=0	
Time=13:46:14	CPU0 Usage=5.0	CPU0time_system=4854.43	CPU0time_idle=71370.01	ram_available=1228541952	ram_percent=41.4	swap_used=12263424	swap_percent=0.6	bytes_sent=4484	 bytes_recv=46507	 packets_sent=29	 packets_recv=45	 errin=0	 errout=0	 dropin=0	 dropout=0	read_count=0	 write_count=0	 read_bytes=0	 write_bytes=0	
Time=13:46:16	CPU0 Usage=7.5	CPU0time_system=4854.54	CPU0time_idle=71371.87	ram_available=1228095488	ram_percent=41.4	swap_used=12263424	swap_percent=0.6	bytes_sent=16820	 bytes_recv=195552	 packets_sent=110	 packets_recv=169	 errin=0	 errout=0	 dropin=0	 dropout=0	read_count=0	 write_count=0	 read_bytes=0	 write_bytes=0	
Time=13:46:18	CPU0 Usage=4.5	CPU0time_system=4854.62	CPU0time_idle=71373.76	ram_available=1227907072	ram_percent=41.5	swap_used=12263424	swap_percent=0.6	bytes_sent=12098	 bytes_recv=137498	 packets_sent=80	 packets_recv=117	 errin=0	 errout=0	 dropin=0	 dropout=0	read_count=0	 write_count=0	 read_bytes=0	 write_bytes=0	
Time=13:46:20	CPU0 Usage=0.5	CPU0time_system=4854.63	CPU0time_idle=71375.73	ram_available=1227874304	ram_percent=41.5	swap_used=12263424	swap_percent=0.6	bytes_sent=2908	 bytes_recv=37416	 packets_sent=21	 packets_recv=33	 errin=0	 errout=0	 dropin=0	 dropout=0	read_count=0	 write_count=0	 read_bytes=0	 write_bytes=0	
Time=13:46:22	CPU0 Usage=1.5	CPU0time_system=4854.65	CPU0time_idle=71377.68	ram_available=1227681792	ram_percent=41.5	swap_used=12263424	swap_percent=0.6	bytes_sent=11741	 bytes_recv=133030	 packets_sent=82	 packets_recv=117	 errin=0	 errout=0	 dropin=0	 dropout=0	read_count=0	 write_count=0	 read_bytes=0	 write_bytes=0	
Time=13:46:24	CPU0 Usage=2.5	CPU0time_system=4854.69	CPU0time_idle=71379.62	ram_available=1227460608	ram_percent=41.5	swap_used=12263424	swap_percent=0.6	bytes_sent=15340	 bytes_recv=190012	 packets_sent=107	 packets_recv=157	 errin=0	 errout=0	 dropin=0	 dropout=0	read_count=0	 write_count=0	 read_bytes=0	 write_bytes=0	
Time=13:46:26	CPU0 Usage=3.0	CPU0time_system=4854.74	CPU0time_idle=71381.54	ram_available=1227112448	ram_percent=41.5	swap_used=12263424	swap_percent=0.6	bytes_sent=22681	 bytes_recv=283884	 packets_sent=159	 packets_recv=237	 errin=0	 errout=0	 dropin=0	 dropout=0	read_count=0	 write_count=0	 read_bytes=0	 write_bytes=0	
Time=13:46:28	CPU0 Usage=2.5	CPU0time_system=4854.78	CPU0time_idle=71383.48	ram_available=1226952704	ram_percent=41.5	swap_used=12263424	swap_percent=0.6	bytes_sent=15393	 bytes_recv=179146	 packets_sent=104	 packets_recv=157	 errin=0	 errout=0	 dropin=0	 dropout=0	read_count=0	 write_count=0	 read_bytes=0	 write_bytes=0	
Time=13:46:30	CPU0 Usage=0.0	CPU0time_system=4854.78	CPU0time_idle=71385.45	ram_available=1226915840	ram_percent=41.5	swap_used=12263424	swap_percent=0.6	bytes_sent=5645	 bytes_recv=71232	 packets_sent=39	 packets_recv=60	 errin=0	 errout=0	 dropin=0	 dropout=0	read_count=0	 write_count=0	 read_bytes=0	 write_bytes=0	
Time=13:46:32	CPU0 Usage=3.0	CPU0time_system=4854.84	CPU0time_idle=71387.37	ram_available=1226285056	ram_percent=41.5	swap_used=12263424	swap_percent=0.6	bytes_sent=20533	 bytes_recv=255713	 packets_sent=142	 packets_recv=214	 errin=0	 errout=0	 dropin=0	 dropout=0	read_count=0	 write_count=0	 read_bytes=0	 write_bytes=0	
Time=13:46:34	CPU0 Usage=4.0	CPU0time_system=4854.92	CPU0time_idle=71389.28	ram_available=1225875456	ram_percent=41.6	swap_used=12263424	swap_percent=0.6	bytes_sent=41642	 bytes_recv=322306	 packets_sent=191	 packets_recv=275	 errin=0	 errout=0	 dropin=0	 dropout=0	read_count=0	 write_count=0	 read_bytes=0	 write_bytes=0	
Time=13:46:36	CPU0 Usage=2.5	CPU0time_system=4854.96	CPU0time_idle=71391.2	ram_available=1225396224	ram_percent=41.6	swap_used=12263424	swap_percent=0.6	bytes_sent=19811	 bytes_recv=245346	 packets_sent=138	 packets_recv=213	 errin=0	 errout=0	 dropin=0	 dropout=0	read_count=0	 write_count=0	 read_bytes=0	 write_bytes=0	
Time=13:46:38	CPU0 Usage=4.0	CPU0time_system=4855.04	CPU0time_idle=71393.12	ram_available=1225146368	ram_percent=41.6	swap_used=12263424	swap_percent=0.6	bytes_sent=24697	 bytes_recv=290998	 packets_sent=165	 packets_recv=248	 errin=0	 errout=0	 dropin=0	 dropout=0	read_count=0	 write_count=0	 read_bytes=0	 write_bytes=0	
Time=13:46:40	CPU0 Usage=1.0	CPU0time_system=4855.06	CPU0time_idle=71395.08	ram_available=1224986624	ram_percent=41.6	swap_used=12263424	swap_percent=0.6	bytes_sent=8034	 bytes_recv=105084	 packets_sent=56	 packets_recv=84	 errin=0	 errout=0	 dropin=0	 dropout=0	read_count=0	 write_count=0	 read_bytes=0	 write_bytes=0	
Time=13:46:42	CPU0 Usage=3.6	CPU0time_system=4855.13	CPU0time_idle=71396.97	ram_available=1236402176	ram_percent=41.1	swap_used=12263424	swap_percent=0.6	bytes_sent=25878	 bytes_recv=314825	 packets_sent=179	 packets_recv=262	 errin=0	 errout=0	 dropin=0	 dropout=0	read_count=0	 write_count=0	 read_bytes=0	 write_bytes=0	
Time=13:46:44	CPU0 Usage=5.1	CPU0time_system=4855.23	CPU0time_idle=71398.83	ram_available=1235009536	ram_percent=41.1	swap_used=12263424	swap_percent=0.6	bytes_sent=19297	 bytes_recv=237416	 packets_sent=132	 packets_recv=201	 errin=0	 errout=0	 dropin=0	 dropout=0	read_count=0	 write_count=0	 read_bytes=0	 write_bytes=0	
Time=13:46:46	CPU0 Usage=5.6	CPU0time_system=4855.31	CPU0time_idle=71400.7	ram_available=1235009536	ram_percent=41.1	swap_used=12263424	swap_percent=0.6	bytes_sent=3448	 bytes_recv=40924	 packets_sent=23	 packets_recv=34	 errin=0	 errout=0	 dropin=0	 dropout=0	read_count=0	 write_count=0	 read_bytes=0	 write_bytes=0	
Time=13:46:48	CPU0 Usage=6.1	CPU0time_system=4855.4	CPU0time_idle=71402.54	ram_available=1234726912	ram_percent=41.1	swap_used=12263424	swap_percent=0.6	bytes_sent=15123	 bytes_recv=186668	 packets_sent=99	 packets_recv=152	 errin=0	 errout=0	 dropin=0	 dropout=0	read_count=0	 write_count=0	 read_bytes=0	 write_bytes=0	
Time=13:46:50	CPU0 Usage=6.1	CPU0time_system=4855.48	CPU0time_idle=71404.38	ram_available=1234472960	ram_percent=41.1	swap_used=12263424	swap_percent=0.6	bytes_sent=10771	 bytes_recv=132115	 packets_sent=75	 packets_recv=117	 errin=0	 errout=0	 dropin=0	 dropout=0	read_count=0	 write_count=0	 read_bytes=0	 write_bytes=0	
Time=13:46:52	CPU0 Usage=8.6	CPU0time_system=4855.63	CPU0time_idle=71406.18	ram_available=1234219008	ram_percent=41.2	swap_used=12263424	swap_percent=0.6	bytes_sent=26360	 bytes_recv=331528	 packets_sent=181	 packets_recv=270	 errin=0	 errout=0	 dropin=0	 dropout=0	read_count=0	 write_count=0	 read_bytes=0	 write_bytes=0	
Time=13:46:54	CPU0 Usage=5.6	CPU0time_system=4855.7	CPU0time_idle=71408.02	ram_available=1234059264	ram_percent=41.2	swap_used=12263424	swap_percent=0.6	bytes_sent=13552	 bytes_recv=159549	 packets_sent=91	 packets_recv=135	 errin=0	 errout=0	 dropin=0	 dropout=0	read_count=0	 write_count=0	 read_bytes=0	 write_bytes=0	
Time=13:46:56	CPU0 Usage=4.6	CPU0time_system=4855.78	CPU0time_idle=71409.87	ram_available=1234059264	ram_percent=41.2	swap_used=12263424	swap_percent=0.6	bytes_sent=9980	 bytes_recv=122316	 packets_sent=70	 packets_recv=102	 errin=0	 errout=0	 dropin=0	 dropout=0	read_count=0	 write_count=0	 read_bytes=0	 write_bytes=0	
Time=13:46:58	CPU0 Usage=6.2	CPU0time_system=4855.89	CPU0time_idle=71411.7	ram_available=1233580032	ram_percent=41.2	swap_used=12263424	swap_percent=0.6	bytes_sent=19036	 bytes_recv=228255	 packets_sent=129	 packets_recv=194	 errin=0	 errout=0	 dropin=0	 dropout=0	read_count=0	 write_count=0	 read_bytes=0	 write_bytes=0	
Time=13:47:00	CPU0 Usage=6.1	CPU0time_system=4855.99	CPU0time_idle=71413.56	ram_available=1233612800	ram_percent=41.2	swap_used=12263424	swap_percent=0.6	bytes_sent=6957	 bytes_recv=77604	 packets_sent=46	 packets_recv=66	 errin=0	 errout=0	 dropin=0	 dropout=0	read_count=0	 write_count=0	 read_bytes=0	 write_bytes=0	
Time=13:47:02	CPU0 Usage=6.6	CPU0time_system=4856.1	CPU0time_idle=71415.4	ram_available=1233264640	ram_percent=41.2	swap_used=12263424	swap_percent=0.6	bytes_sent=15505	 bytes_recv=193537	 packets_sent=108	 packets_recv=160	 errin=0	 errout=0	 dropin=0	 dropout=0	read_count=0	 write_count=0	 read_bytes=0	 write_bytes=0	
Time=13:47:04	CPU0 Usage=7.1	CPU0time_system=4856.19	CPU0time_idle=71417.23	ram_available=1232945152	ram_percent=41.2	swap_used=12263424	swap_percent=0.6	bytes_sent=17549	 bytes_recv=217113	 packets_sent=119	 packets_recv=177	 errin=0	 errout=0	 dropin=0	 dropout=0	read_count=0	 write_count=0	 read_bytes=0	 write_bytes=0	
Time=13:47:06	CPU0 Usage=3.1	CPU0time_system=4856.25	CPU0time_idle=71419.09	ram_available=1232818176	ram_percent=41.2	swap_used=12263424	swap_percent=0.6	bytes_sent=8265	 bytes_recv=100725	 packets_sent=59	 packets_recv=85	 errin=0	 errout=0	 dropin=0	 dropout=0	read_count=0	 write_count=0	 read_bytes=0	 write_bytes=0	
Time=13:47:08	CPU0 Usage=7.1	CPU0time_system=4856.36	CPU0time_idle=71420.93	ram_available=1232470016	ram_percent=41.2	swap_used=12263424	swap_percent=0.6	bytes_sent=11550	 bytes_recv=140582	 packets_sent=78	 packets_recv=120	 errin=0	 errout=0	 dropin=0	 dropout=0	read_count=0	 write_count=0	 read_bytes=0	 write_bytes=0	
Time=13:47:10	CPU0 Usage=6.1	CPU0time_system=4856.45	CPU0time_idle=71422.78	ram_available=1232343040	ram_percent=41.2	swap_used=12263424	swap_percent=0.6	bytes_sent=9697	 bytes_recv=111777	 packets_sent=64	 packets_recv=94	 errin=0	 errout=0	 dropin=0	 dropout=0	read_count=0	 write_count=0	 read_bytes=0	 write_bytes=0	
Time=13:47:12	CPU0 Usage=9.5	CPU0time_system=4856.6	CPU0time_idle=71424.58	ram_available=1231933440	ram_percent=41.3	swap_used=12263424	swap_percent=0.6	bytes_sent=31356	 bytes_recv=380042	 packets_sent=214	 packets_recv=321	 errin=0	 errout=0	 dropin=0	 dropout=0	read_count=0	 write_count=0	 read_bytes=0	 write_bytes=0	
Time=13:47:14	CPU0 Usage=5.2	CPU0time_system=4856.68	CPU0time_idle=71426.42	ram_available=1231360000	ram_percent=41.3	swap_used=12263424	swap_percent=0.6	bytes_sent=14053	 bytes_recv=173607	 packets_sent=94	 packets_recv=142	 errin=0	 errout=0	 dropin=0	 dropout=0	read_count=0	 write_count=0	 read_bytes=0	 write_bytes=0	
Time=13:47:16	CPU0 Usage=5.6	CPU0time_system=4856.76	CPU0time_idle=71428.26	ram_available=1231253504	ram_percent=41.3	swap_used=12263424	swap_percent=0.6	bytes_sent=12713	 bytes_recv=161896	 packets_sent=89	 packets_recv=135	 errin=0	 errout=0	 dropin=0	 dropout=0	read_count=0	 write_count=0	 read_bytes=0	 write_bytes=0	
Time=13:47:18	CPU0 Usage=7.1	CPU0time_system=4856.87	CPU0time_idle=71430.08	ram_available=1230934016	ram_percent=41.3	swap_used=12263424	swap_percent=0.6	bytes_sent=19977	 bytes_recv=233145	 packets_sent=132	 packets_recv=195	 errin=0	 errout=0	 dropin=0	 dropout=0	read_count=0	 write_count=0	 read_bytes=0	 write_bytes=0	
Time=13:47:20	CPU0 Usage=5.6	CPU0time_system=4856.97	CPU0time_idle=71431.93	ram_available=1230741504	ram_percent=41.3	swap_used=12263424	swap_percent=0.6	bytes_sent=9869	 bytes_recv=109326	 packets_sent=66	 packets_recv=94	 errin=0	 errout=0	 dropin=0	 dropout=0	read_count=0	 write_count=0	 read_bytes=0	 write_bytes=0	
Time=13:47:22	CPU0 Usage=4.6	CPU0time_system=4857.04	CPU0time_idle=71433.78	ram_available=1230585856	ram_percent=41.3	swap_used=12263424	swap_percent=0.6	bytes_sent=12070	 bytes_recv=147608	 packets_sent=83	 packets_recv=125	 errin=0	 errout=0	 dropin=0	 dropout=0	read_count=0	 write_count=0	 read_bytes=0	 write_bytes=0	
Time=13:47:24	CPU0 Usage=3.6	CPU0time_system=4857.09	CPU0time_idle=71435.64	ram_available=1230651392	ram_percent=41.3	swap_used=12263424	swap_percent=0.6	bytes_sent=4551	 bytes_recv=50370	 packets_sent=31	 packets_recv=45	 errin=0	 errout=0	 dropin=0	 dropout=0	read_count=0	 write_count=0	 read_bytes=0	 write_bytes=0	
Time=13:47:26	CPU0 Usage=7.5	CPU0time_system=4857.22	CPU0time_idle=71437.48	ram_available=1230462976	ram_percent=41.3	swap_used=12263424	swap_percent=0.6	bytes_sent=27991	 bytes_recv=170158	 packets_sent=102	 packets_recv=149	 errin=0	 errout=0	 dropin=0	 dropout=0	read_count=0	 write_count=0	 read_bytes=0	 write_bytes=0	
Time=13:47:28	CPU0 Usage=6.6	CPU0time_system=4857.34	CPU0time_idle=71439.33	ram_available=1230303232	ram_percent=41.3	swap_used=12263424	swap_percent=0.6	bytes_sent=7145	 bytes_recv=75929	 packets_sent=45	 packets_recv=65	 errin=0	 errout=0	 dropin=0	 dropout=0	read_count=0	 write_count=0	 read_bytes=0	 write_bytes=0	
Time=13:47:30	CPU0 Usage=8.0	CPU0time_system=4857.47	CPU0time_idle=71441.18	ram_available=1229983744	ram_percent=41.4	swap_used=12263424	swap_percent=0.6	bytes_sent=11852	 bytes_recv=147912	 packets_sent=82	 packets_recv=120	 errin=0	 errout=0	 dropin=0	 dropout=0	read_count=0	 write_count=0	 read_bytes=0	 write_bytes=0	
Time=13:47:32	CPU0 Usage=7.7	CPU0time_system=4857.58	CPU0time_idle=71442.98	ram_available=1229504512	ram_percent=41.4	swap_used=12263424	swap_percent=0.6	bytes_sent=25811	 bytes_recv=307972	 packets_sent=178	 packets_recv=267	 errin=0	 errout=0	 dropin=0	 dropout=0	read_count=0	 write_count=0	 read_bytes=0	 write_bytes=0	
Time=13:47:34	CPU0 Usage=6.1	CPU0time_system=4857.7	CPU0time_idle=71444.82	ram_available=1229381632	ram_percent=41.4	swap_used=12263424	swap_percent=0.6	bytes_sent=12029	 bytes_recv=152342	 packets_sent=83	 packets_recv=125	 errin=0	 errout=0	 dropin=0	 dropout=0	read_count=0	 write_count=0	 read_bytes=0	 write_bytes=0	
Time=13:47:36	CPU0 Usage=4.2	CPU0time_system=4857.78	CPU0time_idle=71446.66	ram_available=1229189120	ram_percent=41.4	swap_used=12263424	swap_percent=0.6	bytes_sent=12005	 bytes_recv=144564	 packets_sent=78	 packets_recv=119	 errin=0	 errout=0	 dropin=0	 dropout=0	read_count=0	 write_count=0	 read_bytes=0	 write_bytes=0	
Time=13:47:38	CPU0 Usage=4.6	CPU0time_system=4857.86	CPU0time_idle=71448.53	ram_available=1229094912	ram_percent=41.4	swap_used=12263424	swap_percent=0.6	bytes_sent=2993	 bytes_recv=29101	 packets_sent=21	 packets_recv=29	 errin=0	 errout=0	 dropin=0	 dropout=0	read_count=0	 write_count=0	 read_bytes=0	 write_bytes=0	
Time=13:47:40	CPU0 Usage=8.6	CPU0time_system=4858.0	CPU0time_idle=71450.33	ram_available=1228357632	ram_percent=41.4	swap_used=12263424	swap_percent=0.6	bytes_sent=28453	 bytes_recv=352457	 packets_sent=194	 packets_recv=301	 errin=0	 errout=0	 dropin=0	 dropout=0	read_count=0	 write_count=0	 read_bytes=0	 write_bytes=0	
Time=13:47:42	CPU0 Usage=3.1	CPU0time_system=4858.04	CPU0time_idle=71452.18	ram_available=1228263424	ram_percent=41.4	swap_used=12263424	swap_percent=0.6	bytes_sent=8032	 bytes_recv=100626	 packets_sent=55	 packets_recv=80	 errin=0	 errout=0	 dropin=0	 dropout=0	read_count=0	 write_count=0	 read_bytes=0	 write_bytes=0	
Time=13:47:44	CPU0 Usage=6.1	CPU0time_system=4858.13	CPU0time_idle=71454.02	ram_available=1228042240	ram_percent=41.5	swap_used=12263424	swap_percent=0.6	bytes_sent=17008	 bytes_recv=209351	 packets_sent=117	 packets_recv=174	 errin=0	 errout=0	 dropin=0	 dropout=0	read_count=0	 write_count=0	 read_bytes=0	 write_bytes=0	
Time=13:47:46	CPU0 Usage=6.7	CPU0time_system=4858.24	CPU0time_idle=71455.84	ram_available=1227501568	ram_percent=41.5	swap_used=12263424	swap_percent=0.6	bytes_sent=25044	 bytes_recv=312259	 packets_sent=172	 packets_recv=256	 errin=0	 errout=0	 dropin=0	 dropout=0	read_count=0	 write_count=0	 read_bytes=0	 write_bytes=0	
Time=13:47:48	CPU0 Usage=5.1	CPU0time_system=4858.31	CPU0time_idle=71457.71	ram_available=1227247616	ram_percent=41.5	swap_used=12263424	swap_percent=0.6	bytes_sent=7434	 bytes_recv=93257	 packets_sent=50	 packets_recv=79	 errin=0	 errout=0	 dropin=0	 dropout=0	read_count=0	 write_count=0	 read_bytes=0	 write_bytes=0	
Time=13:47:50	CPU0 Usage=5.1	CPU0time_system=4858.4	CPU0time_idle=71459.58	ram_available=1227120640	ram_percent=41.5	swap_used=12263424	swap_percent=0.6	bytes_sent=8857	 bytes_recv=112142	 packets_sent=61	 packets_recv=92	 errin=0	 errout=0	 dropin=0	 dropout=0	read_count=0	 write_count=0	 read_bytes=0	 write_bytes=0	
Time=13:47:52	CPU0 Usage=8.5	CPU0time_system=4858.52	CPU0time_idle=71461.4	ram_available=1226608640	ram_percent=41.5	swap_used=12263424	swap_percent=0.6	bytes_sent=25583	 bytes_recv=307325	 packets_sent=175	 packets_recv=265	 errin=0	 errout=0	 dropin=0	 dropout=0	read_count=0	 write_count=0	 read_bytes=0	 write_bytes=0	
Time=13:47:54	CPU0 Usage=6.6	CPU0time_system=4858.62	CPU0time_idle=71463.25	ram_available=1226326016	ram_percent=41.5	swap_used=12263424	swap_percent=0.6	bytes_sent=18172	 bytes_recv=232416	 packets_sent=126	 packets_recv=196	 errin=0	 errout=0	 dropin=0	 dropout=0	read_count=0	 write_count=0	 read_bytes=0	 write_bytes=0	
Time=13:47:56	CPU0 Usage=3.5	CPU0time_system=4858.68	CPU0time_idle=71465.16	ram_available=1226072064	ram_percent=41.5	swap_used=12263424	swap_percent=0.6	bytes_sent=19016	 bytes_recv=233877	 packets_sent=128	 packets_recv=195	 errin=0	 errout=0	 dropin=0	 dropout=0	read_count=0	 write_count=0	 read_bytes=0	 write_bytes=0	
Time=13:47:58	CPU0 Usage=1.0	CPU0time_system=4858.7	CPU0time_idle=71467.12	ram_available=1225912320	ram_percent=41.6	swap_used=12263424	swap_percent=0.6	bytes_sent=5731	 bytes_recv=70763	 packets_sent=38	 packets_recv=60	 errin=0	 errout=0	 dropin=0	 dropout=0	read_count=0	 write_count=0	 read_bytes=0	 write_bytes=0	
Time=13:48:00	CPU0 Usage=1.5	CPU0time_system=4858.73	CPU0time_idle=71469.08	ram_available=1225818112	ram_percent=41.6	swap_used=12263424	swap_percent=0.6	bytes_sent=8124	 bytes_recv=88543	 packets_sent=54	 packets_recv=79	 errin=0	 errout=0	 dropin=0	 dropout=0	read_count=0	 write_count=0	 read_bytes=0	 write_bytes=0	
Time=13:48:02	CPU0 Usage=1.5	CPU0time_system=4858.75	CPU0time_idle=71471.0	ram_available=1225535488	ram_percent=41.6	swap_used=12263424	swap_percent=0.6	bytes_sent=17554	 bytes_recv=217336	 packets_sent=121	 packets_recv=177	 errin=0	 errout=0	 dropin=0	 dropout=0	read_count=0	 write_count=0	 read_bytes=0	 write_bytes=0	
Time=13:48:04	CPU0 Usage=3.0	CPU0time_system=4858.8	CPU0time_idle=71472.94	ram_available=1225056256	ram_percent=41.6	swap_used=12263424	swap_percent=0.6	bytes_sent=17450	 bytes_recv=219348	 packets_sent=122	 packets_recv=185	 errin=0	 errout=0	 dropin=0	 dropout=0	read_count=0	 write_count=0	 read_bytes=0	 write_bytes=0	
Time=13:48:06	CPU0 Usage=1.5	CPU0time_system=4858.82	CPU0time_idle=71474.86	ram_available=1224708096	ram_percent=41.6	swap_used=12263424	swap_percent=0.6	bytes_sent=19767	 bytes_recv=239606	 packets_sent=132	 packets_recv=201	 errin=0	 errout=0	 dropin=0	 dropout=0	read_count=0	 write_count=0	 read_bytes=0	 write_bytes=0	
Time=13:48:08	CPU0 Usage=3.0	CPU0time_system=4858.88	CPU0time_idle=71476.8	ram_available=1224519680	ram_percent=41.6	swap_used=12263424	swap_percent=0.6	bytes_sent=18002	 bytes_recv=220028	 packets_sent=121	 packets_recv=183	 errin=0	 errout=0	 dropin=0	 dropout=0	read_count=0	 write_count=0	 read_bytes=0	 write_bytes=0	
Time=13:48:10	CPU0 Usage=1.5	CPU0time_system=4858.91	CPU0time_idle=71478.76	ram_available=1224261632	ram_percent=41.6	swap_used=12263424	swap_percent=0.6	bytes_sent=7941	 bytes_recv=96130	 packets_sent=54	 packets_recv=83	 errin=0	 errout=0	 dropin=0	 dropout=0	read_count=0	 write_count=0	 read_bytes=0	 write_bytes=0	
Time=13:48:12	CPU0 Usage=3.6	CPU0time_system=4858.98	CPU0time_idle=71480.66	ram_available=1223692288	ram_percent=41.7	swap_used=12263424	swap_percent=0.6	bytes_sent=25685	 bytes_recv=323080	 packets_sent=175	 packets_recv=265	 errin=0	 errout=0	 dropin=0	 dropout=0	read_count=0	 write_count=0	 read_bytes=0	 write_bytes=0	
Time=13:48:14	CPU0 Usage=3.5	CPU0time_system=4859.04	CPU0time_idle=71482.6	ram_available=1223340032	ram_percent=41.7	swap_used=12263424	swap_percent=0.6	bytes_sent=16161	 bytes_recv=196536	 packets_sent=111	 packets_recv=172	 errin=0	 errout=0	 dropin=0	 dropout=0	read_count=0	 write_count=0	 read_bytes=0	 write_bytes=0	
Time=13:48:16	CPU0 Usage=1.5	CPU0time_system=4859.07	CPU0time_idle=71484.54	ram_available=1223053312	ram_percent=41.7	swap_used=12263424	swap_percent=0.6	bytes_sent=27638	 bytes_recv=159974	 packets_sent=94	 packets_recv=139	 errin=0	 errout=0	 dropin=0	 dropout=0	read_count=0	 write_count=0	 read_bytes=0	 write_bytes=0	
Time=13:48:18	CPU0 Usage=1.5	CPU0time_system=4859.1	CPU0time_idle=71486.49	ram_available=1222737920	ram_percent=41.7	swap_used=12263424	swap_percent=0.6	bytes_sent=10800	 bytes_recv=127645	 packets_sent=70	 packets_recv=104	 errin=0	 errout=0	 dropin=0	 dropout=0	read_count=0	 write_count=0	 read_bytes=0	 write_bytes=0	
Time=13:48:20	CPU0 Usage=1.5	CPU0time_system=4859.13	CPU0time_idle=71488.44	ram_available=1233739776	ram_percent=41.2	swap_used=12263424	swap_percent=0.6	bytes_sent=5836	 bytes_recv=76782	 packets_sent=41	 packets_recv=64	 errin=0	 errout=0	 dropin=0	 dropout=0	read_count=0	 write_count=0	 read_bytes=0	 write_bytes=0	
Time=13:48:22	CPU0 Usage=9.1	CPU0time_system=4859.3	CPU0time_idle=71490.24	ram_available=1232117760	ram_percent=41.3	swap_used=12263424	swap_percent=0.6	bytes_sent=26253	 bytes_recv=322214	 packets_sent=179	 packets_recv=276	 errin=0	 errout=0	 dropin=0	 dropout=0	read_count=0	 write_count=0	 read_bytes=0	 write_bytes=0	
Time=13:48:24	CPU0 Usage=6.5	CPU0time_system=4859.42	CPU0time_idle=71492.1	ram_available=1232183296	ram_percent=41.3	swap_used=12263424	swap_percent=0.6	bytes_sent=5522	 bytes_recv=60669	 packets_sent=35	 packets_recv=55	 errin=0	 errout=0	 dropin=0	 dropout=0	read_count=0	 write_count=0	 read_bytes=0	 write_bytes=0	
Time=13:48:26	CPU0 Usage=10.6	CPU0time_system=4859.6	CPU0time_idle=71493.95	ram_available=1232281600	ram_percent=41.2	swap_used=12263424	swap_percent=0.6	bytes_sent=13394	 bytes_recv=171581	 packets_sent=92	 packets_recv=141	 errin=0	 errout=0	 dropin=0	 dropout=0	read_count=0	 write_count=0	 read_bytes=0	 write_bytes=0	
Time=13:48:28	CPU0 Usage=10.5	CPU0time_system=4859.77	CPU0time_idle=71495.83	ram_available=1232281600	ram_percent=41.2	swap_used=12263424	swap_percent=0.6	bytes_sent=230	 bytes_recv=66	 packets_sent=1	 packets_recv=1	 errin=0	 errout=0	 dropin=0	 dropout=0	read_count=0	 write_count=0	 read_bytes=0	 write_bytes=0	
Time=13:48:30	CPU0 Usage=5.6	CPU0time_system=4859.88	CPU0time_idle=71497.7	ram_available=1232314368	ram_percent=41.2	swap_used=12263424	swap_percent=0.6	bytes_sent=4251	 bytes_recv=52341	 packets_sent=29	 packets_recv=44	 errin=0	 errout=0	 dropin=0	 dropout=0	read_count=0	 write_count=0	 read_bytes=0	 write_bytes=0	
Time=13:48:32	CPU0 Usage=9.0	CPU0time_system=4860.04	CPU0time_idle=71499.52	ram_available=1232216064	ram_percent=41.3	swap_used=12263424	swap_percent=0.6	bytes_sent=22265	 bytes_recv=264114	 packets_sent=152	 packets_recv=231	 errin=0	 errout=0	 dropin=0	 dropout=0	read_count=0	 write_count=0	 read_bytes=0	 write_bytes=0	
Time=13:48:34	CPU0 Usage=7.1	CPU0time_system=4860.16	CPU0time_idle=71501.35	ram_available=1232089088	ram_percent=41.3	swap_used=12263424	swap_percent=0.6	bytes_sent=15336	 bytes_recv=193761	 packets_sent=104	 packets_recv=162	 errin=0	 errout=0	 dropin=0	 dropout=0	read_count=0	 write_count=0	 read_bytes=0	 write_bytes=0	
Time=13:48:36	CPU0 Usage=8.5	CPU0time_system=4860.27	CPU0time_idle=71503.18	ram_available=1231900672	ram_percent=41.3	swap_used=12263424	swap_percent=0.6	bytes_sent=19150	 bytes_recv=223670	 packets_sent=129	 packets_recv=190	 errin=0	 errout=0	 dropin=0	 dropout=0	read_count=0	 write_count=0	 read_bytes=0	 write_bytes=0	
Time=13:48:38	CPU0 Usage=5.6	CPU0time_system=4860.37	CPU0time_idle=71505.04	ram_available=1231773696	ram_percent=41.3	swap_used=12263424	swap_percent=0.6	bytes_sent=13674	 bytes_recv=167330	 packets_sent=95	 packets_recv=143	 errin=0	 errout=0	 dropin=0	 dropout=0	read_count=0	 write_count=0	 read_bytes=0	 write_bytes=0	
Time=13:48:40	CPU0 Usage=5.1	CPU0time_system=4860.46	CPU0time_idle=71506.89	ram_available=1231613952	ram_percent=41.3	swap_used=12263424	swap_percent=0.6	bytes_sent=11572	 bytes_recv=141453	 packets_sent=80	 packets_recv=119	 errin=0	 errout=0	 dropin=0	 dropout=0	read_count=0	 write_count=0	 read_bytes=0	 write_bytes=0	
Time=13:48:42	CPU0 Usage=5.1	CPU0time_system=4860.54	CPU0time_idle=71508.75	ram_available=1231421440	ram_percent=41.3	swap_used=12263424	swap_percent=0.6	bytes_sent=7843	 bytes_recv=91458	 packets_sent=52	 packets_recv=75	 errin=0	 errout=0	 dropin=0	 dropout=0	read_count=0	 write_count=0	 read_bytes=0	 write_bytes=0	
Time=13:48:44	CPU0 Usage=10.3	CPU0time_system=4860.73	CPU0time_idle=71510.57	ram_available=1230970880	ram_percent=41.3	swap_used=12263424	swap_percent=0.6	bytes_sent=23472	 bytes_recv=292279	 packets_sent=164	 packets_recv=254	 errin=0	 errout=0	 dropin=0	 dropout=0	read_count=0	 write_count=0	 read_bytes=0	 write_bytes=0	
Time=13:48:46	CPU0 Usage=6.6	CPU0time_system=4860.83	CPU0time_idle=71512.4	ram_available=1230622720	ram_percent=41.3	swap_used=12263424	swap_percent=0.6	bytes_sent=18888	 bytes_recv=231637	 packets_sent=125	 packets_recv=188	 errin=0	 errout=0	 dropin=0	 dropout=0	read_count=0	 write_count=0	 read_bytes=0	 write_bytes=0	
Time=13:48:48	CPU0 Usage=8.0	CPU0time_system=4860.94	CPU0time_idle=71514.23	ram_available=1230209024	ram_percent=41.3	swap_used=12263424	swap_percent=0.6	bytes_sent=19693	 bytes_recv=241171	 packets_sent=133	 packets_recv=199	 errin=0	 errout=0	 dropin=0	 dropout=0	read_count=0	 write_count=0	 read_bytes=0	 write_bytes=0	
Time=13:48:50	CPU0 Usage=7.5	CPU0time_system=4861.04	CPU0time_idle=71516.07	ram_available=1229955072	ram_percent=41.4	swap_used=12263424	swap_percent=0.6	bytes_sent=16236	 bytes_recv=201588	 packets_sent=110	 packets_recv=166	 errin=0	 errout=0	 dropin=0	 dropout=0	read_count=0	 write_count=0	 read_bytes=0	 write_bytes=0	
Time=13:48:52	CPU0 Usage=11.2	CPU0time_system=4861.26	CPU0time_idle=71517.9	ram_available=1229606912	ram_percent=41.4	swap_used=12263424	swap_percent=0.6	bytes_sent=15440	 bytes_recv=183850	 packets_sent=104	 packets_recv=156	 errin=0	 errout=0	 dropin=0	 dropout=0	read_count=0	 write_count=0	 read_bytes=0	 write_bytes=0	
Time=13:48:54	CPU0 Usage=1.1	CPU0time_system=4861.27	CPU0time_idle=71519.78	ram_available=1229447168	ram_percent=41.4	swap_used=12263424	swap_percent=0.6	bytes_sent=3197	 bytes_recv=42190	 packets_sent=21	 packets_recv=33	 errin=0	 errout=0	 dropin=0	 dropout=0	read_count=0	 write_count=0	 read_bytes=0	 write_bytes=0	
Time=13:48:56	CPU0 Usage=3.1	CPU0time_system=4861.33	CPU0time_idle=71521.66	ram_available=1229479936	ram_percent=41.4	swap_used=12263424	swap_percent=0.6	bytes_sent=719	 bytes_recv=10017	 packets_sent=5	 packets_recv=9	 errin=0	 errout=0	 dropin=0	 dropout=0	read_count=0	 write_count=0	 read_bytes=0	 write_bytes=0	
Time=13:48:58	CPU0 Usage=1.6	CPU0time_system=4861.36	CPU0time_idle=71523.51	ram_available=1229287424	ram_percent=41.4	swap_used=12263424	swap_percent=0.6	bytes_sent=10737	 bytes_recv=128589	 packets_sent=72	 packets_recv=113	 errin=0	 errout=0	 dropin=0	 dropout=0	read_count=0	 write_count=0	 read_bytes=0	 write_bytes=0	
Time=13:49:00	CPU0 Usage=12.3	CPU0time_system=4861.56	CPU0time_idle=71525.3	ram_available=1228943360	ram_percent=41.4	swap_used=12263424	swap_percent=0.6	bytes_sent=30150	 bytes_recv=369567	 packets_sent=203	 packets_recv=301	 errin=0	 errout=0	 dropin=0	 dropout=0	read_count=0	 write_count=0	 read_bytes=0	 write_bytes=0	
Time=13:49:02	CPU0 Usage=6.1	CPU0time_system=4861.66	CPU0time_idle=71527.16	ram_available=1228783616	ram_percent=41.4	swap_used=12263424	swap_percent=0.6	bytes_sent=9233	 bytes_recv=109329	 packets_sent=63	 packets_recv=94	 errin=0	 errout=0	 dropin=0	 dropout=0	read_count=0	 write_count=0	 read_bytes=0	 write_bytes=0	
Time=13:49:04	CPU0 Usage=8.9	CPU0time_system=4861.82	CPU0time_idle=71529.0	ram_available=1228562432	ram_percent=41.4	swap_used=12263424	swap_percent=0.6	bytes_sent=17146	 bytes_recv=196516	 packets_sent=113	 packets_recv=167	 errin=0	 errout=0	 dropin=0	 dropout=0	read_count=0	 write_count=0	 read_bytes=0	 write_bytes=0	
Time=13:49:06	CPU0 Usage=7.1	CPU0time_system=4861.93	CPU0time_idle=71530.84	ram_available=1228337152	ram_percent=41.4	swap_used=12263424	swap_percent=0.6	bytes_sent=14151	 bytes_recv=166931	 packets_sent=96	 packets_recv=141	 errin=0	 errout=0	 dropin=0	 dropout=0	read_count=0	 write_count=0	 read_bytes=0	 write_bytes=0	
Time=13:49:08	CPU0 Usage=6.1	CPU0time_system=4862.04	CPU0time_idle=71532.69	ram_available=1228083200	ram_percent=41.4	swap_used=12263424	swap_percent=0.6	bytes_sent=26799	 bytes_recv=140806	 packets_sent=90	 packets_recv=124	 errin=0	 errout=0	 dropin=0	 dropout=0	read_count=0	 write_count=0	 read_bytes=0	 write_bytes=0	
Time=13:49:10	CPU0 Usage=10.7	CPU0time_system=4862.22	CPU0time_idle=71534.52	ram_available=1227730944	ram_percent=41.5	swap_used=12263424	swap_percent=0.6	bytes_sent=18524	 bytes_recv=229581	 packets_sent=127	 packets_recv=192	 errin=0	 errout=0	 dropin=0	 dropout=0	read_count=0	 write_count=0	 read_bytes=0	 write_bytes=0	
Time=13:49:12	CPU0 Usage=9.4	CPU0time_system=4862.38	CPU0time_idle=71536.36	ram_available=1227636736	ram_percent=41.5	swap_used=12263424	swap_percent=0.6	bytes_sent=14936	 bytes_recv=178606	 packets_sent=104	 packets_recv=154	 errin=0	 errout=0	 dropin=0	 dropout=0	read_count=0	 write_count=0	 read_bytes=0	 write_bytes=0	
Time=13:49:14	CPU0 Usage=4.6	CPU0time_system=4862.46	CPU0time_idle=71538.21	ram_available=1227350016	ram_percent=41.5	swap_used=12263424	swap_percent=0.6	bytes_sent=13762	 bytes_recv=166149	 packets_sent=94	 packets_recv=141	 errin=0	 errout=0	 dropin=0	 dropout=0	read_count=0	 write_count=0	 read_bytes=0	 write_bytes=0	
Time=13:49:16	CPU0 Usage=7.0	CPU0time_system=4862.6	CPU0time_idle=71540.07	ram_available=1227223040	ram_percent=41.5	swap_used=12263424	swap_percent=0.6	bytes_sent=6906	 bytes_recv=84228	 packets_sent=46	 packets_recv=70	 errin=0	 errout=0	 dropin=0	 dropout=0	read_count=0	 write_count=0	 read_bytes=0	 write_bytes=0	
Time=13:49:18	CPU0 Usage=8.0	CPU0time_system=4862.72	CPU0time_idle=71541.91	ram_available=1227067392	ram_percent=41.5	swap_used=12263424	swap_percent=0.6	bytes_sent=12408	 bytes_recv=148821	 packets_sent=84	 packets_recv=125	 errin=0	 errout=0	 dropin=0	 dropout=0	read_count=0	 write_count=0	 read_bytes=0	 write_bytes=0	
Time=13:49:20	CPU0 Usage=6.5	CPU0time_system=4862.84	CPU0time_idle=71543.78	ram_available=1227100160	ram_percent=41.5	swap_used=12263424	swap_percent=0.6	bytes_sent=5688	 bytes_recv=62517	 packets_sent=36	 packets_recv=55	 errin=0	 errout=0	 dropin=0	 dropout=0	read_count=0	 write_count=0	 read_bytes=0	 write_bytes=0	
Time=13:49:22	CPU0 Usage=7.5	CPU0time_system=4862.94	CPU0time_idle=71545.62	ram_available=1226813440	ram_percent=41.5	swap_used=12263424	swap_percent=0.6	bytes_sent=19991	 bytes_recv=242940	 packets_sent=137	 packets_recv=201	 errin=0	 errout=0	 dropin=0	 dropout=0	read_count=0	 write_count=0	 read_bytes=0	 write_bytes=0	
Time=13:49:24	CPU0 Usage=7.0	CPU0time_system=4863.07	CPU0time_idle=71547.48	ram_available=1226592256	ram_percent=41.5	swap_used=12263424	swap_percent=0.6	bytes_sent=8748	 bytes_recv=104220	 packets_sent=60	 packets_recv=88	 errin=0	 errout=0	 dropin=0	 dropout=0	read_count=0	 write_count=0	 read_bytes=0	 write_bytes=0	
Time=13:49:26	CPU0 Usage=8.0	CPU0time_system=4863.22	CPU0time_idle=71549.32	ram_available=1226113024	ram_percent=41.5	swap_used=12263424	swap_percent=0.6	bytes_sent=20311	 bytes_recv=260305	 packets_sent=139	 packets_recv=219	 errin=0	 errout=0	 dropin=0	 dropout=0	read_count=0	 write_count=0	 read_bytes=0	 write_bytes=0	
Time=13:49:28	CPU0 Usage=6.1	CPU0time_system=4863.3	CPU0time_idle=71551.18	ram_available=1225764864	ram_percent=41.6	swap_used=12263424	swap_percent=0.6	bytes_sent=15952	 bytes_recv=204345	 packets_sent=107	 packets_recv=168	 errin=0	 errout=0	 dropin=0	 dropout=0	read_count=0	 write_count=0	 read_bytes=0	 write_bytes=0	
Time=13:49:30	CPU0 Usage=5.1	CPU0time_system=4863.38	CPU0time_idle=71553.04	ram_available=1225605120	ram_percent=41.6	swap_used=12263424	swap_percent=0.6	bytes_sent=13441	 bytes_recv=154358	 packets_sent=91	 packets_recv=131	 errin=0	 errout=0	 dropin=0	 dropout=0	read_count=0	 write_count=0	 read_bytes=0	 write_bytes=0	
Time=13:49:32	CPU0 Usage=6.0	CPU0time_system=4863.49	CPU0time_idle=71554.93	ram_available=1225318400	ram_percent=41.6	swap_used=12263424	swap_percent=0.6	bytes_sent=16600	 bytes_recv=204120	 packets_sent=115	 packets_recv=170	 errin=0	 errout=0	 dropin=0	 dropout=0	read_count=0	 write_count=0	 read_bytes=0	 write_bytes=0	
Time=13:49:34	CPU0 Usage=1.5	CPU0time_system=4863.51	CPU0time_idle=71556.88	ram_available=1225191424	ram_percent=41.6	swap_used=12263424	swap_percent=0.6	bytes_sent=12505	 bytes_recv=147631	 packets_sent=86	 packets_recv=127	 errin=0	 errout=0	 dropin=0	 dropout=0	read_count=0	 write_count=0	 read_bytes=0	 write_bytes=0	
Time=13:49:36	CPU0 Usage=2.0	CPU0time_system=4863.55	CPU0time_idle=71558.81	ram_available=1224941568	ram_percent=41.6	swap_used=12263424	swap_percent=0.6	bytes_sent=15757	 bytes_recv=198542	 packets_sent=107	 packets_recv=164	 errin=0	 errout=0	 dropin=0	 dropout=0	read_count=0	 write_count=0	 read_bytes=0	 write_bytes=0	
Time=13:49:38	CPU0 Usage=1.5	CPU0time_system=4863.58	CPU0time_idle=71560.75	ram_available=1224622080	ram_percent=41.6	swap_used=12263424	swap_percent=0.6	bytes_sent=16420	 bytes_recv=195162	 packets_sent=109	 packets_recv=170	 errin=0	 errout=0	 dropin=0	 dropout=0	read_count=0	 write_count=0	 read_bytes=0	 write_bytes=0	
Time=13:49:40	CPU0 Usage=2.0	CPU0time_system=4863.62	CPU0time_idle=71562.7	ram_available=1224368128	ram_percent=41.6	swap_used=12263424	swap_percent=0.6	bytes_sent=13053	 bytes_recv=163050	 packets_sent=91	 packets_recv=136	 errin=0	 errout=0	 dropin=0	 dropout=0	read_count=0	 write_count=0	 read_bytes=0	 write_bytes=0	
Time=13:49:42	CPU0 Usage=2.0	CPU0time_system=4863.66	CPU0time_idle=71564.63	ram_available=1224306688	ram_percent=41.6	swap_used=12263424	swap_percent=0.6	bytes_sent=17647	 bytes_recv=209189	 packets_sent=120	 packets_recv=181	 errin=0	 errout=0	 dropin=0	 dropout=0	read_count=0	 write_count=0	 read_bytes=0	 write_bytes=0	
Time=13:49:44	CPU0 Usage=2.0	CPU0time_system=4863.7	CPU0time_idle=71566.57	ram_available=1223864320	ram_percent=41.7	swap_used=12263424	swap_percent=0.6	bytes_sent=13426	 bytes_recv=177661	 packets_sent=92	 packets_recv=145	 errin=0	 errout=0	 dropin=0	 dropout=0	read_count=0	 write_count=0	 read_bytes=0	 write_bytes=0	
Time=13:49:46	CPU0 Usage=2.0	CPU0time_system=4863.74	CPU0time_idle=71568.51	ram_available=1223319552	ram_percent=41.7	swap_used=12263424	swap_percent=0.6	bytes_sent=14980	 bytes_recv=182694	 packets_sent=99	 packets_recv=153	 errin=0	 errout=0	 dropin=0	 dropout=0	read_count=0	 write_count=0	 read_bytes=0	 write_bytes=0	
Time=13:49:48	CPU0 Usage=2.0	CPU0time_system=4863.78	CPU0time_idle=71570.44	ram_available=1223004160	ram_percent=41.7	swap_used=12263424	swap_percent=0.6	bytes_sent=20230	 bytes_recv=243121	 packets_sent=137	 packets_recv=213	 errin=0	 errout=0	 dropin=0	 dropout=0	read_count=0	 write_count=0	 read_bytes=0	 write_bytes=0	
Time=13:49:50	CPU0 Usage=4.0	CPU0time_system=4863.84	CPU0time_idle=71572.37	ram_available=1222656000	ram_percent=41.7	swap_used=12263424	swap_percent=0.6	bytes_sent=18383	 bytes_recv=227741	 packets_sent=124	 packets_recv=190	 errin=0	 errout=0	 dropin=0	 dropout=0	read_count=0	 write_count=0	 read_bytes=0	 write_bytes=0	
Time=13:49:52	CPU0 Usage=2.0	CPU0time_system=4863.88	CPU0time_idle=71574.3	ram_available=1222467584	ram_percent=41.7	swap_used=12263424	swap_percent=0.6	bytes_sent=14910	 bytes_recv=193518	 packets_sent=103	 packets_recv=165	 errin=0	 errout=0	 dropin=0	 dropout=0	read_count=0	 write_count=0	 read_bytes=0	 write_bytes=0	
Time=13:49:54	CPU0 Usage=0.5	CPU0time_system=4863.89	CPU0time_idle=71576.27	ram_available=1222307840	ram_percent=41.7	swap_used=12263424	swap_percent=0.6	bytes_sent=6618	 bytes_recv=73466	 packets_sent=44	 packets_recv=69	 errin=0	 errout=0	 dropin=0	 dropout=0	read_count=0	 write_count=0	 read_bytes=0	 write_bytes=0	
Time=13:49:56	CPU0 Usage=2.6	CPU0time_system=4863.94	CPU0time_idle=71578.17	ram_available=1221926912	ram_percent=41.7	swap_used=12263424	swap_percent=0.6	bytes_sent=27911	 bytes_recv=334074	 packets_sent=192	 packets_recv=287	 errin=0	 errout=0	 dropin=0	 dropout=0	read_count=0	 write_count=0	 read_bytes=0	 write_bytes=0	
Time=13:49:58	CPU0 Usage=7.5	CPU0time_system=4864.08	CPU0time_idle=71580.02	ram_available=1219772416	ram_percent=41.8	swap_used=12263424	swap_percent=0.6	bytes_sent=21923	 bytes_recv=92117	 packets_sent=58	 packets_recv=83	 errin=0	 errout=0	 dropin=0	 dropout=0	read_count=0	 write_count=0	 read_bytes=0	 write_bytes=0	
Time=13:50:00	CPU0 Usage=9.5	CPU0time_system=4864.23	CPU0time_idle=71581.82	ram_available=1219485696	ram_percent=41.9	swap_used=12263424	swap_percent=0.6	bytes_sent=14242	 bytes_recv=173969	 packets_sent=96	 packets_recv=144	 errin=0	 errout=0	 dropin=0	 dropout=0	read_count=0	 write_count=0	 read_bytes=0	 write_bytes=0	
Time=13:50:02	CPU0 Usage=9.0	CPU0time_system=4864.37	CPU0time_idle=71583.63	ram_available=1219137536	ram_percent=41.9	swap_used=12263424	swap_percent=0.6	bytes_sent=17716	 bytes_recv=217671	 packets_sent=121	 packets_recv=182	 errin=0	 errout=0	 dropin=0	 dropout=0	read_count=0	 write_count=0	 read_bytes=0	 write_bytes=0	
Time=13:50:04	CPU0 Usage=8.5	CPU0time_system=4864.5	CPU0time_idle=71585.46	ram_available=1219043328	ram_percent=41.9	swap_used=12263424	swap_percent=0.6	bytes_sent=6547	 bytes_recv=73466	 packets_sent=47	 packets_recv=64	 errin=0	 errout=0	 dropin=0	 dropout=0	read_count=0	 write_count=0	 read_bytes=0	 write_bytes=0	
Time=13:50:06	CPU0 Usage=10.1	CPU0time_system=4864.66	CPU0time_idle=71587.24	ram_available=1218502656	ram_percent=41.9	swap_used=12263424	swap_percent=0.6	bytes_sent=23720	 bytes_recv=284172	 packets_sent=158	 packets_recv=239	 errin=0	 errout=0	 dropin=0	 dropout=0	read_count=0	 write_count=0	 read_bytes=0	 write_bytes=0	
Time=13:50:08	CPU0 Usage=9.6	CPU0time_system=4864.8	CPU0time_idle=71589.03	ram_available=1230942208	ram_percent=41.3	swap_used=12263424	swap_percent=0.6	bytes_sent=15489	 bytes_recv=197184	 packets_sent=106	 packets_recv=167	 errin=0	 errout=0	 dropin=0	 dropout=0	read_count=0	 write_count=0	 read_bytes=0	 write_bytes=0	
Time=13:50:10	CPU0 Usage=9.0	CPU0time_system=4864.94	CPU0time_idle=71590.84	ram_available=1230786560	ram_percent=41.3	swap_used=12263424	swap_percent=0.6	bytes_sent=13973	 bytes_recv=175168	 packets_sent=96	 packets_recv=150	 errin=0	 errout=0	 dropin=0	 dropout=0	read_count=0	 write_count=0	 read_bytes=0	 write_bytes=0	
Time=13:50:12	CPU0 Usage=9.6	CPU0time_system=4865.08	CPU0time_idle=71592.62	ram_available=1230884864	ram_percent=41.3	swap_used=12263424	swap_percent=0.6	bytes_sent=27621	 bytes_recv=336483	 packets_sent=185	 packets_recv=282	 errin=0	 errout=0	 dropin=0	 dropout=0	read_count=0	 write_count=0	 read_bytes=0	 write_bytes=0	
Time=13:50:14	CPU0 Usage=9.5	CPU0time_system=4865.15	CPU0time_idle=71594.44	ram_available=1230921728	ram_percent=41.3	swap_used=12263424	swap_percent=0.6	bytes_sent=16046	 bytes_recv=189805	 packets_sent=110	 packets_recv=159	 errin=0	 errout=0	 dropin=0	 dropout=0	read_count=0	 write_count=0	 read_bytes=0	 write_bytes=0	
Time=13:50:16	CPU0 Usage=5.0	CPU0time_system=4865.16	CPU0time_idle=71596.35	ram_available=1230860288	ram_percent=41.3	swap_used=12263424	swap_percent=0.6	bytes_sent=6406	 bytes_recv=77844	 packets_sent=45	 packets_recv=69	 errin=0	 errout=0	 dropin=0	 dropout=0	read_count=0	 write_count=0	 read_bytes=0	 write_bytes=0	
Time=13:50:18	CPU0 Usage=3.5	CPU0time_system=4865.18	CPU0time_idle=71598.27	ram_available=1228128256	ram_percent=41.4	swap_used=12263424	swap_percent=0.6	bytes_sent=23086	 bytes_recv=274063	 packets_sent=156	 packets_recv=228	 errin=0	 errout=0	 dropin=0	 dropout=0	read_count=0	 write_count=0	 read_bytes=0	 write_bytes=0	
Time=13:50:20	CPU0 Usage=2.0	CPU0time_system=4865.19	CPU0time_idle=71600.23	ram_available=1228005376	ram_percent=41.5	swap_used=12263424	swap_percent=0.6	bytes_sent=5709	 bytes_recv=70341	 packets_sent=37	 packets_recv=56	 errin=0	 errout=0	 dropin=0	 dropout=0	read_count=0	 write_count=0	 read_bytes=0	 write_bytes=0	
Time=13:50:22	CPU0 Usage=4.5	CPU0time_system=4865.22	CPU0time_idle=71602.14	ram_available=1227591680	ram_percent=41.5	swap_used=12263424	swap_percent=0.6	bytes_sent=28943	 bytes_recv=346562	 packets_sent=196	 packets_recv=289	 errin=0	 errout=0	 dropin=0	 dropout=0	read_count=0	 write_count=0	 read_bytes=0	 write_bytes=0	
Time=13:50:24	CPU0 Usage=0.0	CPU0time_system=4865.22	CPU0time_idle=71604.12	ram_available=1227558912	ram_percent=41.5	swap_used=12263424	swap_percent=0.6	bytes_sent=0	 bytes_recv=0	 packets_sent=0	 packets_recv=0	 errin=0	 errout=0	 dropin=0	 dropout=0	read_count=0	 write_count=0	 read_bytes=0	 write_bytes=0	
Time=13:50:26	CPU0 Usage=2.0	CPU0time_system=4865.24	CPU0time_idle=71606.06	ram_available=1227337728	ram_percent=41.5	swap_used=12263424	swap_percent=0.6	bytes_sent=17134	 bytes_recv=206437	 packets_sent=114	 packets_recv=168	 errin=0	 errout=0	 dropin=0	 dropout=0	read_count=0	 write_count=0	 read_bytes=0	 write_bytes=0	
Time=13:50:28	CPU0 Usage=1.5	CPU0time_system=4865.25	CPU0time_idle=71608.01	ram_available=1227243520	ram_percent=41.5	swap_used=12263424	swap_percent=0.6	bytes_sent=11455	 bytes_recv=142253	 packets_sent=79	 packets_recv=123	 errin=0	 errout=0	 dropin=0	 dropout=0	read_count=0	 write_count=0	 read_bytes=0	 write_bytes=0	
Time=13:50:30	CPU0 Usage=1.5	CPU0time_system=4865.25	CPU0time_idle=71609.96	ram_available=1226956800	ram_percent=41.5	swap_used=12263424	swap_percent=0.6	bytes_sent=12763	 bytes_recv=160203	 packets_sent=88	 packets_recv=136	 errin=0	 errout=0	 dropin=0	 dropout=0	read_count=0	 write_count=0	 read_bytes=0	 write_bytes=0	
Time=13:50:32	CPU0 Usage=1.5	CPU0time_system=4865.26	CPU0time_idle=71611.9	ram_available=1226670080	ram_percent=41.5	swap_used=12263424	swap_percent=0.6	bytes_sent=15113	 bytes_recv=180711	 packets_sent=106	 packets_recv=156	 errin=0	 errout=0	 dropin=0	 dropout=0	read_count=0	 write_count=0	 read_bytes=0	 write_bytes=0	
Time=13:50:34	CPU0 Usage=2.0	CPU0time_system=4865.26	CPU0time_idle=71613.82	ram_available=1226256384	ram_percent=41.5	swap_used=12263424	swap_percent=0.6	bytes_sent=21718	 bytes_recv=256376	 packets_sent=142	 packets_recv=214	 errin=0	 errout=0	 dropin=0	 dropout=0	read_count=0	 write_count=0	 read_bytes=0	 write_bytes=0	
Time=13:50:36	CPU0 Usage=2.6	CPU0time_system=4865.28	CPU0time_idle=71615.72	ram_available=1225764864	ram_percent=41.6	swap_used=12263424	swap_percent=0.6	bytes_sent=28021	 bytes_recv=346674	 packets_sent=192	 packets_recv=286	 errin=0	 errout=0	 dropin=0	 dropout=0	read_count=0	 write_count=0	 read_bytes=0	 write_bytes=0	
Time=13:50:38	CPU0 Usage=1.0	CPU0time_system=4865.3	CPU0time_idle=71617.68	ram_available=1225605120	ram_percent=41.6	swap_used=12263424	swap_percent=0.6	bytes_sent=8338	 bytes_recv=98072	 packets_sent=55	 packets_recv=84	 errin=0	 errout=0	 dropin=0	 dropout=0	read_count=0	 write_count=0	 read_bytes=0	 write_bytes=0	
Time=13:50:40	CPU0 Usage=1.5	CPU0time_system=4865.31	CPU0time_idle=71619.64	ram_available=1225543680	ram_percent=41.6	swap_used=12263424	swap_percent=0.6	bytes_sent=10159	 bytes_recv=123686	 packets_sent=67	 packets_recv=105	 errin=0	 errout=0	 dropin=0	 dropout=0	read_count=0	 write_count=0	 read_bytes=0	 write_bytes=0	
Time=13:50:42	CPU0 Usage=3.1	CPU0time_system=4865.33	CPU0time_idle=71621.49	ram_available=1223610368	ram_percent=41.7	swap_used=12263424	swap_percent=0.6	bytes_sent=12934	 bytes_recv=147588	 packets_sent=88	 packets_recv=131	 errin=0	 errout=0	 dropin=0	 dropout=0	read_count=0	 write_count=0	 read_bytes=0	 write_bytes=0	
Time=13:50:44	CPU0 Usage=8.1	CPU0time_system=4865.41	CPU0time_idle=71623.31	ram_available=1223131136	ram_percent=41.7	swap_used=12263424	swap_percent=0.6	bytes_sent=20244	 bytes_recv=243833	 packets_sent=140	 packets_recv=205	 errin=0	 errout=0	 dropin=0	 dropout=0	read_count=0	 write_count=0	 read_bytes=0	 write_bytes=0	
Time=13:50:46	CPU0 Usage=6.1	CPU0time_system=4865.46	CPU0time_idle=71625.17	ram_available=1223098368	ram_percent=41.7	swap_used=12263424	swap_percent=0.6	bytes_sent=11133	 bytes_recv=134076	 packets_sent=74	 packets_recv=108	 errin=0	 errout=0	 dropin=0	 dropout=0	read_count=0	 write_count=0	 read_bytes=0	 write_bytes=0	
Time=13:50:48	CPU0 Usage=8.3	CPU0time_system=4865.5	CPU0time_idle=71627.04	ram_available=1223098368	ram_percent=41.7	swap_used=12263424	swap_percent=0.6	bytes_sent=20373	 bytes_recv=70173	 packets_sent=49	 packets_recv=70	 errin=0	 errout=0	 dropin=0	 dropout=0	read_count=0	 write_count=0	 read_bytes=0	 write_bytes=0	
Time=13:50:50	CPU0 Usage=7.9	CPU0time_system=4865.54	CPU0time_idle=71628.9	ram_available=1222811648	ram_percent=41.7	swap_used=12263424	swap_percent=0.6	bytes_sent=10453	 bytes_recv=124511	 packets_sent=71	 packets_recv=104	 errin=0	 errout=0	 dropin=0	 dropout=0	read_count=0	 write_count=0	 read_bytes=0	 write_bytes=0	
Time=13:50:52	CPU0 Usage=6.1	CPU0time_system=4865.56	CPU0time_idle=71630.74	ram_available=1222651904	ram_percent=41.7	swap_used=12263424	swap_percent=0.6	bytes_sent=14519	 bytes_recv=179697	 packets_sent=100	 packets_recv=147	 errin=0	 errout=0	 dropin=0	 dropout=0	read_count=0	 write_count=0	 read_bytes=0	 write_bytes=0	
Time=13:50:54	CPU0 Usage=7.5	CPU0time_system=4865.63	CPU0time_idle=71632.59	ram_available=1222139904	ram_percent=41.7	swap_used=12263424	swap_percent=0.6	bytes_sent=14649	 bytes_recv=176690	 packets_sent=102	 packets_recv=149	 errin=0	 errout=0	 dropin=0	 dropout=0	read_count=0	 write_count=0	 read_bytes=0	 write_bytes=0	
Time=13:50:56	CPU0 Usage=7.5	CPU0time_system=4865.69	CPU0time_idle=71634.44	ram_available=1222045696	ram_percent=41.7	swap_used=12263424	swap_percent=0.6	bytes_sent=10680	 bytes_recv=139522	 packets_sent=74	 packets_recv=116	 errin=0	 errout=0	 dropin=0	 dropout=0	read_count=0	 write_count=0	 read_bytes=0	 write_bytes=0	
Time=13:50:58	CPU0 Usage=4.5	CPU0time_system=4865.75	CPU0time_idle=71636.33	ram_available=1221885952	ram_percent=41.7	swap_used=12263424	swap_percent=0.6	bytes_sent=3970	 bytes_recv=41354	 packets_sent=26	 packets_recv=40	 errin=0	 errout=0	 dropin=0	 dropout=0	read_count=0	 write_count=0	 read_bytes=0	 write_bytes=0	
Time=13:51:00	CPU0 Usage=8.0	CPU0time_system=4865.83	CPU0time_idle=71638.17	ram_available=1221758976	ram_percent=41.8	swap_used=12263424	swap_percent=0.6	bytes_sent=17272	 bytes_recv=203392	 packets_sent=121	 packets_recv=179	 errin=0	 errout=0	 dropin=0	 dropout=0	read_count=0	 write_count=0	 read_bytes=0	 write_bytes=0	
Time=13:51:02	CPU0 Usage=7.6	CPU0time_system=4865.92	CPU0time_idle=71640.0	ram_available=1221509120	ram_percent=41.8	swap_used=12263424	swap_percent=0.6	bytes_sent=16935	 bytes_recv=207310	 packets_sent=114	 packets_recv=174	 errin=0	 errout=0	 dropin=0	 dropout=0	read_count=0	 write_count=0	 read_bytes=0	 write_bytes=0	
Time=13:51:04	CPU0 Usage=8.8	CPU0time_system=4865.97	CPU0time_idle=71641.86	ram_available=1221382144	ram_percent=41.8	swap_used=12263424	swap_percent=0.6	bytes_sent=10264	 bytes_recv=118360	 packets_sent=69	 packets_recv=103	 errin=0	 errout=0	 dropin=0	 dropout=0	read_count=0	 write_count=0	 read_bytes=0	 write_bytes=0	
Time=13:51:06	CPU0 Usage=7.5	CPU0time_system=4866.04	CPU0time_idle=71643.72	ram_available=1221033984	ram_percent=41.8	swap_used=12263424	swap_percent=0.6	bytes_sent=11147	 bytes_recv=136331	 packets_sent=76	 packets_recv=110	 errin=0	 errout=0	 dropin=0	 dropout=0	read_count=0	 write_count=0	 read_bytes=0	 write_bytes=0	
Time=13:51:08	CPU0 Usage=7.5	CPU0time_system=4866.11	CPU0time_idle=71645.56	ram_available=1220780032	ram_percent=41.8	swap_used=12263424	swap_percent=0.6	bytes_sent=15115	 bytes_recv=180627	 packets_sent=102	 packets_recv=158	 errin=0	 errout=0	 dropin=0	 dropout=0	read_count=0	 write_count=0	 read_bytes=0	 write_bytes=0	
Time=13:51:10	CPU0 Usage=6.0	CPU0time_system=4866.18	CPU0time_idle=71647.44	ram_available=1220780032	ram_percent=41.8	swap_used=12263424	swap_percent=0.6	bytes_sent=4878	 bytes_recv=58381	 packets_sent=34	 packets_recv=49	 errin=0	 errout=0	 dropin=0	 dropout=0	read_count=0	 write_count=0	 read_bytes=0	 write_bytes=0	
Time=13:51:12	CPU0 Usage=6.6	CPU0time_system=4866.27	CPU0time_idle=71649.28	ram_available=1220526080	ram_percent=41.8	swap_used=12263424	swap_percent=0.6	bytes_sent=15533	 bytes_recv=190247	 packets_sent=105	 packets_recv=159	 errin=0	 errout=0	 dropin=0	 dropout=0	read_count=0	 write_count=0	 read_bytes=0	 write_bytes=0	
Time=13:51:14	CPU0 Usage=6.0	CPU0time_system=4866.34	CPU0time_idle=71651.15	ram_available=1220366336	ram_percent=41.8	swap_used=12263424	swap_percent=0.6	bytes_sent=7210	 bytes_recv=79408	 packets_sent=49	 packets_recv=67	 errin=0	 errout=0	 dropin=0	 dropout=0	read_count=0	 write_count=0	 read_bytes=0	 write_bytes=0	
Time=13:51:16	CPU0 Usage=6.5	CPU0time_system=4866.42	CPU0time_idle=71653.01	ram_available=1220272128	ram_percent=41.8	swap_used=12263424	swap_percent=0.6	bytes_sent=9682	 bytes_recv=125283	 packets_sent=68	 packets_recv=104	 errin=0	 errout=0	 dropin=0	 dropout=0	read_count=0	 write_count=0	 read_bytes=0	 write_bytes=0	
Time=13:51:18	CPU0 Usage=5.1	CPU0time_system=4866.46	CPU0time_idle=71654.86	ram_available=1219858432	ram_percent=41.8	swap_used=12263424	swap_percent=0.6	bytes_sent=13474	 bytes_recv=158471	 packets_sent=89	 packets_recv=129	 errin=0	 errout=0	 dropin=0	 dropout=0	read_count=0	 write_count=0	 read_bytes=0	 write_bytes=0	
Time=13:51:20	CPU0 Usage=5.1	CPU0time_system=4866.53	CPU0time_idle=71656.73	ram_available=1219825664	ram_percent=41.8	swap_used=12263424	swap_percent=0.6	bytes_sent=6377	 bytes_recv=78525	 packets_sent=43	 packets_recv=65	 errin=0	 errout=0	 dropin=0	 dropout=0	read_count=0	 write_count=0	 read_bytes=0	 write_bytes=0	
Time=13:51:22	CPU0 Usage=9.4	CPU0time_system=4866.66	CPU0time_idle=71658.57	ram_available=1219563520	ram_percent=41.9	swap_used=12263424	swap_percent=0.6	bytes_sent=15481	 bytes_recv=190210	 packets_sent=108	 packets_recv=158	 errin=0	 errout=0	 dropin=0	 dropout=0	read_count=0	 write_count=0	 read_bytes=0	 write_bytes=0	
Time=13:51:24	CPU0 Usage=5.7	CPU0time_system=4866.7	CPU0time_idle=71660.4	ram_available=1219182592	ram_percent=41.9	swap_used=12263424	swap_percent=0.6	bytes_sent=18854	 bytes_recv=222713	 packets_sent=127	 packets_recv=191	 errin=0	 errout=0	 dropin=0	 dropout=0	read_count=0	 write_count=0	 read_bytes=0	 write_bytes=0	
Time=13:51:26	CPU0 Usage=7.4	CPU0time_system=4866.79	CPU0time_idle=71662.28	ram_available=1218990080	ram_percent=41.9	swap_used=12263424	swap_percent=0.6	bytes_sent=4247	 bytes_recv=53280	 packets_sent=27	 packets_recv=45	 errin=0	 errout=0	 dropin=0	 dropout=0	read_count=0	 write_count=0	 read_bytes=0	 write_bytes=0	
Time=13:51:28	CPU0 Usage=5.6	CPU0time_system=4866.86	CPU0time_idle=71664.15	ram_available=1218736128	ram_percent=41.9	swap_used=12263424	swap_percent=0.6	bytes_sent=6634	 bytes_recv=77948	 packets_sent=45	 packets_recv=69	 errin=0	 errout=0	 dropin=0	 dropout=0	read_count=0	 write_count=0	 read_bytes=0	 write_bytes=0	
Time=13:51:30	CPU0 Usage=8.5	CPU0time_system=4866.98	CPU0time_idle=71665.98	ram_available=1218420736	ram_percent=41.9	swap_used=12263424	swap_percent=0.6	bytes_sent=19513	 bytes_recv=228718	 packets_sent=132	 packets_recv=198	 errin=0	 errout=0	 dropin=0	 dropout=0	read_count=0	 write_count=0	 read_bytes=0	 write_bytes=0	
Time=13:51:32	CPU0 Usage=6.5	CPU0time_system=4867.08	CPU0time_idle=71667.85	ram_available=1218260992	ram_percent=41.9	swap_used=12263424	swap_percent=0.6	bytes_sent=6604	 bytes_recv=84855	 packets_sent=45	 packets_recv=72	 errin=0	 errout=0	 dropin=0	 dropout=0	read_count=0	 write_count=0	 read_bytes=0	 write_bytes=0	
Time=13:51:34	CPU0 Usage=5.6	CPU0time_system=4867.17	CPU0time_idle=71669.69	ram_available=1218007040	ram_percent=41.9	swap_used=12263424	swap_percent=0.6	bytes_sent=16577	 bytes_recv=203012	 packets_sent=112	 packets_recv=173	 errin=0	 errout=0	 dropin=0	 dropout=0	read_count=0	 write_count=0	 read_bytes=0	 write_bytes=0	
Time=13:51:36	CPU0 Usage=8.5	CPU0time_system=4867.28	CPU0time_idle=71671.53	ram_available=1217851392	ram_percent=41.9	swap_used=12263424	swap_percent=0.6	bytes_sent=18190	 bytes_recv=221245	 packets_sent=127	 packets_recv=185	 errin=0	 errout=0	 dropin=0	 dropout=0	read_count=0	 write_count=0	 read_bytes=0	 write_bytes=0	
Time=13:51:38	CPU0 Usage=5.1	CPU0time_system=4867.36	CPU0time_idle=71673.4	ram_available=1217691648	ram_percent=41.9	swap_used=12263424	swap_percent=0.6	bytes_sent=5702	 bytes_recv=66889	 packets_sent=38	 packets_recv=58	 errin=0	 errout=0	 dropin=0	 dropout=0	read_count=0	 write_count=0	 read_bytes=0	 write_bytes=0	
Time=13:51:40	CPU0 Usage=7.6	CPU0time_system=4867.48	CPU0time_idle=71675.22	ram_available=1217118208	ram_percent=42.0	swap_used=12263424	swap_percent=0.6	bytes_sent=39875	 bytes_recv=303670	 packets_sent=178	 packets_recv=250	 errin=0	 errout=0	 dropin=0	 dropout=0	read_count=0	 write_count=0	 read_bytes=0	 write_bytes=0	
Time=13:51:42	CPU0 Usage=5.5	CPU0time_system=4867.58	CPU0time_idle=71677.1	ram_available=1217056768	ram_percent=42.0	swap_used=12263424	swap_percent=0.6	bytes_sent=7049	 bytes_recv=75977	 packets_sent=43	 packets_recv=67	 errin=0	 errout=0	 dropin=0	 dropout=0	read_count=0	 write_count=0	 read_bytes=0	 write_bytes=0	
Time=13:51:44	CPU0 Usage=5.6	CPU0time_system=4867.68	CPU0time_idle=71678.96	ram_available=1216864256	ram_percent=42.0	swap_used=12263424	swap_percent=0.6	bytes_sent=10814	 bytes_recv=121896	 packets_sent=70	 packets_recv=106	 errin=0	 errout=0	 dropin=0	 dropout=0	read_count=0	 write_count=0	 read_bytes=0	 write_bytes=0	
Time=13:51:46	CPU0 Usage=6.1	CPU0time_system=4867.77	CPU0time_idle=71680.81	ram_available=1216548864	ram_percent=42.0	swap_used=12263424	swap_percent=0.6	bytes_sent=19822	 bytes_recv=249810	 packets_sent=137	 packets_recv=209	 errin=0	 errout=0	 dropin=0	 dropout=0	read_count=0	 write_count=0	 read_bytes=0	 write_bytes=0	
Time=13:51:48	CPU0 Usage=6.1	CPU0time_system=4867.86	CPU0time_idle=71682.65	ram_available=1215913984	ram_percent=42.0	swap_used=12263424	swap_percent=0.6	bytes_sent=21231	 bytes_recv=261301	 packets_sent=148	 packets_recv=222	 errin=0	 errout=0	 dropin=0	 dropout=0	read_count=0	 write_count=0	 read_bytes=0	 write_bytes=0	
Time=13:51:50	CPU0 Usage=4.0	CPU0time_system=4867.93	CPU0time_idle=71684.55	ram_available=1215913984	ram_percent=42.0	swap_used=12263424	swap_percent=0.6	bytes_sent=0	 bytes_recv=0	 packets_sent=0	 packets_recv=0	 errin=0	 errout=0	 dropin=0	 dropout=0	read_count=0	 write_count=0	 read_bytes=0	 write_bytes=0	
Time=13:51:52	CPU0 Usage=4.5	CPU0time_system=4868.0	CPU0time_idle=71686.44	ram_available=1215692800	ram_percent=42.0	swap_used=12263424	swap_percent=0.6	bytes_sent=14571	 bytes_recv=174113	 packets_sent=96	 packets_recv=146	 errin=0	 errout=0	 dropin=0	 dropout=0	read_count=0	 write_count=0	 read_bytes=0	 write_bytes=0	
Time=13:51:54	CPU0 Usage=0.5	CPU0time_system=4868.01	CPU0time_idle=71688.41	ram_available=1215565824	ram_percent=42.0	swap_used=12263424	swap_percent=0.6	bytes_sent=5926	 bytes_recv=76019	 packets_sent=42	 packets_recv=65	 errin=0	 errout=0	 dropin=0	 dropout=0	read_count=0	 write_count=0	 read_bytes=0	 write_bytes=0	
Time=13:51:56	CPU0 Usage=3.5	CPU0time_system=4868.06	CPU0time_idle=71690.34	ram_available=1215180800	ram_percent=42.1	swap_used=12263424	swap_percent=0.6	bytes_sent=18554	 bytes_recv=227180	 packets_sent=126	 packets_recv=185	 errin=0	 errout=0	 dropin=0	 dropout=0	read_count=0	 write_count=0	 read_bytes=0	 write_bytes=0	
Time=13:51:58	CPU0 Usage=2.0	CPU0time_system=4868.09	CPU0time_idle=71692.27	ram_available=1225887744	ram_percent=41.6	swap_used=12263424	swap_percent=0.6	bytes_sent=10452	 bytes_recv=129883	 packets_sent=72	 packets_recv=107	 errin=0	 errout=0	 dropin=0	 dropout=0	read_count=0	 write_count=0	 read_bytes=0	 write_bytes=0	
Time=13:52:00	CPU0 Usage=1.0	CPU0time_system=4868.1	CPU0time_idle=71694.22	ram_available=1225887744	ram_percent=41.6	swap_used=12263424	swap_percent=0.6	bytes_sent=12080	 bytes_recv=134457	 packets_sent=81	 packets_recv=124	 errin=0	 errout=0	 dropin=0	 dropout=0	read_count=0	 write_count=0	 read_bytes=0	 write_bytes=0	
Time=13:52:02	CPU0 Usage=1.0	CPU0time_system=4868.12	CPU0time_idle=71696.18	ram_available=1225953280	ram_percent=41.6	swap_used=12263424	swap_percent=0.6	bytes_sent=9277	 bytes_recv=111560	 packets_sent=65	 packets_recv=95	 errin=0	 errout=0	 dropin=0	 dropout=0	read_count=0	 write_count=0	 read_bytes=0	 write_bytes=0	
Time=13:52:04	CPU0 Usage=1.5	CPU0time_system=4868.15	CPU0time_idle=71698.13	ram_available=1225986048	ram_percent=41.5	swap_used=12263424	swap_percent=0.6	bytes_sent=12938	 bytes_recv=153696	 packets_sent=87	 packets_recv=127	 errin=0	 errout=0	 dropin=0	 dropout=0	read_count=0	 write_count=0	 read_bytes=0	 write_bytes=0	
Time=13:52:06	CPU0 Usage=0.5	CPU0time_system=4868.16	CPU0time_idle=71700.1	ram_available=1225920512	ram_percent=41.6	swap_used=12263424	swap_percent=0.6	bytes_sent=2745	 bytes_recv=34674	 packets_sent=19	 packets_recv=32	 errin=0	 errout=0	 dropin=0	 dropout=0	read_count=0	 write_count=0	 read_bytes=0	 write_bytes=0	
Time=13:52:08	CPU0 Usage=0.0	CPU0time_system=4868.16	CPU0time_idle=71702.08	ram_available=1225920512	ram_percent=41.6	swap_used=12263424	swap_percent=0.6	bytes_sent=296	 bytes_recv=132	 packets_sent=2	 packets_recv=2	 errin=0	 errout=0	 dropin=0	 dropout=0	read_count=0	 write_count=0	 read_bytes=0	 write_bytes=0	
Time=13:52:10	CPU0 Usage=2.0	CPU0time_system=4868.2	CPU0time_idle=71704.03	ram_available=1225723904	ram_percent=41.6	swap_used=12263424	swap_percent=0.6	bytes_sent=15309	 bytes_recv=173236	 packets_sent=104	 packets_recv=151	 errin=0	 errout=0	 dropin=0	 dropout=0	read_count=0	 write_count=0	 read_bytes=0	 write_bytes=0	
Time=13:52:12	CPU0 Usage=0.5	CPU0time_system=4868.21	CPU0time_idle=71705.98	ram_available=1225822208	ram_percent=41.6	swap_used=12263424	swap_percent=0.6	bytes_sent=11726	 bytes_recv=141616	 packets_sent=77	 packets_recv=121	 errin=0	 errout=0	 dropin=0	 dropout=0	read_count=0	 write_count=0	 read_bytes=0	 write_bytes=0	
Time=13:52:14	CPU0 Usage=1.5	CPU0time_system=4868.24	CPU0time_idle=71707.92	ram_available=1225854976	ram_percent=41.6	swap_used=12263424	swap_percent=0.6	bytes_sent=14343	 bytes_recv=159932	 packets_sent=100	 packets_recv=143	 errin=0	 errout=0	 dropin=0	 dropout=0	read_count=0	 write_count=0	 read_bytes=0	 write_bytes=0	
Time=13:52:16	CPU0 Usage=3.0	CPU0time_system=4868.3	CPU0time_idle=71709.83	ram_available=1225793536	ram_percent=41.6	swap_used=12263424	swap_percent=0.6	bytes_sent=27712	 bytes_recv=353993	 packets_sent=193	 packets_recv=290	 errin=0	 errout=0	 dropin=0	 dropout=0	read_count=0	 write_count=0	 read_bytes=0	 write_bytes=0	
Time=13:52:18	CPU0 Usage=4.5	CPU0time_system=4868.38	CPU0time_idle=71711.72	ram_available=1223618560	ram_percent=41.7	swap_used=12263424	swap_percent=0.6	bytes_sent=7291	 bytes_recv=82208	 packets_sent=48	 packets_recv=66	 errin=0	 errout=0	 dropin=0	 dropout=0	read_count=0	 write_count=0	 read_bytes=0	 write_bytes=0	
Time=13:52:20	CPU0 Usage=5.1	CPU0time_system=4868.47	CPU0time_idle=71713.59	ram_available=1223651328	ram_percent=41.7	swap_used=12263424	swap_percent=0.6	bytes_sent=1435	 bytes_recv=20331	 packets_sent=11	 packets_recv=18	 errin=0	 errout=0	 dropin=0	 dropout=0	read_count=0	 write_count=0	 read_bytes=0	 write_bytes=0	
Time=13:52:22	CPU0 Usage=12.1	CPU0time_system=4868.66	CPU0time_idle=71715.4	ram_available=1223143424	ram_percent=41.7	swap_used=12263424	swap_percent=0.6	bytes_sent=26645	 bytes_recv=338300	 packets_sent=184	 packets_recv=280	 errin=0	 errout=0	 dropin=0	 dropout=0	read_count=0	 write_count=0	 read_bytes=0	 write_bytes=0	
Time=13:52:24	CPU0 Usage=3.6	CPU0time_system=4868.72	CPU0time_idle=71717.26	ram_available=1222983680	ram_percent=41.7	swap_used=12263424	swap_percent=0.6	bytes_sent=5985	 bytes_recv=71098	 packets_sent=40	 packets_recv=61	 errin=0	 errout=0	 dropin=0	 dropout=0	read_count=0	 write_count=0	 read_bytes=0	 write_bytes=0	
Time=13:52:26	CPU0 Usage=6.1	CPU0time_system=4868.83	CPU0time_idle=71719.12	ram_available=1222696960	ram_percent=41.7	swap_used=12263424	swap_percent=0.6	bytes_sent=8614	 bytes_recv=101998	 packets_sent=58	 packets_recv=84	 errin=0	 errout=0	 dropin=0	 dropout=0	read_count=0	 write_count=0	 read_bytes=0	 write_bytes=0	
Time=13:52:28	CPU0 Usage=6.6	CPU0time_system=4868.93	CPU0time_idle=71720.95	ram_available=1222377472	ram_percent=41.7	swap_used=12263424	swap_percent=0.6	bytes_sent=19617	 bytes_recv=230039	 packets_sent=131	 packets_recv=198	 errin=0	 errout=0	 dropin=0	 dropout=0	read_count=0	 write_count=0	 read_bytes=0	 write_bytes=0	
Time=13:52:30	CPU0 Usage=5.6	CPU0time_system=4869.02	CPU0time_idle=71722.8	ram_available=1222254592	ram_percent=41.7	swap_used=12263424	swap_percent=0.6	bytes_sent=24149	 bytes_recv=138027	 packets_sent=83	 packets_recv=124	 errin=0	 errout=0	 dropin=0	 dropout=0	read_count=0	 write_count=0	 read_bytes=0	 write_bytes=0	
Time=13:52:32	CPU0 Usage=11.4	CPU0time_system=4869.2	CPU0time_idle=71724.59	ram_available=1221455872	ram_percent=41.8	swap_used=12263424	swap_percent=0.6	bytes_sent=33873	 bytes_recv=415529	 packets_sent=230	 packets_recv=344	 errin=0	 errout=0	 dropin=0	 dropout=0	read_count=0	 write_count=0	 read_bytes=0	 write_bytes=0	
Time=13:52:34	CPU0 Usage=7.1	CPU0time_system=4869.32	CPU0time_idle=71726.42	ram_available=1221332992	ram_percent=41.8	swap_used=12263424	swap_percent=0.6	bytes_sent=20587	 bytes_recv=239527	 packets_sent=134	 packets_recv=199	 errin=0	 errout=0	 dropin=0	 dropout=0	read_count=0	 write_count=0	 read_bytes=0	 write_bytes=0	
Time=13:52:36	CPU0 Usage=5.6	CPU0time_system=4869.42	CPU0time_idle=71728.28	ram_available=1221238784	ram_percent=41.8	swap_used=12263424	swap_percent=0.6	bytes_sent=10223	 bytes_recv=118661	 packets_sent=67	 packets_recv=97	 errin=0	 errout=0	 dropin=0	 dropout=0	read_count=0	 write_count=0	 read_bytes=0	 write_bytes=0	
Time=13:52:38	CPU0 Usage=9.7	CPU0time_system=4869.54	CPU0time_idle=71730.14	ram_available=1221124096	ram_percent=41.8	swap_used=12263424	swap_percent=0.6	bytes_sent=6785	 bytes_recv=76052	 packets_sent=48	 packets_recv=69	 errin=0	 errout=0	 dropin=0	 dropout=0	read_count=0	 write_count=0	 read_bytes=0	 write_bytes=0	
Time=13:52:40	CPU0 Usage=11.7	CPU0time_system=4869.75	CPU0time_idle=71731.96	ram_available=1220497408	ram_percent=41.8	swap_used=12263424	swap_percent=0.6	bytes_sent=22042	 bytes_recv=274586	 packets_sent=148	 packets_recv=232	 errin=0	 errout=0	 dropin=0	 dropout=0	read_count=0	 write_count=0	 read_bytes=0	 write_bytes=0	
Time=13:52:42	CPU0 Usage=8.5	CPU0time_system=4869.87	CPU0time_idle=71733.78	ram_available=1220177920	ram_percent=41.8	swap_used=12263424	swap_percent=0.6	bytes_sent=21543	 bytes_recv=260411	 packets_sent=151	 packets_recv=220	 errin=0	 errout=0	 dropin=0	 dropout=0	read_count=0	 write_count=0	 read_bytes=0	 write_bytes=0	
Time=13:52:44	CPU0 Usage=8.8	CPU0time_system=4869.98	CPU0time_idle=71735.64	ram_available=1220083712	ram_percent=41.8	swap_used=12263424	swap_percent=0.6	bytes_sent=8389	 bytes_recv=101215	 packets_sent=54	 packets_recv=87	 errin=0	 errout=0	 dropin=0	 dropout=0	read_count=0	 write_count=0	 read_bytes=0	 write_bytes=0	
Time=13:52:46	CPU0 Usage=8.0	CPU0time_system=4870.12	CPU0time_idle=71737.48	ram_available=1220022272	ram_percent=41.8	swap_used=12263424	swap_percent=0.6	bytes_sent=15441	 bytes_recv=189124	 packets_sent=106	 packets_recv=157	 errin=0	 errout=0	 dropin=0	 dropout=0	read_count=0	 write_count=0	 read_bytes=0	 write_bytes=0	
Time=13:52:48	CPU0 Usage=10.5	CPU0time_system=4870.27	CPU0time_idle=71739.35	ram_available=1219895296	ram_percent=41.8	swap_used=12263424	swap_percent=0.6	bytes_sent=3978	 bytes_recv=48594	 packets_sent=26	 packets_recv=42	 errin=0	 errout=0	 dropin=0	 dropout=0	read_count=0	 write_count=0	 read_bytes=0	 write_bytes=0	
Time=13:52:50	CPU0 Usage=7.6	CPU0time_system=4870.41	CPU0time_idle=71741.17	ram_available=1219448832	ram_percent=41.9	swap_used=12263424	swap_percent=0.6	bytes_sent=22456	 bytes_recv=273462	 packets_sent=156	 packets_recv=235	 errin=0	 errout=0	 dropin=0	 dropout=0	read_count=0	 write_count=0	 read_bytes=0	 write_bytes=0	
Time=13:52:52	CPU0 Usage=8.0	CPU0time_system=4870.52	CPU0time_idle=71743.02	ram_available=1219194880	ram_percent=41.9	swap_used=12263424	swap_percent=0.6	bytes_sent=11421	 bytes_recv=139288	 packets_sent=78	 packets_recv=113	 errin=0	 errout=0	 dropin=0	 dropout=0	read_count=0	 write_count=0	 read_bytes=0	 write_bytes=0	
Time=13:52:54	CPU0 Usage=9.4	CPU0time_system=4870.69	CPU0time_idle=71744.86	ram_available=1218973696	ram_percent=41.9	swap_used=12263424	swap_percent=0.6	bytes_sent=10487	 bytes_recv=128900	 packets_sent=72	 packets_recv=111	 errin=0	 errout=0	 dropin=0	 dropout=0	read_count=0	 write_count=0	 read_bytes=0	 write_bytes=0	
Time=13:52:56	CPU0 Usage=7.1	CPU0time_system=4870.8	CPU0time_idle=71746.7	ram_available=1218686976	ram_percent=41.9	swap_used=12263424	swap_percent=0.6	bytes_sent=16462	 bytes_recv=201474	 packets_sent=113	 packets_recv=169	 errin=0	 errout=0	 dropin=0	 dropout=0	read_count=0	 write_count=0	 read_bytes=0	 write_bytes=0	
Time=13:52:58	CPU0 Usage=8.0	CPU0time_system=4870.93	CPU0time_idle=71748.54	ram_available=1218433024	ram_percent=41.9	swap_used=12263424	swap_percent=0.6	bytes_sent=13759	 bytes_recv=157599	 packets_sent=91	 packets_recv=134	 errin=0	 errout=0	 dropin=0	 dropout=0	read_count=0	 write_count=0	 read_bytes=0	 write_bytes=0	
Time=13:53:00	CPU0 Usage=5.6	CPU0time_system=4871.02	CPU0time_idle=71750.38	ram_available=1218437120	ram_percent=41.9	swap_used=12263424	swap_percent=0.6	bytes_sent=12781	 bytes_recv=153819	 packets_sent=87	 packets_recv=132	 errin=0	 errout=0	 dropin=0	 dropout=0	read_count=0	 write_count=0	 read_bytes=0	 write_bytes=0	
Time=13:53:02	CPU0 Usage=8.5	CPU0time_system=4871.14	CPU0time_idle=71752.2	ram_available=1218084864	ram_percent=41.9	swap_used=12263424	swap_percent=0.6	bytes_sent=24374	 bytes_recv=297521	 packets_sent=169	 packets_recv=246	 errin=0	 errout=0	 dropin=0	 dropout=0	read_count=0	 write_count=0	 read_bytes=0	 write_bytes=0	
Time=13:53:04	CPU0 Usage=6.5	CPU0time_system=4871.26	CPU0time_idle=71754.07	ram_available=1218052096	ram_percent=41.9	swap_used=12263424	swap_percent=0.6	bytes_sent=2134	 bytes_recv=22335	 packets_sent=14	 packets_recv=21	 errin=0	 errout=0	 dropin=0	 dropout=0	read_count=0	 write_count=0	 read_bytes=0	 write_bytes=0	
Time=13:53:06	CPU0 Usage=8.4	CPU0time_system=4871.38	CPU0time_idle=71755.92	ram_available=1217798144	ram_percent=41.9	swap_used=12263424	swap_percent=0.6	bytes_sent=11348	 bytes_recv=137644	 packets_sent=77	 packets_recv=118	 errin=0	 errout=0	 dropin=0	 dropout=0	read_count=0	 write_count=0	 read_bytes=0	 write_bytes=0	
Time=13:53:08	CPU0 Usage=9.4	CPU0time_system=4871.52	CPU0time_idle=71757.76	ram_available=1217609728	ram_percent=41.9	swap_used=12263424	swap_percent=0.6	bytes_sent=12886	 bytes_recv=156417	 packets_sent=90	 packets_recv=131	 errin=0	 errout=0	 dropin=0	 dropout=0	read_count=0	 write_count=0	 read_bytes=0	 write_bytes=0	
Time=13:53:10	CPU0 Usage=8.0	CPU0time_system=4871.66	CPU0time_idle=71759.61	ram_available=1217388544	ram_percent=42.0	swap_used=12263424	swap_percent=0.6	bytes_sent=12067	 bytes_recv=146318	 packets_sent=83	 packets_recv=119	 errin=0	 errout=0	 dropin=0	 dropout=0	read_count=0	 write_count=0	 read_bytes=0	 write_bytes=0	
Time=13:53:12	CPU0 Usage=11.8	CPU0time_system=4871.89	CPU0time_idle=71761.47	ram_available=1217163264	ram_percent=42.0	swap_used=12263424	swap_percent=0.6	bytes_sent=8741	 bytes_recv=99062	 packets_sent=58	 packets_recv=91	 errin=0	 errout=0	 dropin=0	 dropout=0	read_count=0	 write_count=0	 read_bytes=0	 write_bytes=0	
Time=13:53:14	CPU0 Usage=10.3	CPU0time_system=4872.08	CPU0time_idle=71763.3	ram_available=1216716800	ram_percent=42.0	swap_used=12263424	swap_percent=0.6	bytes_sent=20066	 bytes_recv=231835	 packets_sent=134	 packets_recv=200	 errin=0	 errout=0	 dropin=0	 dropout=0	read_count=0	 write_count=0	 read_bytes=0	 write_bytes=0	
Time=13:53:16	CPU0 Usage=9.4	CPU0time_system=4872.23	CPU0time_idle=71765.13	ram_available=1216434176	ram_percent=42.0	swap_used=12263424	swap_percent=0.6	bytes_sent=17684	 bytes_recv=218513	 packets_sent=122	 packets_recv=185	 errin=0	 errout=0	 dropin=0	 dropout=0	read_count=0	 write_count=0	 read_bytes=0	 write_bytes=0	
Time=13:53:18	CPU0 Usage=4.1	CPU0time_system=4872.31	CPU0time_idle=71767.0	ram_available=1216368640	ram_percent=42.0	swap_used=12263424	swap_percent=0.6	bytes_sent=5876	 bytes_recv=67717	 packets_sent=39	 packets_recv=59	 errin=0	 errout=0	 dropin=0	 dropout=0	read_count=0	 write_count=0	 read_bytes=0	 write_bytes=0	
Time=13:53:20	CPU0 Usage=5.1	CPU0time_system=4872.41	CPU0time_idle=71768.88	ram_available=1216081920	ram_percent=42.0	swap_used=12263424	swap_percent=0.6	bytes_sent=4655	 bytes_recv=61882	 packets_sent=31	 packets_recv=52	 errin=0	 errout=0	 dropin=0	 dropout=0	read_count=0	 write_count=0	 read_bytes=0	 write_bytes=0	
Time=13:53:22	CPU0 Usage=6.5	CPU0time_system=4872.52	CPU0time_idle=71770.74	ram_available=1215954944	ram_percent=42.0	swap_used=12263424	swap_percent=0.6	bytes_sent=28346	 bytes_recv=173956	 packets_sent=101	 packets_recv=145	 errin=0	 errout=0	 dropin=0	 dropout=0	read_count=0	 write_count=0	 read_bytes=0	 write_bytes=0	
Time=13:53:24	CPU0 Usage=7.5	CPU0time_system=4872.65	CPU0time_idle=71772.58	ram_available=1215524864	ram_percent=42.0	swap_used=12263424	swap_percent=0.6	bytes_sent=19977	 bytes_recv=249956	 packets_sent=138	 packets_recv=214	 errin=0	 errout=0	 dropin=0	 dropout=0	read_count=0	 write_count=0	 read_bytes=0	 write_bytes=0	
Time=13:53:26	CPU0 Usage=6.1	CPU0time_system=4872.74	CPU0time_idle=71774.42	ram_available=1215332352	ram_percent=42.1	swap_used=12263424	swap_percent=0.6	bytes_sent=18889	 bytes_recv=230456	 packets_sent=129	 packets_recv=196	 errin=0	 errout=0	 dropin=0	 dropout=0	read_count=0	 write_count=0	 read_bytes=0	 write_bytes=0	
Time=13:53:28	CPU0 Usage=5.6	CPU0time_system=4872.84	CPU0time_idle=71776.28	ram_available=1214820352	ram_percent=42.1	swap_used=12263424	swap_percent=0.6	bytes_sent=14393	 bytes_recv=176905	 packets_sent=100	 packets_recv=156	 errin=0	 errout=0	 dropin=0	 dropout=0	read_count=0	 write_count=0	 read_bytes=0	 write_bytes=0	
Time=13:53:30	CPU0 Usage=0.0	CPU0time_system=4872.84	CPU0time_idle=71778.24	ram_available=1214820352	ram_percent=42.1	swap_used=12263424	swap_percent=0.6	bytes_sent=6820	 bytes_recv=80680	 packets_sent=47	 packets_recv=67	 errin=0	 errout=0	 dropin=0	 dropout=0	read_count=0	 write_count=0	 read_bytes=0	 write_bytes=0	
Time=13:53:32	CPU0 Usage=2.5	CPU0time_system=4872.88	CPU0time_idle=71780.19	ram_available=1214693376	ram_percent=42.1	swap_used=12263424	swap_percent=0.6	bytes_sent=11849	 bytes_recv=138514	 packets_sent=79	 packets_recv=115	 errin=0	 errout=0	 dropin=0	 dropout=0	read_count=0	 write_count=0	 read_bytes=0	 write_bytes=0	
Time=13:53:34	CPU0 Usage=2.0	CPU0time_system=4872.92	CPU0time_idle=71782.12	ram_available=1214279680	ram_percent=42.1	swap_used=12263424	swap_percent=0.6	bytes_sent=19720	 bytes_recv=230408	 packets_sent=136	 packets_recv=197	 errin=0	 errout=0	 dropin=0	 dropout=0	read_count=0	 write_count=0	 read_bytes=0	 write_bytes=0	
Time=13:53:36	CPU0 Usage=3.0	CPU0time_system=4872.98	CPU0time_idle=71784.03	ram_available=1214029824	ram_percent=42.1	swap_used=12263424	swap_percent=0.6	bytes_sent=23925	 bytes_recv=297428	 packets_sent=165	 packets_recv=243	 errin=0	 errout=0	 dropin=0	 dropout=0	read_count=0	 write_count=0	 read_bytes=0	 write_bytes=0	
Time=13:53:38	CPU0 Usage=1.5	CPU0time_system=4873.01	CPU0time_idle=71785.98	ram_available=1213804544	ram_percent=42.1	swap_used=12263424	swap_percent=0.6	bytes_sent=9613	 bytes_recv=117140	 packets_sent=65	 packets_recv=98	 errin=0	 errout=0	 dropin=0	 dropout=0	read_count=0	 write_count=0	 read_bytes=0	 write_bytes=0	
Time=13:53:40	CPU0 Usage=0.0	CPU0time_system=4873.01	CPU0time_idle=71787.96	ram_available=1213771776	ram_percent=42.1	swap_used=12263424	swap_percent=0.6	bytes_sent=2233	 bytes_recv=26245	 packets_sent=15	 packets_recv=23	 errin=0	 errout=0	 dropin=0	 dropout=0	read_count=0	 write_count=0	 read_bytes=0	 write_bytes=0	
Time=13:53:42	CPU0 Usage=3.6	CPU0time_system=4873.08	CPU0time_idle=71789.86	ram_available=1213362176	ram_percent=42.2	swap_used=12263424	swap_percent=0.6	bytes_sent=25785	 bytes_recv=313007	 packets_sent=179	 packets_recv=268	 errin=0	 errout=0	 dropin=0	 dropout=0	read_count=0	 write_count=0	 read_bytes=0	 write_bytes=0	
Time=13:53:44	CPU0 Usage=2.0	CPU0time_system=4873.12	CPU0time_idle=71791.8	ram_available=1213140992	ram_percent=42.2	swap_used=12263424	swap_percent=0.6	bytes_sent=17759	 bytes_recv=212704	 packets_sent=119	 packets_recv=181	 errin=0	 errout=0	 dropin=0	 dropout=0	read_count=0	 write_count=0	 read_bytes=0	 write_bytes=0	
Time=13:53:46	CPU0 Usage=1.0	CPU0time_system=4873.14	CPU0time_idle=71793.75	ram_available=1213046784	ram_percent=42.2	swap_used=12263424	swap_percent=0.6	bytes_sent=10001	 bytes_recv=120019	 packets_sent=68	 packets_recv=101	 errin=0	 errout=0	 dropin=0	 dropout=0	read_count=0	 write_count=0	 read_bytes=0	 write_bytes=0	
Time=13:53:48	CPU0 Usage=2.0	CPU0time_system=4873.17	CPU0time_idle=71795.69	ram_available=1212760064	ram_percent=42.2	swap_used=12263424	swap_percent=0.6	bytes_sent=16114	 bytes_recv=191121	 packets_sent=107	 packets_recv=162	 errin=0	 errout=0	 dropin=0	 dropout=0	read_count=0	 write_count=0	 read_bytes=0	 write_bytes=0	
Time=13:53:50	CPU0 Usage=2.0	CPU0time_system=4873.2	CPU0time_idle=71797.62	ram_available=1224364032	ram_percent=41.6	swap_used=12263424	swap_percent=0.6	bytes_sent=13413	 bytes_recv=156574	 packets_sent=92	 packets_recv=131	 errin=0	 errout=0	 dropin=0	 dropout=0	read_count=0	 write_count=0	 read_bytes=0	 write_bytes=0	
Time=13:53:52	CPU0 Usage=1.0	CPU0time_system=4873.22	CPU0time_idle=71799.58	ram_available=1224441856	ram_percent=41.6	swap_used=12263424	swap_percent=0.6	bytes_sent=8827	 bytes_recv=113228	 packets_sent=61	 packets_recv=93	 errin=0	 errout=0	 dropin=0	 dropout=0	read_count=0	 write_count=0	 read_bytes=0	 write_bytes=0	
Time=13:53:54	CPU0 Usage=2.5	CPU0time_system=4873.27	CPU0time_idle=71801.5	ram_available=1223086080	ram_percent=41.7	swap_used=12263424	swap_percent=0.6	bytes_sent=10146	 bytes_recv=123953	 packets_sent=70	 packets_recv=106	 errin=0	 errout=0	 dropin=0	 dropout=0	read_count=0	 write_count=0	 read_bytes=0	 write_bytes=0	
Time=13:53:56	CPU0 Usage=9.2	CPU0time_system=4873.42	CPU0time_idle=71803.28	ram_available=1222828032	ram_percent=41.7	swap_used=12263424	swap_percent=0.6	bytes_sent=17259	 bytes_recv=216012	 packets_sent=120	 packets_recv=181	 errin=0	 errout=0	 dropin=0	 dropout=0	read_count=0	 write_count=0	 read_bytes=0	 write_bytes=0	
Time=13:53:58	CPU0 Usage=12.4	CPU0time_system=4873.62	CPU0time_idle=71805.04	ram_available=1222672384	ram_percent=41.7	swap_used=12263424	swap_percent=0.6	bytes_sent=24779	 bytes_recv=296674	 packets_sent=168	 packets_recv=244	 errin=0	 errout=0	 dropin=0	 dropout=0	read_count=0	 write_count=0	 read_bytes=0	 write_bytes=0	
Time=13:54:00	CPU0 Usage=7.6	CPU0time_system=4873.73	CPU0time_idle=71806.87	ram_available=1222639616	ram_percent=41.7	swap_used=12263424	swap_percent=0.6	bytes_sent=2603	 bytes_recv=31086	 packets_sent=18	 packets_recv=26	 errin=0	 errout=0	 dropin=0	 dropout=0	read_count=0	 write_count=0	 read_bytes=0	 write_bytes=0	
Time=13:54:02	CPU0 Usage=10.5	CPU0time_system=4873.9	CPU0time_idle=71808.66	ram_available=1222590464	ram_percent=41.7	swap_used=12263424	swap_percent=0.6	bytes_sent=16844	 bytes_recv=196903	 packets_sent=113	 packets_recv=171	 errin=0	 errout=0	 dropin=0	 dropout=0	read_count=0	 write_count=0	 read_bytes=0	 write_bytes=0	
Time=13:54:04	CPU0 Usage=8.6	CPU0time_system=4874.02	CPU0time_idle=71810.47	ram_available=1222590464	ram_percent=41.7	swap_used=12263424	swap_percent=0.6	bytes_sent=7133	 bytes_recv=79824	 packets_sent=51	 packets_recv=79	 errin=0	 errout=0	 dropin=0	 dropout=0	read_count=0	 write_count=0	 read_bytes=0	 write_bytes=0	
Time=13:54:06	CPU0 Usage=8.6	CPU0time_system=4874.16	CPU0time_idle=71812.28	ram_available=1222590464	ram_percent=41.7	swap_used=12263424	swap_percent=0.6	bytes_sent=11643	 bytes_recv=141510	 packets_sent=80	 packets_recv=116	 errin=0	 errout=0	 dropin=0	 dropout=0	read_count=0	 write_count=0	 read_bytes=0	 write_bytes=0	
Time=13:54:08	CPU0 Usage=10.1	CPU0time_system=4874.32	CPU0time_idle=71814.07	ram_available=1222144000	ram_percent=41.7	swap_used=12263424	swap_percent=0.6	bytes_sent=14254	 bytes_recv=172913	 packets_sent=96	 packets_recv=143	 errin=0	 errout=0	 dropin=0	 dropout=0	read_count=0	 write_count=0	 read_bytes=0	 write_bytes=0	
Time=13:54:10	CPU0 Usage=9.5	CPU0time_system=4874.46	CPU0time_idle=71815.89	ram_available=1222049792	ram_percent=41.7	swap_used=12263424	swap_percent=0.6	bytes_sent=8487	 bytes_recv=101697	 packets_sent=60	 packets_recv=88	 errin=0	 errout=0	 dropin=0	 dropout=0	read_count=0	 write_count=0	 read_bytes=0	 write_bytes=0	
Time=13:54:12	CPU0 Usage=6.6	CPU0time_system=4874.57	CPU0time_idle=71817.73	ram_available=1221890048	ram_percent=41.7	swap_used=12263424	swap_percent=0.6	bytes_sent=22964	 bytes_recv=107498	 packets_sent=66	 packets_recv=93	 errin=0	 errout=0	 dropin=0	 dropout=0	read_count=0	 write_count=0	 read_bytes=0	 write_bytes=0	
Time=13:54:14	CPU0 Usage=0.5	CPU0time_system=4874.58	CPU0time_idle=71819.7	ram_available=1221763072	ram_percent=41.8	swap_used=12263424	swap_percent=0.6	bytes_sent=6070	 bytes_recv=76664	 packets_sent=41	 packets_recv=64	 errin=0	 errout=0	 dropin=0	 dropout=0	read_count=0	 write_count=0	 read_bytes=0	 write_bytes=0	
Time=13:54:16	CPU0 Usage=1.5	CPU0time_system=4874.6	CPU0time_idle=71821.64	ram_available=1221459968	ram_percent=41.8	swap_used=12263424	swap_percent=0.6	bytes_sent=16188	 bytes_recv=186521	 packets_sent=109	 packets_recv=166	 errin=0	 errout=0	 dropin=0	 dropout=0	read_count=0	 write_count=0	 read_bytes=0	 write_bytes=0	
Time=13:54:18	CPU0 Usage=2.5	CPU0time_system=4874.64	CPU0time_idle=71823.57	ram_available=1221238784	ram_percent=41.8	swap_used=12263424	swap_percent=0.6	bytes_sent=17853	 bytes_recv=207151	 packets_sent=121	 packets_recv=174	 errin=0	 errout=0	 dropin=0	 dropout=0	read_count=0	 write_count=5	 read_bytes=0	 write_bytes=24576	
Time=13:54:20	CPU0 Usage=2.0	CPU0time_system=4874.68	CPU0time_idle=71825.5	ram_available=1220866048	ram_percent=41.8	swap_used=12263424	swap_percent=0.6	bytes_sent=21751	 bytes_recv=260767	 packets_sent=149	 packets_recv=215	 errin=0	 errout=0	 dropin=0	 dropout=0	read_count=0	 write_count=0	 read_bytes=0	 write_bytes=0	
Time=13:54:22	CPU0 Usage=5.1	CPU0time_system=4874.72	CPU0time_idle=71827.38	ram_available=1232916480	ram_percent=41.2	swap_used=12263424	swap_percent=0.6	bytes_sent=3002	 bytes_recv=38590	 packets_sent=21	 packets_recv=34	 errin=0	 errout=0	 dropin=0	 dropout=0	read_count=0	 write_count=0	 read_bytes=0	 write_bytes=0	
Time=13:54:24	CPU0 Usage=55.8	CPU0time_system=4874.97	CPU0time_idle=71828.25	ram_available=1232859136	ram_percent=41.2	swap_used=12263424	swap_percent=0.6	bytes_sent=17287	 bytes_recv=207588	 packets_sent=122	 packets_recv=176	 errin=0	 errout=0	 dropin=0	 dropout=0	read_count=0	 write_count=0	 read_bytes=0	 write_bytes=0	
Time=13:54:26	CPU0 Usage=57.2	CPU0time_system=4875.18	CPU0time_idle=71829.11	ram_available=1232412672	ram_percent=41.2	swap_used=12263424	swap_percent=0.6	bytes_sent=17995	 bytes_recv=232222	 packets_sent=123	 packets_recv=189	 errin=0	 errout=0	 dropin=0	 dropout=0	read_count=0	 write_count=0	 read_bytes=0	 write_bytes=0	
Time=13:54:28	CPU0 Usage=56.6	CPU0time_system=4875.41	CPU0time_idle=71829.97	ram_available=1232359424	ram_percent=41.2	swap_used=12263424	swap_percent=0.6	bytes_sent=14563	 bytes_recv=167450	 packets_sent=101	 packets_recv=149	 errin=0	 errout=0	 dropin=0	 dropout=0	read_count=0	 write_count=10	 read_bytes=0	 write_bytes=65536	
Time=13:54:30	CPU0 Usage=55.6	CPU0time_system=4875.58	CPU0time_idle=71830.85	ram_available=1232072704	ram_percent=41.3	swap_used=12263424	swap_percent=0.6	bytes_sent=9352	 bytes_recv=116761	 packets_sent=63	 packets_recv=98	 errin=0	 errout=0	 dropin=0	 dropout=0	read_count=0	 write_count=0	 read_bytes=0	 write_bytes=0	
Time=13:54:32	CPU0 Usage=55.3	CPU0time_system=4875.76	CPU0time_idle=71831.73	ram_available=1231847424	ram_percent=41.3	swap_used=12263424	swap_percent=0.6	bytes_sent=8875	 bytes_recv=105708	 packets_sent=60	 packets_recv=88	 errin=0	 errout=0	 dropin=0	 dropout=0	read_count=0	 write_count=0	 read_bytes=0	 write_bytes=0	
Time=13:54:34	CPU0 Usage=56.5	CPU0time_system=4875.95	CPU0time_idle=71832.6	ram_available=1231495168	ram_percent=41.3	swap_used=12263424	swap_percent=0.6	bytes_sent=12733	 bytes_recv=151648	 packets_sent=88	 packets_recv=129	 errin=0	 errout=0	 dropin=0	 dropout=0	read_count=0	 write_count=0	 read_bytes=0	 write_bytes=0	
Time=13:54:36	CPU0 Usage=55.8	CPU0time_system=4876.16	CPU0time_idle=71833.48	ram_available=1231269888	ram_percent=41.3	swap_used=12263424	swap_percent=0.6	bytes_sent=10095	 bytes_recv=108866	 packets_sent=66	 packets_recv=99	 errin=0	 errout=0	 dropin=0	 dropout=0	read_count=0	 write_count=0	 read_bytes=0	 write_bytes=0	
Time=13:54:38	CPU0 Usage=55.5	CPU0time_system=4876.35	CPU0time_idle=71834.37	ram_available=1231351808	ram_percent=41.3	swap_used=12263424	swap_percent=0.6	bytes_sent=4389	 bytes_recv=55776	 packets_sent=29	 packets_recv=50	 errin=0	 errout=0	 dropin=0	 dropout=0	read_count=0	 write_count=0	 read_bytes=0	 write_bytes=0	
Time=13:54:40	CPU0 Usage=56.6	CPU0time_system=4876.52	CPU0time_idle=71835.22	ram_available=1230954496	ram_percent=41.3	swap_used=12263424	swap_percent=0.6	bytes_sent=18631	 bytes_recv=230911	 packets_sent=127	 packets_recv=191	 errin=0	 errout=0	 dropin=0	 dropout=0	read_count=0	 write_count=0	 read_bytes=0	 write_bytes=0	
Time=13:54:42	CPU0 Usage=57.2	CPU0time_system=4876.73	CPU0time_idle=71836.08	ram_available=1230700544	ram_percent=41.3	swap_used=12263424	swap_percent=0.6	bytes_sent=16230	 bytes_recv=195215	 packets_sent=110	 packets_recv=166	 errin=0	 errout=0	 dropin=0	 dropout=0	read_count=0	 write_count=0	 read_bytes=0	 write_bytes=0	
Time=13:54:45	CPU0 Usage=56.6	CPU0time_system=4876.92	CPU0time_idle=71836.94	ram_available=1230512128	ram_percent=41.3	swap_used=12263424	swap_percent=0.6	bytes_sent=17372	 bytes_recv=209766	 packets_sent=122	 packets_recv=176	 errin=0	 errout=0	 dropin=0	 dropout=0	read_count=0	 write_count=0	 read_bytes=0	 write_bytes=0	
Time=13:54:47	CPU0 Usage=54.6	CPU0time_system=4877.08	CPU0time_idle=71837.83	ram_available=1230286848	ram_percent=41.3	swap_used=12263424	swap_percent=0.6	bytes_sent=4266	 bytes_recv=53149	 packets_sent=29	 packets_recv=49	 errin=0	 errout=0	 dropin=0	 dropout=0	read_count=0	 write_count=0	 read_bytes=0	 write_bytes=0	
Time=13:54:49	CPU0 Usage=57.1	CPU0time_system=4877.3	CPU0time_idle=71838.68	ram_available=1230000128	ram_percent=41.4	swap_used=12263424	swap_percent=0.6	bytes_sent=19070	 bytes_recv=229703	 packets_sent=129	 packets_recv=192	 errin=0	 errout=0	 dropin=0	 dropout=0	read_count=0	 write_count=0	 read_bytes=0	 write_bytes=0	
Time=13:54:51	CPU0 Usage=56.2	CPU0time_system=4877.52	CPU0time_idle=71839.53	ram_available=1229647872	ram_percent=41.4	swap_used=12263424	swap_percent=0.6	bytes_sent=21209	 bytes_recv=258391	 packets_sent=144	 packets_recv=217	 errin=0	 errout=0	 dropin=0	 dropout=0	read_count=0	 write_count=0	 read_bytes=0	 write_bytes=0	
Time=13:54:53	CPU0 Usage=56.5	CPU0time_system=4877.69	CPU0time_idle=71840.4	ram_available=1229463552	ram_percent=41.4	swap_used=12263424	swap_percent=0.6	bytes_sent=10909	 bytes_recv=130484	 packets_sent=77	 packets_recv=109	 errin=0	 errout=0	 dropin=0	 dropout=0	read_count=0	 write_count=0	 read_bytes=0	 write_bytes=0	
Time=13:54:55	CPU0 Usage=56.8	CPU0time_system=4877.84	CPU0time_idle=71841.26	ram_available=1229434880	ram_percent=41.4	swap_used=12263424	swap_percent=0.6	bytes_sent=17498	 bytes_recv=210456	 packets_sent=122	 packets_recv=176	 errin=0	 errout=0	 dropin=0	 dropout=0	read_count=0	 write_count=12	 read_bytes=0	 write_bytes=57344	
Time=13:54:57	CPU0 Usage=54.8	CPU0time_system=4878.01	CPU0time_idle=71842.15	ram_available=1229369344	ram_percent=41.4	swap_used=12263424	swap_percent=0.6	bytes_sent=2916	 bytes_recv=32363	 packets_sent=19	 packets_recv=31	 errin=0	 errout=0	 dropin=0	 dropout=0	read_count=0	 write_count=0	 read_bytes=0	 write_bytes=0	
Time=13:54:59	CPU0 Usage=57.1	CPU0time_system=4878.26	CPU0time_idle=71843.0	ram_available=1229053952	ram_percent=41.4	swap_used=12263424	swap_percent=0.6	bytes_sent=18363	 bytes_recv=223923	 packets_sent=122	 packets_recv=185	 errin=0	 errout=0	 dropin=0	 dropout=0	read_count=0	 write_count=0	 read_bytes=0	 write_bytes=0	
Time=13:55:01	CPU0 Usage=56.3	CPU0time_system=4878.46	CPU0time_idle=71843.86	ram_available=1228926976	ram_percent=41.4	swap_used=12263424	swap_percent=0.6	bytes_sent=11803	 bytes_recv=141163	 packets_sent=79	 packets_recv=123	 errin=0	 errout=0	 dropin=0	 dropout=0	read_count=0	 write_count=0	 read_bytes=0	 write_bytes=0	
Time=13:55:03	CPU0 Usage=55.6	CPU0time_system=4878.65	CPU0time_idle=71844.74	ram_available=1228607488	ram_percent=41.4	swap_used=12263424	swap_percent=0.6	bytes_sent=12145	 bytes_recv=152141	 packets_sent=85	 packets_recv=129	 errin=0	 errout=0	 dropin=0	 dropout=0	read_count=0	 write_count=0	 read_bytes=0	 write_bytes=0	
Time=13:55:05	CPU0 Usage=55.6	CPU0time_system=4878.81	CPU0time_idle=71845.61	ram_available=1228353536	ram_percent=41.4	swap_used=12263424	swap_percent=0.6	bytes_sent=24369	 bytes_recv=125526	 packets_sent=72	 packets_recv=105	 errin=0	 errout=0	 dropin=0	 dropout=0	read_count=0	 write_count=0	 read_bytes=0	 write_bytes=0	
Time=13:55:07	CPU0 Usage=56.3	CPU0time_system=4879.02	CPU0time_idle=71846.48	ram_available=1228099584	ram_percent=41.4	swap_used=12263424	swap_percent=0.6	bytes_sent=13352	 bytes_recv=166741	 packets_sent=91	 packets_recv=135	 errin=0	 errout=0	 dropin=0	 dropout=0	read_count=0	 write_count=0	 read_bytes=0	 write_bytes=0	
Time=13:55:09	CPU0 Usage=55.6	CPU0time_system=4879.21	CPU0time_idle=71847.36	ram_available=1227972608	ram_percent=41.5	swap_used=12263424	swap_percent=0.6	bytes_sent=8874	 bytes_recv=107249	 packets_sent=60	 packets_recv=92	 errin=0	 errout=0	 dropin=0	 dropout=0	read_count=0	 write_count=0	 read_bytes=0	 write_bytes=0	
Time=13:55:11	CPU0 Usage=56.8	CPU0time_system=4879.43	CPU0time_idle=71848.22	ram_available=1227583488	ram_percent=41.5	swap_used=12263424	swap_percent=0.6	bytes_sent=16866	 bytes_recv=207518	 packets_sent=116	 packets_recv=177	 errin=0	 errout=0	 dropin=0	 dropout=0	read_count=0	 write_count=0	 read_bytes=0	 write_bytes=0	
Time=13:55:13	CPU0 Usage=56.9	CPU0time_system=4879.67	CPU0time_idle=71849.06	ram_available=1227300864	ram_percent=41.5	swap_used=12263424	swap_percent=0.6	bytes_sent=22633	 bytes_recv=275117	 packets_sent=155	 packets_recv=235	 errin=0	 errout=0	 dropin=0	 dropout=0	read_count=0	 write_count=0	 read_bytes=0	 write_bytes=0	
Time=13:55:15	CPU0 Usage=54.8	CPU0time_system=4879.86	CPU0time_idle=71849.96	ram_available=1227300864	ram_percent=41.5	swap_used=12263424	swap_percent=0.6	bytes_sent=66	 bytes_recv=4018	 packets_sent=1	 packets_recv=3	 errin=0	 errout=0	 dropin=0	 dropout=0	read_count=0	 write_count=0	 read_bytes=0	 write_bytes=0	
Time=13:55:17	CPU0 Usage=54.3	CPU0time_system=4880.02	CPU0time_idle=71850.86	ram_available=1227300864	ram_percent=41.5	swap_used=12263424	swap_percent=0.6	bytes_sent=1054	 bytes_recv=11165	 packets_sent=7	 packets_recv=9	 errin=0	 errout=0	 dropin=0	 dropout=0	read_count=0	 write_count=0	 read_bytes=0	 write_bytes=0	
Time=13:55:19	CPU0 Usage=57.8	CPU0time_system=4880.23	CPU0time_idle=71851.7	ram_available=1226756096	ram_percent=41.5	swap_used=12263424	swap_percent=0.6	bytes_sent=27506	 bytes_recv=329899	 packets_sent=191	 packets_recv=284	 errin=0	 errout=0	 dropin=0	 dropout=0	read_count=0	 write_count=0	 read_bytes=0	 write_bytes=0	
Time=13:55:21	CPU0 Usage=58.3	CPU0time_system=4880.44	CPU0time_idle=71852.5	ram_available=1226121216	ram_percent=41.5	swap_used=12263424	swap_percent=0.6	bytes_sent=34668	 bytes_recv=416229	 packets_sent=226	 packets_recv=346	 errin=0	 errout=0	 dropin=0	 dropout=0	read_count=0	 write_count=0	 read_bytes=0	 write_bytes=0	
Time=13:55:23	CPU0 Usage=56.6	CPU0time_system=4880.64	CPU0time_idle=71853.36	ram_available=1225900032	ram_percent=41.6	swap_used=12263424	swap_percent=0.6	bytes_sent=15582	 bytes_recv=190286	 packets_sent=108	 packets_recv=164	 errin=0	 errout=0	 dropin=0	 dropout=0	read_count=0	 write_count=0	 read_bytes=0	 write_bytes=0	
Time=13:55:25	CPU0 Usage=56.0	CPU0time_system=4880.85	CPU0time_idle=71854.24	ram_available=1225584640	ram_percent=41.6	swap_used=12263424	swap_percent=0.6	bytes_sent=13010	 bytes_recv=158103	 packets_sent=85	 packets_recv=127	 errin=0	 errout=0	 dropin=0	 dropout=0	read_count=0	 write_count=0	 read_bytes=0	 write_bytes=0	
Time=13:55:27	CPU0 Usage=55.6	CPU0time_system=4881.03	CPU0time_idle=71855.11	ram_available=1225457664	ram_percent=41.6	swap_used=12263424	swap_percent=0.6	bytes_sent=9935	 bytes_recv=128561	 packets_sent=68	 packets_recv=107	 errin=0	 errout=0	 dropin=0	 dropout=0	read_count=0	 write_count=0	 read_bytes=0	 write_bytes=0	
Time=13:55:29	CPU0 Usage=55.3	CPU0time_system=4881.14	CPU0time_idle=71855.99	ram_available=1225396224	ram_percent=41.6	swap_used=12263424	swap_percent=0.6	bytes_sent=11058	 bytes_recv=129667	 packets_sent=73	 packets_recv=107	 errin=0	 errout=0	 dropin=0	 dropout=0	read_count=0	 write_count=0	 read_bytes=0	 write_bytes=0	
Time=13:55:31	CPU0 Usage=57.0	CPU0time_system=4881.31	CPU0time_idle=71856.85	ram_available=1225080832	ram_percent=41.6	swap_used=12263424	swap_percent=0.6	bytes_sent=18349	 bytes_recv=218532	 packets_sent=125	 packets_recv=185	 errin=0	 errout=0	 dropin=0	 dropout=0	read_count=0	 write_count=0	 read_bytes=0	 write_bytes=0	
Time=13:55:33	CPU0 Usage=54.8	CPU0time_system=4881.46	CPU0time_idle=71857.74	ram_available=1225080832	ram_percent=41.6	swap_used=12263424	swap_percent=0.6	bytes_sent=3486	 bytes_recv=36142	 packets_sent=21	 packets_recv=32	 errin=0	 errout=0	 dropin=0	 dropout=0	read_count=0	 write_count=0	 read_bytes=0	 write_bytes=0	
Time=13:55:35	CPU0 Usage=55.5	CPU0time_system=4881.64	CPU0time_idle=71858.63	ram_available=1224953856	ram_percent=41.6	swap_used=12263424	swap_percent=0.6	bytes_sent=5461	 bytes_recv=69723	 packets_sent=37	 packets_recv=60	 errin=0	 errout=0	 dropin=0	 dropout=0	read_count=0	 write_count=0	 read_bytes=0	 write_bytes=0	
Time=13:55:37	CPU0 Usage=57.1	CPU0time_system=4881.84	CPU0time_idle=71859.48	ram_available=1224441856	ram_percent=41.6	swap_used=12263424	swap_percent=0.6	bytes_sent=21003	 bytes_recv=253390	 packets_sent=146	 packets_recv=214	 errin=0	 errout=0	 dropin=0	 dropout=0	read_count=0	 write_count=0	 read_bytes=0	 write_bytes=0	
Time=13:55:39	CPU0 Usage=55.1	CPU0time_system=4881.99	CPU0time_idle=71860.37	ram_available=1224376320	ram_percent=41.6	swap_used=12263424	swap_percent=0.6	bytes_sent=2723	 bytes_recv=29188	 packets_sent=18	 packets_recv=26	 errin=0	 errout=0	 dropin=0	 dropout=0	read_count=0	 write_count=0	 read_bytes=0	 write_bytes=0	
Time=13:55:41	CPU0 Usage=57.0	CPU0time_system=4882.19	CPU0time_idle=71861.23	ram_available=1224155136	ram_percent=41.6	swap_used=12263424	swap_percent=0.6	bytes_sent=18327	 bytes_recv=221887	 packets_sent=127	 packets_recv=183	 errin=0	 errout=0	 dropin=0	 dropout=0	read_count=0	 write_count=0	 read_bytes=0	 write_bytes=0	
Time=13:55:43	CPU0 Usage=57.9	CPU0time_system=4882.49	CPU0time_idle=71862.08	ram_available=1223806976	ram_percent=41.7	swap_used=12263424	swap_percent=0.6	bytes_sent=21258	 bytes_recv=260350	 packets_sent=144	 packets_recv=210	 errin=0	 errout=0	 dropin=0	 dropout=0	read_count=0	 write_count=0	 read_bytes=0	 write_bytes=0	
Time=13:55:45	CPU0 Usage=55.9	CPU0time_system=4882.67	CPU0time_idle=71862.94	ram_available=1223520256	ram_percent=41.7	swap_used=12263424	swap_percent=0.6	bytes_sent=14527	 bytes_recv=170265	 packets_sent=102	 packets_recv=146	 errin=0	 errout=0	 dropin=0	 dropout=0	read_count=0	 write_count=0	 read_bytes=0	 write_bytes=0	
Time=13:55:47	CPU0 Usage=56.4	CPU0time_system=4882.87	CPU0time_idle=71863.82	ram_available=1223421952	ram_percent=41.7	swap_used=12263424	swap_percent=0.6	bytes_sent=10475	 bytes_recv=127753	 packets_sent=70	 packets_recv=103	 errin=0	 errout=0	 dropin=0	 dropout=0	read_count=0	 write_count=0	 read_bytes=0	 write_bytes=0	
Time=13:55:49	CPU0 Usage=56.4	CPU0time_system=4883.08	CPU0time_idle=71864.67	ram_available=1234440192	ram_percent=41.1	swap_used=12263424	swap_percent=0.6	bytes_sent=19718	 bytes_recv=238939	 packets_sent=134	 packets_recv=208	 errin=0	 errout=0	 dropin=0	 dropout=0	read_count=0	 write_count=0	 read_bytes=0	 write_bytes=0	
Time=13:55:51	CPU0 Usage=56.8	CPU0time_system=4883.26	CPU0time_idle=71865.53	ram_available=1234411520	ram_percent=41.1	swap_used=12263424	swap_percent=0.6	bytes_sent=15861	 bytes_recv=195686	 packets_sent=110	 packets_recv=166	 errin=0	 errout=0	 dropin=0	 dropout=0	read_count=0	 write_count=0	 read_bytes=0	 write_bytes=0	
Time=13:55:53	CPU0 Usage=54.8	CPU0time_system=4883.5	CPU0time_idle=71866.42	ram_available=1234378752	ram_percent=41.1	swap_used=12263424	swap_percent=0.6	bytes_sent=5702	 bytes_recv=68210	 packets_sent=39	 packets_recv=58	 errin=0	 errout=0	 dropin=0	 dropout=0	read_count=0	 write_count=0	 read_bytes=0	 write_bytes=0	
Time=13:55:55	CPU0 Usage=57.3	CPU0time_system=4883.78	CPU0time_idle=71867.27	ram_available=1234153472	ram_percent=41.2	swap_used=12263424	swap_percent=0.6	bytes_sent=35267	 bytes_recv=236435	 packets_sent=144	 packets_recv=205	 errin=0	 errout=0	 dropin=0	 dropout=0	read_count=0	 write_count=0	 read_bytes=0	 write_bytes=0	
Time=13:55:57	CPU0 Usage=55.9	CPU0time_system=4884.01	CPU0time_idle=71868.13	ram_available=1234194432	ram_percent=41.2	swap_used=12263424	swap_percent=0.6	bytes_sent=18303	 bytes_recv=236892	 packets_sent=128	 packets_recv=191	 errin=0	 errout=0	 dropin=0	 dropout=0	read_count=0	 write_count=5	 read_bytes=0	 write_bytes=24576	
Time=13:55:59	CPU0 Usage=55.8	CPU0time_system=4884.21	CPU0time_idle=71869.0	ram_available=1234194432	ram_percent=41.2	swap_used=12263424	swap_percent=0.6	bytes_sent=7245	 bytes_recv=81869	 packets_sent=51	 packets_recv=70	 errin=0	 errout=0	 dropin=0	 dropout=0	read_count=0	 write_count=0	 read_bytes=0	 write_bytes=0	
Time=13:56:01	CPU0 Usage=54.8	CPU0time_system=4884.4	CPU0time_idle=71869.89	ram_available=1234128896	ram_percent=41.2	swap_used=12263424	swap_percent=0.6	bytes_sent=6638	 bytes_recv=79074	 packets_sent=46	 packets_recv=69	 errin=0	 errout=0	 dropin=0	 dropout=0	read_count=0	 write_count=0	 read_bytes=0	 write_bytes=0	
Time=13:56:03	CPU0 Usage=56.1	CPU0time_system=4884.59	CPU0time_idle=71870.76	ram_available=1234063360	ram_percent=41.2	swap_used=12263424	swap_percent=0.6	bytes_sent=10293	 bytes_recv=110891	 packets_sent=69	 packets_recv=106	 errin=0	 errout=0	 dropin=0	 dropout=0	read_count=0	 write_count=0	 read_bytes=0	 write_bytes=0	
Time=13:56:05	CPU0 Usage=54.8	CPU0time_system=4884.77	CPU0time_idle=71871.66	ram_available=1234096128	ram_percent=41.2	swap_used=12263424	swap_percent=0.6	bytes_sent=2338	 bytes_recv=27550	 packets_sent=17	 packets_recv=26	 errin=0	 errout=0	 dropin=0	 dropout=0	read_count=0	 write_count=0	 read_bytes=0	 write_bytes=0	
Time=13:56:07	CPU0 Usage=56.8	CPU0time_system=4884.97	CPU0time_idle=71872.52	ram_available=1233948672	ram_percent=41.2	swap_used=12263424	swap_percent=0.6	bytes_sent=15845	 bytes_recv=192004	 packets_sent=104	 packets_recv=159	 errin=0	 errout=0	 dropin=0	 dropout=0	read_count=0	 write_count=5	 read_bytes=0	 write_bytes=24576	
Time=13:56:09	CPU0 Usage=55.8	CPU0time_system=4885.16	CPU0time_idle=71873.39	ram_available=1233801216	ram_percent=41.2	swap_used=12263424	swap_percent=0.6	bytes_sent=12760	 bytes_recv=146225	 packets_sent=85	 packets_recv=120	 errin=0	 errout=0	 dropin=0	 dropout=0	read_count=0	 write_count=0	 read_bytes=0	 write_bytes=0	
Time=13:56:11	CPU0 Usage=55.8	CPU0time_system=4885.33	CPU0time_idle=71874.26	ram_available=1233448960	ram_percent=41.2	swap_used=12263424	swap_percent=0.6	bytes_sent=12119	 bytes_recv=145370	 packets_sent=86	 packets_recv=131	 errin=0	 errout=0	 dropin=0	 dropout=0	read_count=0	 write_count=0	 read_bytes=0	 write_bytes=0	
Time=13:56:13	CPU0 Usage=56.3	CPU0time_system=4885.54	CPU0time_idle=71875.13	ram_available=1233068032	ram_percent=41.2	swap_used=12263424	swap_percent=0.6	bytes_sent=14486	 bytes_recv=173844	 packets_sent=98	 packets_recv=146	 errin=0	 errout=0	 dropin=0	 dropout=0	read_count=0	 write_count=0	 read_bytes=0	 write_bytes=0	
Time=13:56:15	CPU0 Usage=58.8	CPU0time_system=4885.76	CPU0time_idle=71875.95	ram_available=1232621568	ram_percent=41.2	swap_used=12263424	swap_percent=0.6	bytes_sent=32991	 bytes_recv=389188	 packets_sent=226	 packets_recv=334	 errin=0	 errout=0	 dropin=0	 dropout=0	read_count=0	 write_count=0	 read_bytes=0	 write_bytes=0	
Time=13:56:17	CPU0 Usage=55.9	CPU0time_system=4885.94	CPU0time_idle=71876.81	ram_available=1232379904	ram_percent=41.2	swap_used=12263424	swap_percent=0.6	bytes_sent=14724	 bytes_recv=185183	 packets_sent=101	 packets_recv=158	 errin=0	 errout=0	 dropin=0	 dropout=0	read_count=0	 write_count=5	 read_bytes=0	 write_bytes=24576	
Time=13:56:19	CPU0 Usage=56.1	CPU0time_system=4886.14	CPU0time_idle=71877.68	ram_available=1232125952	ram_percent=41.3	swap_used=12263424	swap_percent=0.6	bytes_sent=13545	 bytes_recv=168509	 packets_sent=92	 packets_recv=141	 errin=0	 errout=0	 dropin=0	 dropout=0	read_count=0	 write_count=0	 read_bytes=0	 write_bytes=0	
Time=13:56:21	CPU0 Usage=55.6	CPU0time_system=4886.34	CPU0time_idle=71878.55	ram_available=1232093184	ram_percent=41.3	swap_used=12263424	swap_percent=0.6	bytes_sent=12439	 bytes_recv=144962	 packets_sent=82	 packets_recv=122	 errin=0	 errout=0	 dropin=0	 dropout=0	read_count=0	 write_count=2	 read_bytes=0	 write_bytes=8192	
Time=13:56:23	CPU0 Usage=57.3	CPU0time_system=4886.58	CPU0time_idle=71879.4	ram_available=1231679488	ram_percent=41.3	swap_used=12263424	swap_percent=0.6	bytes_sent=17344	 bytes_recv=204665	 packets_sent=118	 packets_recv=177	 errin=0	 errout=0	 dropin=0	 dropout=0	read_count=0	 write_count=0	 read_bytes=0	 write_bytes=0	
Time=13:56:25	CPU0 Usage=56.8	CPU0time_system=4886.86	CPU0time_idle=71880.26	ram_available=1231482880	ram_percent=41.3	swap_used=12263424	swap_percent=0.6	bytes_sent=18882	 bytes_recv=225756	 packets_sent=129	 packets_recv=193	 errin=0	 errout=0	 dropin=0	 dropout=0	read_count=0	 write_count=0	 read_bytes=0	 write_bytes=0	
Time=13:56:27	CPU0 Usage=55.1	CPU0time_system=4887.21	CPU0time_idle=71881.14	ram_available=1231302656	ram_percent=41.3	swap_used=12263424	swap_percent=0.6	bytes_sent=12772	 bytes_recv=155410	 packets_sent=87	 packets_recv=130	 errin=0	 errout=0	 dropin=0	 dropout=0	read_count=0	 write_count=5	 read_bytes=0	 write_bytes=24576	
Time=13:56:29	CPU0 Usage=56.8	CPU0time_system=4887.43	CPU0time_idle=71882.0	ram_available=1231114240	ram_percent=41.3	swap_used=12263424	swap_percent=0.6	bytes_sent=15403	 bytes_recv=185960	 packets_sent=104	 packets_recv=154	 errin=0	 errout=0	 dropin=0	 dropout=0	read_count=0	 write_count=0	 read_bytes=0	 write_bytes=0	
Time=13:56:31	CPU0 Usage=56.1	CPU0time_system=4887.63	CPU0time_idle=71882.87	ram_available=1230954496	ram_percent=41.3	swap_used=12263424	swap_percent=0.6	bytes_sent=11582	 bytes_recv=137247	 packets_sent=80	 packets_recv=121	 errin=0	 errout=0	 dropin=0	 dropout=0	read_count=0	 write_count=2	 read_bytes=0	 write_bytes=8192	
Time=13:56:33	CPU0 Usage=55.9	CPU0time_system=4887.83	CPU0time_idle=71883.73	ram_available=1230766080	ram_percent=41.3	swap_used=12263424	swap_percent=0.6	bytes_sent=15991	 bytes_recv=202735	 packets_sent=110	 packets_recv=174	 errin=0	 errout=0	 dropin=0	 dropout=0	read_count=0	 write_count=0	 read_bytes=0	 write_bytes=0	
Time=13:56:35	CPU0 Usage=57.1	CPU0time_system=4888.08	CPU0time_idle=71884.58	ram_available=1230127104	ram_percent=41.4	swap_used=12263424	swap_percent=0.6	bytes_sent=19304	 bytes_recv=229515	 packets_sent=131	 packets_recv=197	 errin=0	 errout=0	 dropin=0	 dropout=0	read_count=0	 write_count=0	 read_bytes=0	 write_bytes=0	
Time=13:56:37	CPU0 Usage=56.1	CPU0time_system=4888.3	CPU0time_idle=71885.45	ram_available=1230000128	ram_percent=41.4	swap_used=12263424	swap_percent=0.6	bytes_sent=12911	 bytes_recv=157853	 packets_sent=88	 packets_recv=128	 errin=0	 errout=0	 dropin=0	 dropout=0	read_count=0	 write_count=0	 read_bytes=0	 write_bytes=0	
Time=13:56:39	CPU0 Usage=55.3	CPU0time_system=4888.49	CPU0time_idle=71886.33	ram_available=1229938688	ram_percent=41.4	swap_used=12263424	swap_percent=0.6	bytes_sent=9982	 bytes_recv=114356	 packets_sent=68	 packets_recv=99	 errin=0	 errout=0	 dropin=0	 dropout=0	read_count=0	 write_count=0	 read_bytes=0	 write_bytes=0	
Time=13:56:41	CPU0 Usage=56.1	CPU0time_system=4888.68	CPU0time_idle=71887.2	ram_available=1229733888	ram_percent=41.4	swap_used=12263424	swap_percent=0.6	bytes_sent=9345	 bytes_recv=117326	 packets_sent=63	 packets_recv=100	 errin=0	 errout=0	 dropin=0	 dropout=0	read_count=0	 write_count=0	 read_bytes=0	 write_bytes=0	
Time=13:56:43	CPU0 Usage=55.6	CPU0time_system=4888.9	CPU0time_idle=71888.08	ram_available=1229332480	ram_percent=41.4	swap_used=12263424	swap_percent=0.6	bytes_sent=11888	 bytes_recv=142307	 packets_sent=80	 packets_recv=123	 errin=0	 errout=0	 dropin=0	 dropout=0	read_count=0	 write_count=0	 read_bytes=0	 write_bytes=0	
Time=13:56:45	CPU0 Usage=57.5	CPU0time_system=4889.12	CPU0time_idle=71888.93	ram_available=1228914688	ram_percent=41.4	swap_used=12263424	swap_percent=0.6	bytes_sent=31810	 bytes_recv=215892	 packets_sent=121	 packets_recv=184	 errin=0	 errout=0	 dropin=0	 dropout=0	read_count=0	 write_count=0	 read_bytes=0	 write_bytes=0	
Time=13:56:47	CPU0 Usage=55.1	CPU0time_system=4889.3	CPU0time_idle=71889.82	ram_available=1228853248	ram_percent=41.4	swap_used=12263424	swap_percent=0.6	bytes_sent=5880	 bytes_recv=74233	 packets_sent=40	 packets_recv=57	 errin=0	 errout=0	 dropin=0	 dropout=0	read_count=0	 write_count=0	 read_bytes=0	 write_bytes=0	
Time=13:56:49	CPU0 Usage=55.1	CPU0time_system=4889.47	CPU0time_idle=71890.71	ram_available=1228853248	ram_percent=41.4	swap_used=12263424	swap_percent=0.6	bytes_sent=4902	 bytes_recv=56098	 packets_sent=34	 packets_recv=53	 errin=0	 errout=0	 dropin=0	 dropout=0	read_count=0	 write_count=0	 read_bytes=0	 write_bytes=0	
Time=13:56:51	CPU0 Usage=57.0	CPU0time_system=4889.67	CPU0time_idle=71891.57	ram_available=1228505088	ram_percent=41.4	swap_used=12263424	swap_percent=0.6	bytes_sent=16944	 bytes_recv=204891	 packets_sent=116	 packets_recv=171	 errin=0	 errout=0	 dropin=0	 dropout=0	read_count=0	 write_count=0	 read_bytes=0	 write_bytes=0	
Time=13:56:53	CPU0 Usage=55.8	CPU0time_system=4889.85	CPU0time_idle=71892.44	ram_available=1228120064	ram_percent=41.4	swap_used=12263424	swap_percent=0.6	bytes_sent=11640	 bytes_recv=145012	 packets_sent=80	 packets_recv=123	 errin=0	 errout=0	 dropin=0	 dropout=0	read_count=0	 write_count=0	 read_bytes=0	 write_bytes=0	
Time=13:56:55	CPU0 Usage=55.2	CPU0time_system=4890.14	CPU0time_idle=71893.31	ram_available=1227771904	ram_percent=41.5	swap_used=12263424	swap_percent=0.6	bytes_sent=16238	 bytes_recv=200202	 packets_sent=111	 packets_recv=166	 errin=0	 errout=0	 dropin=0	 dropout=0	read_count=0	 write_count=0	 read_bytes=0	 write_bytes=0	
Time=13:56:57	CPU0 Usage=55.3	CPU0time_system=4890.33	CPU0time_idle=71894.2	ram_available=1227612160	ram_percent=41.5	swap_used=12263424	swap_percent=0.6	bytes_sent=3802	 bytes_recv=44435	 packets_sent=24	 packets_recv=39	 errin=0	 errout=0	 dropin=0	 dropout=0	read_count=0	 write_count=0	 read_bytes=0	 write_bytes=0	
Time=13:56:59	CPU0 Usage=57.5	CPU0time_system=4890.54	CPU0time_idle=71895.05	ram_available=1227358208	ram_percent=41.5	swap_used=12263424	swap_percent=0.6	bytes_sent=16395	 bytes_recv=203663	 packets_sent=111	 packets_recv=173	 errin=0	 errout=0	 dropin=0	 dropout=0	read_count=0	 write_count=0	 read_bytes=0	 write_bytes=0	
Time=13:57:01	CPU0 Usage=55.6	CPU0time_system=4890.72	CPU0time_idle=71895.92	ram_available=1227169792	ram_percent=41.5	swap_used=12263424	swap_percent=0.6	bytes_sent=11005	 bytes_recv=136685	 packets_sent=74	 packets_recv=111	 errin=0	 errout=0	 dropin=0	 dropout=0	read_count=0	 write_count=0	 read_bytes=0	 write_bytes=0	
Time=13:57:03	CPU0 Usage=55.8	CPU0time_system=4890.88	CPU0time_idle=71896.8	ram_available=1226940416	ram_percent=41.5	swap_used=12263424	swap_percent=0.6	bytes_sent=10097	 bytes_recv=125003	 packets_sent=72	 packets_recv=105	 errin=0	 errout=0	 dropin=0	 dropout=0	read_count=0	 write_count=0	 read_bytes=0	 write_bytes=0	
Time=13:57:05	CPU0 Usage=57.1	CPU0time_system=4891.09	CPU0time_idle=71897.64	ram_available=1226526720	ram_percent=41.5	swap_used=12263424	swap_percent=0.6	bytes_sent=28236	 bytes_recv=341111	 packets_sent=189	 packets_recv=280	 errin=0	 errout=0	 dropin=0	 dropout=0	read_count=0	 write_count=0	 read_bytes=0	 write_bytes=0	
Time=13:57:07	CPU0 Usage=56.4	CPU0time_system=4891.29	CPU0time_idle=71898.52	ram_available=1226371072	ram_percent=41.5	swap_used=12263424	swap_percent=0.6	bytes_sent=8195	 bytes_recv=98583	 packets_sent=59	 packets_recv=81	 errin=0	 errout=0	 dropin=0	 dropout=0	read_count=0	 write_count=0	 read_bytes=0	 write_bytes=0	
Time=13:57:09	CPU0 Usage=55.4	CPU0time_system=4891.43	CPU0time_idle=71899.39	ram_available=1226145792	ram_percent=41.5	swap_used=12263424	swap_percent=0.6	bytes_sent=10482	 bytes_recv=124751	 packets_sent=70	 packets_recv=106	 errin=0	 errout=0	 dropin=0	 dropout=0	read_count=0	 write_count=0	 read_bytes=0	 write_bytes=0	
Time=13:57:11	CPU0 Usage=57.3	CPU0time_system=4891.64	CPU0time_idle=71900.24	ram_available=1225891840	ram_percent=41.6	swap_used=12263424	swap_percent=0.6	bytes_sent=23698	 bytes_recv=283842	 packets_sent=161	 packets_recv=240	 errin=0	 errout=0	 dropin=0	 dropout=0	read_count=0	 write_count=0	 read_bytes=0	 write_bytes=0	
Time=13:57:13	CPU0 Usage=56.4	CPU0time_system=4891.85	CPU0time_idle=71901.12	ram_available=1225699328	ram_percent=41.6	swap_used=12263424	swap_percent=0.6	bytes_sent=10030	 bytes_recv=119563	 packets_sent=68	 packets_recv=100	 errin=0	 errout=0	 dropin=0	 dropout=0	read_count=0	 write_count=0	 read_bytes=0	 write_bytes=0	
Time=13:57:15	CPU0 Usage=54.4	CPU0time_system=4892.02	CPU0time_idle=71902.01	ram_available=1225572352	ram_percent=41.6	swap_used=12263424	swap_percent=0.6	bytes_sent=3809	 bytes_recv=48843	 packets_sent=27	 packets_recv=40	 errin=0	 errout=0	 dropin=0	 dropout=0	read_count=0	 write_count=0	 read_bytes=0	 write_bytes=0	
Time=13:57:17	CPU0 Usage=55.6	CPU0time_system=4892.21	CPU0time_idle=71902.89	ram_available=1225478144	ram_percent=41.6	swap_used=12263424	swap_percent=0.6	bytes_sent=9638	 bytes_recv=121845	 packets_sent=66	 packets_recv=102	 errin=0	 errout=0	 dropin=0	 dropout=0	read_count=0	 write_count=0	 read_bytes=0	 write_bytes=0	
Time=13:57:19	CPU0 Usage=56.3	CPU0time_system=4892.43	CPU0time_idle=71903.76	ram_available=1225256960	ram_percent=41.6	swap_used=12263424	swap_percent=0.6	bytes_sent=14051	 bytes_recv=161258	 packets_sent=93	 packets_recv=133	 errin=0	 errout=0	 dropin=0	 dropout=0	read_count=0	 write_count=0	 read_bytes=0	 write_bytes=0	
Time=13:57:21	CPU0 Usage=55.9	CPU0time_system=4892.61	CPU0time_idle=71904.62	ram_available=1224863744	ram_percent=41.6	swap_used=12263424	swap_percent=0.6	bytes_sent=18242	 bytes_recv=214391	 packets_sent=121	 packets_recv=179	 errin=0	 errout=0	 dropin=0	 dropout=0	read_count=0	 write_count=0	 read_bytes=0	 write_bytes=0	
Time=13:57:23	CPU0 Usage=56.3	CPU0time_system=4892.81	CPU0time_idle=71905.48	ram_available=1224646656	ram_percent=41.6	swap_used=12263424	swap_percent=0.6	bytes_sent=17957	 bytes_recv=218686	 packets_sent=124	 packets_recv=181	 errin=0	 errout=0	 dropin=0	 dropout=0	read_count=0	 write_count=0	 read_bytes=0	 write_bytes=0	
Time=13:57:25	CPU0 Usage=55.3	CPU0time_system=4893.24	CPU0time_idle=71906.37	ram_available=1224585216	ram_percent=41.6	swap_used=12263424	swap_percent=0.6	bytes_sent=7177	 bytes_recv=87305	 packets_sent=50	 packets_recv=75	 errin=0	 errout=0	 dropin=0	 dropout=0	read_count=0	 write_count=0	 read_bytes=0	 write_bytes=0	
Time=13:57:27	CPU0 Usage=56.1	CPU0time_system=4893.56	CPU0time_idle=71907.24	ram_available=1224359936	ram_percent=41.6	swap_used=12263424	swap_percent=0.6	bytes_sent=13729	 bytes_recv=160338	 packets_sent=93	 packets_recv=139	 errin=0	 errout=0	 dropin=0	 dropout=0	read_count=0	 write_count=0	 read_bytes=0	 write_bytes=0	
Time=13:57:29	CPU0 Usage=55.8	CPU0time_system=4893.73	CPU0time_idle=71908.12	ram_available=1224200192	ram_percent=41.6	swap_used=12263424	swap_percent=0.6	bytes_sent=4817	 bytes_recv=56956	 packets_sent=32	 packets_recv=46	 errin=0	 errout=0	 dropin=0	 dropout=0	read_count=0	 write_count=0	 read_bytes=0	 write_bytes=0	
Time=13:57:31	CPU0 Usage=56.3	CPU0time_system=4893.92	CPU0time_idle=71908.98	ram_available=1224044544	ram_percent=41.6	swap_used=12263424	swap_percent=0.6	bytes_sent=17586	 bytes_recv=214439	 packets_sent=119	 packets_recv=179	 errin=0	 errout=0	 dropin=0	 dropout=0	read_count=0	 write_count=0	 read_bytes=0	 write_bytes=0	
Time=13:57:33	CPU0 Usage=56.6	CPU0time_system=4894.1	CPU0time_idle=71909.83	ram_available=1223598080	ram_percent=41.7	swap_used=12263424	swap_percent=0.6	bytes_sent=21799	 bytes_recv=264697	 packets_sent=149	 packets_recv=223	 errin=0	 errout=0	 dropin=0	 dropout=0	read_count=0	 write_count=0	 read_bytes=0	 write_bytes=0	
Time=13:57:35	CPU0 Usage=55.3	CPU0time_system=4894.27	CPU0time_idle=71910.72	ram_available=1223471104	ram_percent=41.7	swap_used=12263424	swap_percent=0.6	bytes_sent=3829	 bytes_recv=51022	 packets_sent=26	 packets_recv=43	 errin=0	 errout=0	 dropin=0	 dropout=0	read_count=0	 write_count=0	 read_bytes=0	 write_bytes=0	
Time=13:57:37	CPU0 Usage=54.5	CPU0time_system=4894.46	CPU0time_idle=71911.62	ram_available=1223471104	ram_percent=41.7	swap_used=12263424	swap_percent=0.6	bytes_sent=16275	 bytes_recv=24032	 packets_sent=19	 packets_recv=25	 errin=0	 errout=0	 dropin=0	 dropout=0	read_count=0	 write_count=0	 read_bytes=0	 write_bytes=0	
Time=13:57:39	CPU0 Usage=57.1	CPU0time_system=4894.65	CPU0time_idle=71912.46	ram_available=1223249920	ram_percent=41.7	swap_used=12263424	swap_percent=0.6	bytes_sent=23890	 bytes_recv=277404	 packets_sent=158	 packets_recv=232	 errin=0	 errout=0	 dropin=0	 dropout=0	read_count=0	 write_count=0	 read_bytes=0	 write_bytes=0	
Time=13:57:41	CPU0 Usage=55.7	CPU0time_system=4894.86	CPU0time_idle=71913.32	ram_available=1222762496	ram_percent=41.7	swap_used=12263424	swap_percent=0.6	bytes_sent=13751	 bytes_recv=166761	 packets_sent=96	 packets_recv=145	 errin=0	 errout=0	 dropin=0	 dropout=0	read_count=0	 write_count=0	 read_bytes=0	 write_bytes=0	
Time=13:57:43	CPU0 Usage=56.8	CPU0time_system=4895.04	CPU0time_idle=71914.18	ram_available=1222606848	ram_percent=41.7	swap_used=12263424	swap_percent=0.6	bytes_sent=19429	 bytes_recv=240522	 packets_sent=136	 packets_recv=195	 errin=0	 errout=0	 dropin=0	 dropout=0	read_count=0	 write_count=0	 read_bytes=0	 write_bytes=0	
Time=13:57:45	CPU0 Usage=58.4	CPU0time_system=4895.29	CPU0time_idle=71915.02	ram_available=1234595840	ram_percent=41.1	swap_used=12263424	swap_percent=0.6	bytes_sent=23462	 bytes_recv=289383	 packets_sent=159	 packets_recv=240	 errin=0	 errout=0	 dropin=0	 dropout=0	read_count=0	 write_count=0	 read_bytes=0	 write_bytes=0	
Time=13:57:47	CPU0 Usage=55.6	CPU0time_system=4895.49	CPU0time_idle=71915.89	ram_available=1234563072	ram_percent=41.1	swap_used=12263424	swap_percent=0.6	bytes_sent=15310	 bytes_recv=182227	 packets_sent=106	 packets_recv=163	 errin=0	 errout=0	 dropin=0	 dropout=0	read_count=0	 write_count=0	 read_bytes=0	 write_bytes=0	
Time=13:57:49	CPU0 Usage=55.1	CPU0time_system=4895.68	CPU0time_idle=71916.77	ram_available=1234661376	ram_percent=41.1	swap_used=12263424	swap_percent=0.6	bytes_sent=7102	 bytes_recv=80522	 packets_sent=47	 packets_recv=66	 errin=0	 errout=0	 dropin=0	 dropout=0	read_count=0	 write_count=0	 read_bytes=0	 write_bytes=0	
Time=13:57:51	CPU0 Usage=55.3	CPU0time_system=4895.84	CPU0time_idle=71917.66	ram_available=1234628608	ram_percent=41.1	swap_used=12263424	swap_percent=0.6	bytes_sent=3494	 bytes_recv=43487	 packets_sent=24	 packets_recv=39	 errin=0	 errout=0	 dropin=0	 dropout=0	read_count=0	 write_count=0	 read_bytes=0	 write_bytes=0	
Time=13:57:53	CPU0 Usage=57.0	CPU0time_system=4896.08	CPU0time_idle=71918.52	ram_available=1234628608	ram_percent=41.1	swap_used=12263424	swap_percent=0.6	bytes_sent=19819	 bytes_recv=237710	 packets_sent=136	 packets_recv=203	 errin=0	 errout=0	 dropin=0	 dropout=0	read_count=0	 write_count=0	 read_bytes=0	 write_bytes=0	
Time=13:57:55	CPU0 Usage=56.7	CPU0time_system=4896.3	CPU0time_idle=71919.4	ram_available=1234694144	ram_percent=41.1	swap_used=12263424	swap_percent=0.6	bytes_sent=8196	 bytes_recv=101972	 packets_sent=55	 packets_recv=85	 errin=0	 errout=0	 dropin=0	 dropout=0	read_count=0	 write_count=0	 read_bytes=0	 write_bytes=0	
Time=13:57:57	CPU0 Usage=54.9	CPU0time_system=4896.48	CPU0time_idle=71920.28	ram_available=1234661376	ram_percent=41.1	swap_used=12263424	swap_percent=0.6	bytes_sent=7646	 bytes_recv=87797	 packets_sent=52	 packets_recv=73	 errin=0	 errout=0	 dropin=0	 dropout=0	read_count=0	 write_count=0	 read_bytes=0	 write_bytes=0	
Time=13:57:59	CPU0 Usage=55.6	CPU0time_system=4896.65	CPU0time_idle=71921.16	ram_available=1234694144	ram_percent=41.1	swap_used=12263424	swap_percent=0.6	bytes_sent=8508	 bytes_recv=100769	 packets_sent=60	 packets_recv=86	 errin=0	 errout=0	 dropin=0	 dropout=0	read_count=0	 write_count=0	 read_bytes=0	 write_bytes=0	
Time=13:58:01	CPU0 Usage=56.2	CPU0time_system=4896.82	CPU0time_idle=71922.01	ram_available=1234202624	ram_percent=41.2	swap_used=12263424	swap_percent=0.6	bytes_sent=18419	 bytes_recv=215819	 packets_sent=119	 packets_recv=179	 errin=0	 errout=0	 dropin=0	 dropout=0	read_count=0	 write_count=0	 read_bytes=0	 write_bytes=0	
Time=13:58:03	CPU0 Usage=56.1	CPU0time_system=4897.03	CPU0time_idle=71922.87	ram_available=1234046976	ram_percent=41.2	swap_used=12263424	swap_percent=0.6	bytes_sent=12794	 bytes_recv=151339	 packets_sent=85	 packets_recv=125	 errin=0	 errout=0	 dropin=0	 dropout=0	read_count=0	 write_count=0	 read_bytes=0	 write_bytes=0	
Time=13:58:05	CPU0 Usage=56.3	CPU0time_system=4897.22	CPU0time_idle=71923.74	ram_available=1233985536	ram_percent=41.2	swap_used=12263424	swap_percent=0.6	bytes_sent=17111	 bytes_recv=208493	 packets_sent=114	 packets_recv=174	 errin=0	 errout=0	 dropin=0	 dropout=0	read_count=0	 write_count=0	 read_bytes=0	 write_bytes=0	
Time=13:58:07	CPU0 Usage=54.5	CPU0time_system=4897.39	CPU0time_idle=71924.64	ram_available=1233985536	ram_percent=41.2	swap_used=12263424	swap_percent=0.6	bytes_sent=0	 bytes_recv=0	 packets_sent=0	 packets_recv=0	 errin=0	 errout=0	 dropin=0	 dropout=0	read_count=0	 write_count=0	 read_bytes=0	 write_bytes=0	
Time=13:58:09	CPU0 Usage=57.8	CPU0time_system=4897.65	CPU0time_idle=71925.48	ram_available=1233379328	ram_percent=41.2	swap_used=12263424	swap_percent=0.6	bytes_sent=19636	 bytes_recv=229459	 packets_sent=133	 packets_recv=197	 errin=0	 errout=0	 dropin=0	 dropout=0	read_count=0	 write_count=0	 read_bytes=0	 write_bytes=0	
Time=13:58:11	CPU0 Usage=55.2	CPU0time_system=4897.84	CPU0time_idle=71926.35	ram_available=1232998400	ram_percent=41.2	swap_used=12263424	swap_percent=0.6	bytes_sent=15708	 bytes_recv=198809	 packets_sent=106	 packets_recv=165	 errin=0	 errout=0	 dropin=0	 dropout=0	read_count=0	 write_count=0	 read_bytes=0	 write_bytes=0	
Time=13:58:13	CPU0 Usage=56.8	CPU0time_system=4898.07	CPU0time_idle=71927.21	ram_available=1232777216	ram_percent=41.2	swap_used=12263424	swap_percent=0.6	bytes_sent=16346	 bytes_recv=199291	 packets_sent=109	 packets_recv=168	 errin=0	 errout=0	 dropin=0	 dropout=0	read_count=0	 write_count=0	 read_bytes=0	 write_bytes=0	
Time=13:58:15	CPU0 Usage=55.8	CPU0time_system=4898.24	CPU0time_idle=71928.09	ram_available=1232551936	ram_percent=41.2	swap_used=12263424	swap_percent=0.6	bytes_sent=8430	 bytes_recv=102225	 packets_sent=59	 packets_recv=86	 errin=0	 errout=0	 dropin=0	 dropout=0	read_count=0	 write_count=0	 read_bytes=0	 write_bytes=0	
Time=13:58:17	CPU0 Usage=55.1	CPU0time_system=4898.42	CPU0time_idle=71928.97	ram_available=1232424960	ram_percent=41.2	swap_used=12263424	swap_percent=0.6	bytes_sent=8957	 bytes_recv=108192	 packets_sent=62	 packets_recv=90	 errin=0	 errout=0	 dropin=0	 dropout=0	read_count=0	 write_count=0	 read_bytes=0	 write_bytes=0	
Time=13:58:19	CPU0 Usage=58.8	CPU0time_system=4898.66	CPU0time_idle=71929.79	ram_available=1231810560	ram_percent=41.3	swap_used=12263424	swap_percent=0.6	bytes_sent=30594	 bytes_recv=379488	 packets_sent=209	 packets_recv=314	 errin=0	 errout=0	 dropin=0	 dropout=0	read_count=0	 write_count=0	 read_bytes=0	 write_bytes=0	
Time=13:58:21	CPU0 Usage=55.3	CPU0time_system=4898.85	CPU0time_idle=71930.67	ram_available=1231749120	ram_percent=41.3	swap_used=12263424	swap_percent=0.6	bytes_sent=9912	 bytes_recv=126509	 packets_sent=71	 packets_recv=108	 errin=0	 errout=0	 dropin=0	 dropout=0	read_count=0	 write_count=0	 read_bytes=0	 write_bytes=0	
Time=13:58:23	CPU0 Usage=56.1	CPU0time_system=4899.04	CPU0time_idle=71931.54	ram_available=1231556608	ram_percent=41.3	swap_used=12263424	swap_percent=0.6	bytes_sent=11868	 bytes_recv=137695	 packets_sent=78	 packets_recv=116	 errin=0	 errout=0	 dropin=0	 dropout=0	read_count=0	 write_count=0	 read_bytes=0	 write_bytes=0	
Time=13:58:25	CPU0 Usage=55.8	CPU0time_system=4899.24	CPU0time_idle=71932.42	ram_available=1231269888	ram_percent=41.3	swap_used=12263424	swap_percent=0.6	bytes_sent=8411	 bytes_recv=101070	 packets_sent=58	 packets_recv=89	 errin=0	 errout=0	 dropin=0	 dropout=0	read_count=0	 write_count=0	 read_bytes=0	 write_bytes=0	
Time=13:58:27	CPU0 Usage=56.4	CPU0time_system=4899.46	CPU0time_idle=71933.27	ram_available=1230856192	ram_percent=41.3	swap_used=12263424	swap_percent=0.6	bytes_sent=33035	 bytes_recv=234589	 packets_sent=131	 packets_recv=199	 errin=0	 errout=0	 dropin=0	 dropout=0	read_count=0	 write_count=0	 read_bytes=0	 write_bytes=0	
Time=13:58:29	CPU0 Usage=54.6	CPU0time_system=4899.64	CPU0time_idle=71934.16	ram_available=1230663680	ram_percent=41.3	swap_used=12263424	swap_percent=0.6	bytes_sent=6175	 bytes_recv=70301	 packets_sent=42	 packets_recv=63	 errin=0	 errout=0	 dropin=0	 dropout=0	read_count=0	 write_count=0	 read_bytes=0	 write_bytes=0	
Time=13:58:31	CPU0 Usage=56.3	CPU0time_system=4899.86	CPU0time_idle=71935.02	ram_available=1230635008	ram_percent=41.3	swap_used=12263424	swap_percent=0.6	bytes_sent=14463	 bytes_recv=167926	 packets_sent=97	 packets_recv=139	 errin=0	 errout=0	 dropin=0	 dropout=0	read_count=0	 write_count=0	 read_bytes=0	 write_bytes=0	
Time=13:58:33	CPU0 Usage=57.2	CPU0time_system=4900.1	CPU0time_idle=71935.85	ram_available=1230225408	ram_percent=41.3	swap_used=12263424	swap_percent=0.6	bytes_sent=27552	 bytes_recv=340161	 packets_sent=186	 packets_recv=277	 errin=0	 errout=0	 dropin=0	 dropout=0	read_count=0	 write_count=0	 read_bytes=0	 write_bytes=0	
Time=13:58:35	CPU0 Usage=57.3	CPU0time_system=4900.34	CPU0time_idle=71936.7	ram_available=1229844480	ram_percent=41.4	swap_used=12263424	swap_percent=0.6	bytes_sent=16878	 bytes_recv=206690	 packets_sent=117	 packets_recv=176	 errin=0	 errout=0	 dropin=0	 dropout=0	read_count=0	 write_count=0	 read_bytes=0	 write_bytes=0	
Time=13:58:37	CPU0 Usage=57.0	CPU0time_system=4900.52	CPU0time_idle=71937.56	ram_available=1229479936	ram_percent=41.4	swap_used=12263424	swap_percent=0.6	bytes_sent=17499	 bytes_recv=217503	 packets_sent=120	 packets_recv=183	 errin=0	 errout=0	 dropin=0	 dropout=0	read_count=0	 write_count=0	 read_bytes=0	 write_bytes=0	
Time=13:58:39	CPU0 Usage=57.2	CPU0time_system=4900.75	CPU0time_idle=71938.42	ram_available=1229099008	ram_percent=41.4	swap_used=12263424	swap_percent=0.6	bytes_sent=14998	 bytes_recv=180948	 packets_sent=100	 packets_recv=152	 errin=0	 errout=0	 dropin=0	 dropout=0	read_count=0	 write_count=0	 read_bytes=0	 write_bytes=0	
Time=13:58:41	CPU0 Usage=55.6	CPU0time_system=4900.92	CPU0time_idle=71939.3	ram_available=1228939264	ram_percent=41.4	swap_used=12263424	swap_percent=0.6	bytes_sent=10999	 bytes_recv=131080	 packets_sent=78	 packets_recv=114	 errin=0	 errout=0	 dropin=0	 dropout=0	read_count=0	 write_count=0	 read_bytes=0	 write_bytes=0	
Time=13:58:43	CPU0 Usage=56.1	CPU0time_system=4901.14	CPU0time_idle=71940.17	ram_available=1228652544	ram_percent=41.4	swap_used=12263424	swap_percent=0.6	bytes_sent=9313	 bytes_recv=125392	 packets_sent=63	 packets_recv=103	 errin=0	 errout=0	 dropin=0	 dropout=0	read_count=0	 write_count=0	 read_bytes=0	 write_bytes=0	
Time=13:58:45	CPU0 Usage=57.5	CPU0time_system=4901.33	CPU0time_idle=71941.02	ram_available=1228242944	ram_percent=41.4	swap_used=12263424	swap_percent=0.6	bytes_sent=21448	 bytes_recv=266172	 packets_sent=146	 packets_recv=218	 errin=0	 errout=0	 dropin=0	 dropout=0	read_count=0	 write_count=0	 read_bytes=0	 write_bytes=0	
Time=13:58:47	CPU0 Usage=55.8	CPU0time_system=4901.52	CPU0time_idle=71941.89	ram_available=1228083200	ram_percent=41.4	swap_used=12263424	swap_percent=0.6	bytes_sent=11795	 bytes_recv=137917	 packets_sent=79	 packets_recv=120	 errin=0	 errout=0	 dropin=0	 dropout=0	read_count=0	 write_count=0	 read_bytes=0	 write_bytes=0	
Time=13:58:49	CPU0 Usage=56.1	CPU0time_system=4901.7	CPU0time_idle=71942.75	ram_available=1227735040	ram_percent=41.5	swap_used=12263424	swap_percent=0.6	bytes_sent=18574	 bytes_recv=235348	 packets_sent=127	 packets_recv=192	 errin=0	 errout=0	 dropin=0	 dropout=0	read_count=0	 write_count=0	 read_bytes=0	 write_bytes=0	
Time=13:58:51	CPU0 Usage=56.6	CPU0time_system=4901.92	CPU0time_idle=71943.61	ram_available=1227579392	ram_percent=41.5	swap_used=12263424	swap_percent=0.6	bytes_sent=16724	 bytes_recv=205920	 packets_sent=112	 packets_recv=170	 errin=0	 errout=0	 dropin=0	 dropout=0	read_count=0	 write_count=0	 read_bytes=0	 write_bytes=0	
Time=13:58:53	CPU0 Usage=55.6	CPU0time_system=4902.1	CPU0time_idle=71944.48	ram_available=1227259904	ram_percent=41.5	swap_used=12263424	swap_percent=0.6	bytes_sent=13139	 bytes_recv=156879	 packets_sent=90	 packets_recv=134	 errin=0	 errout=0	 dropin=0	 dropout=0	read_count=0	 write_count=0	 read_bytes=0	 write_bytes=0	
Time=13:58:55	CPU0 Usage=55.8	CPU0time_system=4902.27	CPU0time_idle=71945.36	ram_available=1227132928	ram_percent=41.5	swap_used=12263424	swap_percent=0.6	bytes_sent=9250	 bytes_recv=107217	 packets_sent=62	 packets_recv=88	 errin=0	 errout=0	 dropin=0	 dropout=0	read_count=0	 write_count=0	 read_bytes=0	 write_bytes=0	
Time=13:58:57	CPU0 Usage=56.1	CPU0time_system=4902.44	CPU0time_idle=71946.22	ram_available=1226911744	ram_percent=41.5	swap_used=12263424	swap_percent=0.6	bytes_sent=14898	 bytes_recv=175459	 packets_sent=102	 packets_recv=149	 errin=0	 errout=0	 dropin=0	 dropout=0	read_count=0	 write_count=0	 read_bytes=0	 write_bytes=0	
Time=13:58:59	CPU0 Usage=56.6	CPU0time_system=4902.64	CPU0time_idle=71947.08	ram_available=1226625024	ram_percent=41.5	swap_used=12263424	swap_percent=0.6	bytes_sent=10992	 bytes_recv=136262	 packets_sent=76	 packets_recv=115	 errin=0	 errout=0	 dropin=0	 dropout=0	read_count=0	 write_count=0	 read_bytes=0	 write_bytes=0	
Time=13:59:01	CPU0 Usage=55.8	CPU0time_system=4902.82	CPU0time_idle=71947.96	ram_available=1226498048	ram_percent=41.5	swap_used=12263424	swap_percent=0.6	bytes_sent=10035	 bytes_recv=125785	 packets_sent=68	 packets_recv=105	 errin=0	 errout=0	 dropin=0	 dropout=0	read_count=0	 write_count=0	 read_bytes=0	 write_bytes=0	
Time=13:59:03	CPU0 Usage=55.4	CPU0time_system=4903.01	CPU0time_idle=71948.83	ram_available=1226145792	ram_percent=41.5	swap_used=12263424	swap_percent=0.6	bytes_sent=12111	 bytes_recv=148772	 packets_sent=83	 packets_recv=128	 errin=0	 errout=0	 dropin=0	 dropout=0	read_count=0	 write_count=0	 read_bytes=0	 write_bytes=0	
Time=13:59:05	CPU0 Usage=57.6	CPU0time_system=4903.27	CPU0time_idle=71949.67	ram_available=1225830400	ram_percent=41.6	swap_used=12263424	swap_percent=0.6	bytes_sent=23358	 bytes_recv=287068	 packets_sent=159	 packets_recv=238	 errin=0	 errout=0	 dropin=0	 dropout=0	read_count=0	 write_count=0	 read_bytes=0	 write_bytes=0	
Time=13:59:07	CPU0 Usage=55.8	CPU0time_system=4903.48	CPU0time_idle=71950.54	ram_available=1225576448	ram_percent=41.6	swap_used=12263424	swap_percent=0.6	bytes_sent=12979	 bytes_recv=156924	 packets_sent=87	 packets_recv=133	 errin=0	 errout=0	 dropin=0	 dropout=0	read_count=0	 write_count=0	 read_bytes=0	 write_bytes=0	
Time=13:59:09	CPU0 Usage=55.3	CPU0time_system=4903.68	CPU0time_idle=71951.43	ram_available=1225449472	ram_percent=41.6	swap_used=12263424	swap_percent=0.6	bytes_sent=5069	 bytes_recv=58463	 packets_sent=35	 packets_recv=53	 errin=0	 errout=0	 dropin=0	 dropout=0	read_count=0	 write_count=0	 read_bytes=0	 write_bytes=0	
Time=13:59:11	CPU0 Usage=57.0	CPU0time_system=4903.89	CPU0time_idle=71952.29	ram_available=1225129984	ram_percent=41.6	swap_used=12263424	swap_percent=0.6	bytes_sent=16947	 bytes_recv=204043	 packets_sent=118	 packets_recv=173	 errin=0	 errout=0	 dropin=0	 dropout=0	read_count=0	 write_count=0	 read_bytes=0	 write_bytes=0	
Time=13:59:13	CPU0 Usage=57.1	CPU0time_system=4904.1	CPU0time_idle=71953.14	ram_available=1224781824	ram_percent=41.6	swap_used=12263424	swap_percent=0.6	bytes_sent=20821	 bytes_recv=262253	 packets_sent=146	 packets_recv=222	 errin=0	 errout=0	 dropin=0	 dropout=0	read_count=0	 write_count=0	 read_bytes=0	 write_bytes=0	
Time=13:59:15	CPU0 Usage=56.6	CPU0time_system=4904.34	CPU0time_idle=71954.0	ram_available=1224499200	ram_percent=41.6	swap_used=12263424	swap_percent=0.6	bytes_sent=16653	 bytes_recv=209420	 packets_sent=115	 packets_recv=173	 errin=0	 errout=0	 dropin=0	 dropout=0	read_count=0	 write_count=0	 read_bytes=0	 write_bytes=0	
Time=13:59:17	CPU0 Usage=58.0	CPU0time_system=4904.57	CPU0time_idle=71954.84	ram_available=1223892992	ram_percent=41.6	swap_used=12263424	swap_percent=0.6	bytes_sent=38860	 bytes_recv=296187	 packets_sent=174	 packets_recv=251	 errin=0	 errout=0	 dropin=0	 dropout=0	read_count=0	 write_count=0	 read_bytes=0	 write_bytes=0	
Time=13:59:19	CPU0 Usage=55.6	CPU0time_system=4904.74	CPU0time_idle=71955.72	ram_available=1223864320	ram_percent=41.7	swap_used=12263424	swap_percent=0.6	bytes_sent=11538	 bytes_recv=141045	 packets_sent=78	 packets_recv=117	 errin=0	 errout=0	 dropin=0	 dropout=0	read_count=0	 write_count=0	 read_bytes=0	 write_bytes=0	
Time=13:59:21	CPU0 Usage=56.3	CPU0time_system=4904.92	CPU0time_idle=71956.59	ram_available=1223675904	ram_percent=41.7	swap_used=12263424	swap_percent=0.6	bytes_sent=12613	 bytes_recv=160294	 packets_sent=88	 packets_recv=134	 errin=0	 errout=0	 dropin=0	 dropout=0	read_count=0	 write_count=0	 read_bytes=0	 write_bytes=0	
Time=13:59:23	CPU0 Usage=55.8	CPU0time_system=4905.14	CPU0time_idle=71957.46	ram_available=1223421952	ram_percent=41.7	swap_used=12263424	swap_percent=0.6	bytes_sent=13135	 bytes_recv=164826	 packets_sent=90	 packets_recv=135	 errin=0	 errout=0	 dropin=0	 dropout=0	read_count=0	 write_count=0	 read_bytes=0	 write_bytes=0	
Time=13:59:25	CPU0 Usage=56.2	CPU0time_system=4905.33	CPU0time_idle=71958.31	ram_available=1223069696	ram_percent=41.7	swap_used=12263424	swap_percent=0.6	bytes_sent=18105	 bytes_recv=221527	 packets_sent=124	 packets_recv=180	 errin=0	 errout=0	 dropin=0	 dropout=0	read_count=0	 write_count=0	 read_bytes=0	 write_bytes=0	
Time=13:59:27	CPU0 Usage=55.3	CPU0time_system=4905.51	CPU0time_idle=71959.2	ram_available=1222975488	ram_percent=41.7	swap_used=12263424	swap_percent=0.6	bytes_sent=6774	 bytes_recv=81364	 packets_sent=45	 packets_recv=67	 errin=0	 errout=0	 dropin=0	 dropout=0	read_count=0	 write_count=0	 read_bytes=0	 write_bytes=0	
Time=13:59:29	CPU0 Usage=57.1	CPU0time_system=4905.7	CPU0time_idle=71960.05	ram_available=1235169280	ram_percent=41.1	swap_used=12263424	swap_percent=0.6	bytes_sent=16244	 bytes_recv=201081	 packets_sent=111	 packets_recv=164	 errin=0	 errout=0	 dropin=0	 dropout=0	read_count=0	 write_count=0	 read_bytes=0	 write_bytes=0	
Time=13:59:31	CPU0 Usage=57.5	CPU0time_system=4905.9	CPU0time_idle=71960.9	ram_available=1235140608	ram_percent=41.1	swap_used=12263424	swap_percent=0.6	bytes_sent=23526	 bytes_recv=278078	 packets_sent=162	 packets_recv=237	 errin=0	 errout=0	 dropin=0	 dropout=0	read_count=0	 write_count=0	 read_bytes=0	 write_bytes=0	
Time=13:59:33	CPU0 Usage=56.1	CPU0time_system=4906.09	CPU0time_idle=71961.76	ram_available=1235042304	ram_percent=41.1	swap_used=12263424	swap_percent=0.6	bytes_sent=13359	 bytes_recv=162447	 packets_sent=94	 packets_recv=143	 errin=0	 errout=0	 dropin=0	 dropout=0	read_count=0	 write_count=0	 read_bytes=0	 write_bytes=0	
Time=13:59:35	CPU0 Usage=55.1	CPU0time_system=4906.25	CPU0time_idle=71962.65	ram_available=1234976768	ram_percent=41.1	swap_used=12263424	swap_percent=0.6	bytes_sent=5580	 bytes_recv=61700	 packets_sent=35	 packets_recv=52	 errin=0	 errout=0	 dropin=0	 dropout=0	read_count=0	 write_count=0	 read_bytes=0	 write_bytes=0	
Time=13:59:37	CPU0 Usage=57.9	CPU0time_system=4906.46	CPU0time_idle=71963.5	ram_available=1235107840	ram_percent=41.1	swap_used=12263424	swap_percent=0.6	bytes_sent=21791	 bytes_recv=271840	 packets_sent=151	 packets_recv=224	 errin=0	 errout=0	 dropin=0	 dropout=0	read_count=0	 write_count=0	 read_bytes=0	 write_bytes=0	
Time=13:59:39	CPU0 Usage=57.0	CPU0time_system=4906.65	CPU0time_idle=71964.36	ram_available=1234821120	ram_percent=41.1	swap_used=12263424	swap_percent=0.6	bytes_sent=16841	 bytes_recv=207249	 packets_sent=114	 packets_recv=174	 errin=0	 errout=0	 dropin=0	 dropout=0	read_count=0	 write_count=0	 read_bytes=0	 write_bytes=0	
Time=13:59:41	CPU0 Usage=59.0	CPU0time_system=4906.89	CPU0time_idle=71965.16	ram_available=1234026496	ram_percent=41.2	swap_used=12263424	swap_percent=0.6	bytes_sent=35919	 bytes_recv=444231	 packets_sent=244	 packets_recv=369	 errin=0	 errout=0	 dropin=0	 dropout=0	read_count=0	 write_count=0	 read_bytes=0	 write_bytes=0	
Time=13:59:43	CPU0 Usage=55.8	CPU0time_system=4907.08	CPU0time_idle=71966.04	ram_available=1233965056	ram_percent=41.2	swap_used=12263424	swap_percent=0.6	bytes_sent=10798	 bytes_recv=131269	 packets_sent=74	 packets_recv=111	 errin=0	 errout=0	 dropin=0	 dropout=0	read_count=0	 write_count=0	 read_bytes=0	 write_bytes=0	
Time=13:59:45	CPU0 Usage=57.0	CPU0time_system=4907.28	CPU0time_idle=71966.9	ram_available=1233485824	ram_percent=41.2	swap_used=12263424	swap_percent=0.6	bytes_sent=19109	 bytes_recv=234842	 packets_sent=130	 packets_recv=197	 errin=0	 errout=0	 dropin=0	 dropout=0	read_count=0	 write_count=0	 read_bytes=0	 write_bytes=0	
Time=13:59:47	CPU0 Usage=55.3	CPU0time_system=4907.47	CPU0time_idle=71967.79	ram_available=1233485824	ram_percent=41.2	swap_used=12263424	swap_percent=0.6	bytes_sent=972	 bytes_recv=6640	 packets_sent=6	 packets_recv=7	 errin=0	 errout=0	 dropin=0	 dropout=0	read_count=0	 write_count=0	 read_bytes=0	 write_bytes=0	
Time=13:59:49	CPU0 Usage=55.4	CPU0time_system=4907.66	CPU0time_idle=71968.66	ram_available=1233195008	ram_percent=41.2	swap_used=12263424	swap_percent=0.6	bytes_sent=12385	 bytes_recv=150417	 packets_sent=86	 packets_recv=128	 errin=0	 errout=0	 dropin=0	 dropout=0	read_count=0	 write_count=0	 read_bytes=0	 write_bytes=0	
Time=13:59:51	CPU0 Usage=55.1	CPU0time_system=4907.83	CPU0time_idle=71969.55	ram_available=1233068032	ram_percent=41.2	swap_used=12263424	swap_percent=0.6	bytes_sent=6507	 bytes_recv=79163	 packets_sent=43	 packets_recv=68	 errin=0	 errout=0	 dropin=0	 dropout=0	read_count=0	 write_count=0	 read_bytes=0	 write_bytes=0	
Time=13:59:53	CPU0 Usage=56.5	CPU0time_system=4908.05	CPU0time_idle=71970.39	ram_available=1232560128	ram_percent=41.2	swap_used=12263424	swap_percent=0.6	bytes_sent=24155	 bytes_recv=291674	 packets_sent=160	 packets_recv=247	 errin=0	 errout=0	 dropin=0	 dropout=0	read_count=0	 write_count=0	 read_bytes=0	 write_bytes=0	
Time=13:59:55	CPU0 Usage=55.8	CPU0time_system=4908.25	CPU0time_idle=71971.26	ram_available=1232338944	ram_percent=41.2	swap_used=12263424	swap_percent=0.6	bytes_sent=13289	 bytes_recv=160447	 packets_sent=90	 packets_recv=140	 errin=0	 errout=0	 dropin=0	 dropout=0	read_count=0	 write_count=0	 read_bytes=0	 write_bytes=0	
Time=13:59:57	CPU0 Usage=54.8	CPU0time_system=4908.42	CPU0time_idle=71972.15	ram_available=1232306176	ram_percent=41.2	swap_used=12263424	swap_percent=0.6	bytes_sent=2841	 bytes_recv=32973	 packets_sent=21	 packets_recv=30	 errin=0	 errout=0	 dropin=0	 dropout=0	read_count=0	 write_count=0	 read_bytes=0	 write_bytes=0	
Time=13:59:59	CPU0 Usage=57.3	CPU0time_system=4908.64	CPU0time_idle=71973.0	ram_available=1232084992	ram_percent=41.3	swap_used=12263424	swap_percent=0.6	bytes_sent=15047	 bytes_recv=183152	 packets_sent=101	 packets_recv=152	 errin=0	 errout=0	 dropin=0	 dropout=0	read_count=0	 write_count=0	 read_bytes=0	 write_bytes=0	
Time=14:00:01	CPU0 Usage=57.4	CPU0time_system=4908.84	CPU0time_idle=71973.87	ram_available=1231831040	ram_percent=41.3	swap_used=12263424	swap_percent=0.6	bytes_sent=12311	 bytes_recv=153750	 packets_sent=82	 packets_recv=131	 errin=0	 errout=0	 dropin=0	 dropout=0	read_count=0	 write_count=0	 read_bytes=0	 write_bytes=0	
Time=14:00:03	CPU0 Usage=55.2	CPU0time_system=4909.04	CPU0time_idle=71974.74	ram_available=1231511552	ram_percent=41.3	swap_used=12263424	swap_percent=0.6	bytes_sent=13866	 bytes_recv=168077	 packets_sent=97	 packets_recv=147	 errin=0	 errout=0	 dropin=0	 dropout=0	read_count=0	 write_count=0	 read_bytes=0	 write_bytes=0	
Time=14:00:05	CPU0 Usage=55.1	CPU0time_system=4909.19	CPU0time_idle=71975.63	ram_available=1231544320	ram_percent=41.3	swap_used=12263424	swap_percent=0.6	bytes_sent=4940	 bytes_recv=57630	 packets_sent=34	 packets_recv=48	 errin=0	 errout=0	 dropin=0	 dropout=0	read_count=0	 write_count=0	 read_bytes=0	 write_bytes=0	
Time=14:00:07	CPU0 Usage=56.9	CPU0time_system=4909.36	CPU0time_idle=71976.48	ram_available=1231187968	ram_percent=41.3	swap_used=12263424	swap_percent=0.6	bytes_sent=18757	 bytes_recv=234413	 packets_sent=126	 packets_recv=193	 errin=0	 errout=0	 dropin=0	 dropout=0	read_count=0	 write_count=0	 read_bytes=0	 write_bytes=0	
Time=14:00:09	CPU0 Usage=57.4	CPU0time_system=4909.62	CPU0time_idle=71977.32	ram_available=1230839808	ram_percent=41.3	swap_used=12263424	swap_percent=0.6	bytes_sent=40253	 bytes_recv=306047	 packets_sent=185	 packets_recv=264	 errin=0	 errout=0	 dropin=0	 dropout=0	read_count=0	 write_count=0	 read_bytes=0	 write_bytes=0	
Time=14:00:11	CPU0 Usage=55.1	CPU0time_system=4909.81	CPU0time_idle=71978.21	ram_available=1230839808	ram_percent=41.3	swap_used=12263424	swap_percent=0.6	bytes_sent=6133	 bytes_recv=75069	 packets_sent=41	 packets_recv=59	 errin=0	 errout=0	 dropin=0	 dropout=0	read_count=0	 write_count=0	 read_bytes=0	 write_bytes=0	
Time=14:00:13	CPU0 Usage=55.6	CPU0time_system=4909.98	CPU0time_idle=71979.08	ram_available=1230696448	ram_percent=41.3	swap_used=12263424	swap_percent=0.6	bytes_sent=11339	 bytes_recv=129147	 packets_sent=79	 packets_recv=113	 errin=0	 errout=0	 dropin=0	 dropout=0	read_count=0	 write_count=0	 read_bytes=0	 write_bytes=0	
Time=14:00:15	CPU0 Usage=54.6	CPU0time_system=4910.13	CPU0time_idle=71979.97	ram_available=1230503936	ram_percent=41.3	swap_used=12263424	swap_percent=0.6	bytes_sent=4571	 bytes_recv=59478	 packets_sent=32	 packets_recv=47	 errin=0	 errout=0	 dropin=0	 dropout=0	read_count=0	 write_count=0	 read_bytes=0	 write_bytes=0	
Time=14:00:17	CPU0 Usage=55.8	CPU0time_system=4910.3	CPU0time_idle=71980.85	ram_available=1230376960	ram_percent=41.3	swap_used=12263424	swap_percent=0.6	bytes_sent=9490	 bytes_recv=113783	 packets_sent=63	 packets_recv=99	 errin=0	 errout=0	 dropin=0	 dropout=0	read_count=0	 write_count=0	 read_bytes=0	 write_bytes=0	
Time=14:00:19	CPU0 Usage=55.1	CPU0time_system=4910.43	CPU0time_idle=71981.74	ram_available=1230249984	ram_percent=41.3	swap_used=12263424	swap_percent=0.6	bytes_sent=4977	 bytes_recv=54345	 packets_sent=34	 packets_recv=50	 errin=0	 errout=0	 dropin=0	 dropout=0	read_count=0	 write_count=0	 read_bytes=0	 write_bytes=0	
Time=14:00:21	CPU0 Usage=56.6	CPU0time_system=4910.62	CPU0time_idle=71982.59	ram_available=1229901824	ram_percent=41.4	swap_used=12263424	swap_percent=0.6	bytes_sent=22279	 bytes_recv=266894	 packets_sent=152	 packets_recv=224	 errin=0	 errout=0	 dropin=0	 dropout=0	read_count=0	 write_count=0	 read_bytes=0	 write_bytes=0	
Time=14:00:23	CPU0 Usage=56.9	CPU0time_system=4910.83	CPU0time_idle=71983.44	ram_available=1229553664	ram_percent=41.4	swap_used=12263424	swap_percent=0.6	bytes_sent=16876	 bytes_recv=216410	 packets_sent=117	 packets_recv=180	 errin=0	 errout=0	 dropin=0	 dropout=0	read_count=0	 write_count=0	 read_bytes=0	 write_bytes=0	
Time=14:00:25	CPU0 Usage=56.6	CPU0time_system=4911.02	CPU0time_idle=71984.3	ram_available=1229107200	ram_percent=41.4	swap_used=12263424	swap_percent=0.6	bytes_sent=20263	 bytes_recv=246729	 packets_sent=139	 packets_recv=205	 errin=0	 errout=0	 dropin=0	 dropout=0	read_count=0	 write_count=0	 read_bytes=0	 write_bytes=0	
Time=14:00:27	CPU0 Usage=54.6	CPU0time_system=4911.16	CPU0time_idle=71985.18	ram_available=1228984320	ram_percent=41.4	swap_used=12263424	swap_percent=0.6	bytes_sent=5937	 bytes_recv=70264	 packets_sent=40	 packets_recv=60	 errin=0	 errout=0	 dropin=0	 dropout=0	read_count=0	 write_count=0	 read_bytes=0	 write_bytes=0	
Time=14:00:29	CPU0 Usage=58.2	CPU0time_system=4911.34	CPU0time_idle=71986.02	ram_available=1228603392	ram_percent=41.4	swap_used=12263424	swap_percent=0.6	bytes_sent=25141	 bytes_recv=307922	 packets_sent=172	 packets_recv=246	 errin=0	 errout=0	 dropin=0	 dropout=0	read_count=0	 write_count=0	 read_bytes=0	 write_bytes=0	
Time=14:00:31	CPU0 Usage=55.6	CPU0time_system=4911.46	CPU0time_idle=71986.89	ram_available=1228443648	ram_percent=41.4	swap_used=12263424	swap_percent=0.6	bytes_sent=12516	 bytes_recv=149726	 packets_sent=87	 packets_recv=126	 errin=0	 errout=0	 dropin=0	 dropout=0	read_count=0	 write_count=0	 read_bytes=0	 write_bytes=0	
Time=14:00:33	CPU0 Usage=55.0	CPU0time_system=4911.58	CPU0time_idle=71987.79	ram_available=1228349440	ram_percent=41.4	swap_used=12263424	swap_percent=0.6	bytes_sent=2525	 bytes_recv=28405	 packets_sent=15	 packets_recv=24	 errin=0	 errout=0	 dropin=0	 dropout=0	read_count=0	 write_count=0	 read_bytes=0	 write_bytes=0	
Time=14:00:35	CPU0 Usage=58.1	CPU0time_system=4911.7	CPU0time_idle=71988.62	ram_available=1227907072	ram_percent=41.5	swap_used=12263424	swap_percent=0.6	bytes_sent=26144	 bytes_recv=317800	 packets_sent=182	 packets_recv=265	 errin=0	 errout=0	 dropin=0	 dropout=0	read_count=0	 write_count=0	 read_bytes=0	 write_bytes=0	
Time=14:00:37	CPU0 Usage=54.5	CPU0time_system=4911.78	CPU0time_idle=71989.52	ram_available=1227907072	ram_percent=41.5	swap_used=12263424	swap_percent=0.6	bytes_sent=3301	 bytes_recv=30989	 packets_sent=20	 packets_recv=27	 errin=0	 errout=0	 dropin=0	 dropout=0	read_count=0	 write_count=0	 read_bytes=0	 write_bytes=0	
Time=14:00:39	CPU0 Usage=56.6	CPU0time_system=4911.88	CPU0time_idle=71990.37	ram_available=1227554816	ram_percent=41.5	swap_used=12263424	swap_percent=0.6	bytes_sent=18317	 bytes_recv=225683	 packets_sent=126	 packets_recv=187	 errin=0	 errout=0	 dropin=0	 dropout=0	read_count=0	 write_count=0	 read_bytes=0	 write_bytes=0	
Time=14:00:41	CPU0 Usage=55.8	CPU0time_system=4911.93	CPU0time_idle=71991.25	ram_available=1227427840	ram_percent=41.5	swap_used=12263424	swap_percent=0.6	bytes_sent=11358	 bytes_recv=135076	 packets_sent=74	 packets_recv=114	 errin=0	 errout=0	 dropin=0	 dropout=0	read_count=0	 write_count=0	 read_bytes=0	 write_bytes=0	
Time=14:00:43	CPU0 Usage=57.4	CPU0time_system=4911.97	CPU0time_idle=71992.08	ram_available=1226829824	ram_percent=41.5	swap_used=12263424	swap_percent=0.6	bytes_sent=28906	 bytes_recv=344725	 packets_sent=201	 packets_recv=289	 errin=0	 errout=0	 dropin=0	 dropout=0	read_count=0	 write_count=0	 read_bytes=0	 write_bytes=0	
Time=14:00:45	CPU0 Usage=56.3	CPU0time_system=4912.17	CPU0time_idle=71992.95	ram_available=1226649600	ram_percent=41.5	swap_used=12263424	swap_percent=0.6	bytes_sent=10083	 bytes_recv=121959	 packets_sent=69	 packets_recv=109	 errin=0	 errout=0	 dropin=0	 dropout=0	read_count=0	 write_count=0	 read_bytes=0	 write_bytes=0	
Time=14:00:47	CPU0 Usage=55.6	CPU0time_system=4912.35	CPU0time_idle=71993.83	ram_available=1226522624	ram_percent=41.5	swap_used=12263424	swap_percent=0.6	bytes_sent=6069	 bytes_recv=74774	 packets_sent=40	 packets_recv=59	 errin=0	 errout=0	 dropin=0	 dropout=0	read_count=0	 write_count=0	 read_bytes=0	 write_bytes=0	
Time=14:00:49	CPU0 Usage=56.5	CPU0time_system=4912.6	CPU0time_idle=71994.7	ram_available=1226334208	ram_percent=41.5	swap_used=12263424	swap_percent=0.6	bytes_sent=16034	 bytes_recv=192010	 packets_sent=108	 packets_recv=159	 errin=0	 errout=0	 dropin=0	 dropout=0	read_count=0	 write_count=0	 read_bytes=0	 write_bytes=0	
Time=14:00:51	CPU0 Usage=57.6	CPU0time_system=4912.86	CPU0time_idle=71995.54	ram_available=1225953280	ram_percent=41.6	swap_used=12263424	swap_percent=0.6	bytes_sent=21822	 bytes_recv=275122	 packets_sent=149	 packets_recv=225	 errin=0	 errout=0	 dropin=0	 dropout=0	read_count=0	 write_count=0	 read_bytes=0	 write_bytes=0	
Time=14:00:53	CPU0 Usage=56.9	CPU0time_system=4913.08	CPU0time_idle=71996.39	ram_available=1225474048	ram_percent=41.6	swap_used=12263424	swap_percent=0.6	bytes_sent=20501	 bytes_recv=236017	 packets_sent=140	 packets_recv=204	 errin=0	 errout=0	 dropin=0	 dropout=0	read_count=0	 write_count=0	 read_bytes=0	 write_bytes=0	
Time=14:00:55	CPU0 Usage=56.3	CPU0time_system=4913.27	CPU0time_idle=71997.25	ram_available=1225187328	ram_percent=41.6	swap_used=12263424	swap_percent=0.6	bytes_sent=16572	 bytes_recv=205909	 packets_sent=114	 packets_recv=177	 errin=0	 errout=0	 dropin=0	 dropout=0	read_count=0	 write_count=0	 read_bytes=0	 write_bytes=0	
Time=14:00:57	CPU0 Usage=56.1	CPU0time_system=4913.48	CPU0time_idle=71998.12	ram_available=1224867840	ram_percent=41.6	swap_used=12263424	swap_percent=0.6	bytes_sent=14262	 bytes_recv=164805	 packets_sent=95	 packets_recv=135	 errin=0	 errout=0	 dropin=0	 dropout=0	read_count=0	 write_count=0	 read_bytes=0	 write_bytes=0	
Time=14:00:59	CPU0 Usage=56.0	CPU0time_system=4913.68	CPU0time_idle=71999.0	ram_available=1224933376	ram_percent=41.6	swap_used=12263424	swap_percent=0.6	bytes_sent=19152	 bytes_recv=56804	 packets_sent=37	 packets_recv=53	 errin=0	 errout=0	 dropin=0	 dropout=0	read_count=0	 write_count=0	 read_bytes=0	 write_bytes=0	
Time=14:01:01	CPU0 Usage=56.8	CPU0time_system=4913.9	CPU0time_idle=71999.86	ram_available=1224839168	ram_percent=41.6	swap_used=12263424	swap_percent=0.6	bytes_sent=13884	 bytes_recv=166508	 packets_sent=94	 packets_recv=144	 errin=0	 errout=0	 dropin=0	 dropout=0	read_count=0	 write_count=0	 read_bytes=0	 write_bytes=0	
Time=14:01:03	CPU0 Usage=56.3	CPU0time_system=4914.09	CPU0time_idle=72000.73	ram_available=1224650752	ram_percent=41.6	swap_used=12263424	swap_percent=0.6	bytes_sent=12062	 bytes_recv=150217	 packets_sent=85	 packets_recv=124	 errin=0	 errout=0	 dropin=0	 dropout=0	read_count=0	 write_count=0	 read_bytes=0	 write_bytes=0	
Time=14:01:05	CPU0 Usage=56.5	CPU0time_system=4914.29	CPU0time_idle=72001.6	ram_available=1224331264	ram_percent=41.6	swap_used=12263424	swap_percent=0.6	bytes_sent=13560	 bytes_recv=153679	 packets_sent=90	 packets_recv=138	 errin=0	 errout=0	 dropin=0	 dropout=0	read_count=0	 write_count=0	 read_bytes=0	 write_bytes=0	
Time=14:01:07	CPU0 Usage=57.4	CPU0time_system=4914.53	CPU0time_idle=72002.46	ram_available=1224171520	ram_percent=41.6	swap_used=12263424	swap_percent=0.6	bytes_sent=13526	 bytes_recv=158920	 packets_sent=88	 packets_recv=137	 errin=0	 errout=0	 dropin=0	 dropout=0	read_count=0	 write_count=0	 read_bytes=0	 write_bytes=0	
Time=14:01:09	CPU0 Usage=54.6	CPU0time_system=4914.71	CPU0time_idle=72003.35	ram_available=1224077312	ram_percent=41.6	swap_used=12263424	swap_percent=0.6	bytes_sent=6481	 bytes_recv=74317	 packets_sent=42	 packets_recv=66	 errin=0	 errout=0	 dropin=0	 dropout=0	read_count=0	 write_count=0	 read_bytes=0	 write_bytes=0	
Time=14:01:11	CPU0 Usage=56.3	CPU0time_system=4914.91	CPU0time_idle=72004.22	ram_available=1223856128	ram_percent=41.7	swap_used=12263424	swap_percent=0.6	bytes_sent=11740	 bytes_recv=141537	 packets_sent=80	 packets_recv=121	 errin=0	 errout=0	 dropin=0	 dropout=0	read_count=0	 write_count=0	 read_bytes=0	 write_bytes=0	
Time=14:01:13	CPU0 Usage=57.0	CPU0time_system=4915.11	CPU0time_idle=72005.08	ram_available=1223536640	ram_percent=41.7	swap_used=12263424	swap_percent=0.6	bytes_sent=16429	 bytes_recv=198163	 packets_sent=112	 packets_recv=171	 errin=0	 errout=0	 dropin=0	 dropout=0	read_count=0	 write_count=0	 read_bytes=0	 write_bytes=0	
Time=14:01:15	CPU0 Usage=57.4	CPU0time_system=4915.33	CPU0time_idle=72005.94	ram_available=1223217152	ram_percent=41.7	swap_used=12263424	swap_percent=0.6	bytes_sent=14827	 bytes_recv=179547	 packets_sent=102	 packets_recv=151	 errin=0	 errout=0	 dropin=0	 dropout=0	read_count=0	 write_count=0	 read_bytes=0	 write_bytes=0	
Time=14:01:17	CPU0 Usage=57.3	CPU0time_system=4915.53	CPU0time_idle=72006.79	ram_available=1222774784	ram_percent=41.7	swap_used=12263424	swap_percent=0.6	bytes_sent=20976	 bytes_recv=251763	 packets_sent=141	 packets_recv=214	 errin=0	 errout=0	 dropin=0	 dropout=0	read_count=0	 write_count=0	 read_bytes=0	 write_bytes=0	
Time=14:01:19	CPU0 Usage=57.4	CPU0time_system=4915.73	CPU0time_idle=72007.62	ram_available=1234972672	ram_percent=41.1	swap_used=12263424	swap_percent=0.6	bytes_sent=24864	 bytes_recv=308500	 packets_sent=170	 packets_recv=256	 errin=0	 errout=0	 dropin=0	 dropout=0	read_count=0	 write_count=0	 read_bytes=0	 write_bytes=0	
Time=14:01:21	CPU0 Usage=55.8	CPU0time_system=4915.92	CPU0time_idle=72008.5	ram_available=1234960384	ram_percent=41.1	swap_used=12263424	swap_percent=0.6	bytes_sent=9399	 bytes_recv=106655	 packets_sent=60	 packets_recv=89	 errin=0	 errout=0	 dropin=0	 dropout=0	read_count=0	 write_count=0	 read_bytes=0	 write_bytes=0	
Time=14:01:23	CPU0 Usage=56.1	CPU0time_system=4916.1	CPU0time_idle=72009.36	ram_available=1234960384	ram_percent=41.1	swap_used=12263424	swap_percent=0.6	bytes_sent=17850	 bytes_recv=218582	 packets_sent=120	 packets_recv=184	 errin=0	 errout=0	 dropin=0	 dropout=0	read_count=0	 write_count=0	 read_bytes=0	 write_bytes=0	
Time=14:01:25	CPU0 Usage=55.0	CPU0time_system=4916.3	CPU0time_idle=72010.26	ram_available=1234993152	ram_percent=41.1	swap_used=12263424	swap_percent=0.6	bytes_sent=4110	 bytes_recv=54932	 packets_sent=28	 packets_recv=45	 errin=0	 errout=0	 dropin=0	 dropout=0	read_count=0	 write_count=0	 read_bytes=0	 write_bytes=0	
Time=14:01:27	CPU0 Usage=55.8	CPU0time_system=4916.5	CPU0time_idle=72011.14	ram_available=1234993152	ram_percent=41.1	swap_used=12263424	swap_percent=0.6	bytes_sent=9210	 bytes_recv=107442	 packets_sent=63	 packets_recv=92	 errin=0	 errout=0	 dropin=0	 dropout=0	read_count=0	 write_count=0	 read_bytes=0	 write_bytes=0	
Time=14:01:29	CPU0 Usage=56.3	CPU0time_system=4916.7	CPU0time_idle=72012.0	ram_available=1234960384	ram_percent=41.1	swap_used=12263424	swap_percent=0.6	bytes_sent=17860	 bytes_recv=212281	 packets_sent=121	 packets_recv=177	 errin=0	 errout=0	 dropin=0	 dropout=0	read_count=0	 write_count=0	 read_bytes=0	 write_bytes=0	
Time=14:01:31	CPU0 Usage=56.1	CPU0time_system=4916.97	CPU0time_idle=72012.87	ram_available=1234960384	ram_percent=41.1	swap_used=12263424	swap_percent=0.6	bytes_sent=11202	 bytes_recv=132546	 packets_sent=75	 packets_recv=109	 errin=0	 errout=0	 dropin=0	 dropout=0	read_count=0	 write_count=0	 read_bytes=0	 write_bytes=0	
Time=14:01:33	CPU0 Usage=55.1	CPU0time_system=4917.17	CPU0time_idle=72013.76	ram_available=1234706432	ram_percent=41.1	swap_used=12263424	swap_percent=0.6	bytes_sent=7475	 bytes_recv=87856	 packets_sent=49	 packets_recv=72	 errin=0	 errout=0	 dropin=0	 dropout=0	read_count=0	 write_count=0	 read_bytes=0	 write_bytes=0	
Time=14:01:35	CPU0 Usage=56.8	CPU0time_system=4917.38	CPU0time_idle=72014.62	ram_available=1234579456	ram_percent=41.1	swap_used=12263424	swap_percent=0.6	bytes_sent=13978	 bytes_recv=170190	 packets_sent=96	 packets_recv=145	 errin=0	 errout=0	 dropin=0	 dropout=0	read_count=0	 write_count=0	 read_bytes=0	 write_bytes=0	
Time=14:01:37	CPU0 Usage=56.2	CPU0time_system=4917.59	CPU0time_idle=72015.5	ram_available=1234231296	ram_percent=41.2	swap_used=12263424	swap_percent=0.6	bytes_sent=9635	 bytes_recv=112768	 packets_sent=66	 packets_recv=100	 errin=0	 errout=0	 dropin=0	 dropout=0	read_count=0	 write_count=0	 read_bytes=0	 write_bytes=0	
Time=14:01:39	CPU0 Usage=56.5	CPU0time_system=4917.78	CPU0time_idle=72016.37	ram_available=1234042880	ram_percent=41.2	swap_used=12263424	swap_percent=0.6	bytes_sent=13206	 bytes_recv=155390	 packets_sent=91	 packets_recv=128	 errin=0	 errout=0	 dropin=0	 dropout=0	read_count=0	 write_count=0	 read_bytes=0	 write_bytes=0	
Time=14:01:41	CPU0 Usage=56.3	CPU0time_system=4917.98	CPU0time_idle=72017.24	ram_available=1233866752	ram_percent=41.2	swap_used=12263424	swap_percent=0.6	bytes_sent=10229	 bytes_recv=135587	 packets_sent=71	 packets_recv=114	 errin=0	 errout=0	 dropin=0	 dropout=0	read_count=0	 write_count=0	 read_bytes=0	 write_bytes=0	
Time=14:01:43	CPU0 Usage=55.6	CPU0time_system=4918.15	CPU0time_idle=72018.12	ram_available=1233674240	ram_percent=41.2	swap_used=12263424	swap_percent=0.6	bytes_sent=7976	 bytes_recv=100189	 packets_sent=56	 packets_recv=86	 errin=0	 errout=0	 dropin=0	 dropout=0	read_count=0	 write_count=0	 read_bytes=0	 write_bytes=0	
Time=14:01:45	CPU0 Usage=56.1	CPU0time_system=4918.32	CPU0time_idle=72018.98	ram_available=1233420288	ram_percent=41.2	swap_used=12263424	swap_percent=0.6	bytes_sent=14843	 bytes_recv=179369	 packets_sent=104	 packets_recv=152	 errin=0	 errout=0	 dropin=0	 dropout=0	read_count=0	 write_count=0	 read_bytes=0	 write_bytes=0	
Time=14:01:47	CPU0 Usage=57.6	CPU0time_system=4918.52	CPU0time_idle=72019.84	ram_available=1233072128	ram_percent=41.2	swap_used=12263424	swap_percent=0.6	bytes_sent=17927	 bytes_recv=220828	 packets_sent=123	 packets_recv=184	 errin=0	 errout=0	 dropin=0	 dropout=0	read_count=0	 write_count=0	 read_bytes=0	 write_bytes=0	
Time=14:01:49	CPU0 Usage=56.1	CPU0time_system=4918.67	CPU0time_idle=72020.7	ram_available=1232752640	ram_percent=41.2	swap_used=12263424	swap_percent=0.6	bytes_sent=28464	 bytes_recv=167596	 packets_sent=103	 packets_recv=145	 errin=0	 errout=0	 dropin=0	 dropout=0	read_count=0	 write_count=0	 read_bytes=0	 write_bytes=0	
Time=14:01:51	CPU0 Usage=55.2	CPU0time_system=4918.8	CPU0time_idle=72021.6	ram_available=1232719872	ram_percent=41.2	swap_used=12263424	swap_percent=0.6	bytes_sent=1158	 bytes_recv=14220	 packets_sent=8	 packets_recv=13	 errin=0	 errout=0	 dropin=0	 dropout=0	read_count=0	 write_count=0	 read_bytes=0	 write_bytes=0	
Time=14:01:53	CPU0 Usage=55.3	CPU0time_system=4918.93	CPU0time_idle=72022.48	ram_available=1232592896	ram_percent=41.2	swap_used=12263424	swap_percent=0.6	bytes_sent=8644	 bytes_recv=100246	 packets_sent=61	 packets_recv=87	 errin=0	 errout=0	 dropin=0	 dropout=0	read_count=0	 write_count=0	 read_bytes=0	 write_bytes=0	
Time=14:01:55	CPU0 Usage=56.9	CPU0time_system=4919.06	CPU0time_idle=72023.35	ram_available=1232470016	ram_percent=41.2	swap_used=12263424	swap_percent=0.6	bytes_sent=13098	 bytes_recv=165532	 packets_sent=90	 packets_recv=139	 errin=0	 errout=0	 dropin=0	 dropout=0	read_count=0	 write_count=0	 read_bytes=0	 write_bytes=0	
Time=14:01:57	CPU0 Usage=57.8	CPU0time_system=4919.2	CPU0time_idle=72024.19	ram_available=1231863808	ram_percent=41.3	swap_used=12263424	swap_percent=0.6	bytes_sent=24891	 bytes_recv=300064	 packets_sent=169	 packets_recv=255	 errin=0	 errout=0	 dropin=0	 dropout=0	read_count=0	 write_count=0	 read_bytes=0	 write_bytes=0	
Time=14:01:59	CPU0 Usage=57.1	CPU0time_system=4919.3	CPU0time_idle=72025.04	ram_available=1231532032	ram_percent=41.3	swap_used=12263424	swap_percent=0.6	bytes_sent=14995	 bytes_recv=173316	 packets_sent=101	 packets_recv=149	 errin=0	 errout=0	 dropin=0	 dropout=0	read_count=0	 write_count=0	 read_bytes=0	 write_bytes=0	
Time=14:02:01	CPU0 Usage=55.3	CPU0time_system=4919.38	CPU0time_idle=72025.93	ram_available=1231568896	ram_percent=41.3	swap_used=12263424	swap_percent=0.6	bytes_sent=4482	 bytes_recv=65378	 packets_sent=32	 packets_recv=56	 errin=0	 errout=0	 dropin=0	 dropout=0	read_count=0	 write_count=0	 read_bytes=0	 write_bytes=0	
Time=14:02:03	CPU0 Usage=55.9	CPU0time_system=4919.45	CPU0time_idle=72026.79	ram_available=1231286272	ram_percent=41.3	swap_used=12263424	swap_percent=0.6	bytes_sent=17901	 bytes_recv=222618	 packets_sent=120	 packets_recv=184	 errin=0	 errout=0	 dropin=0	 dropout=0	read_count=0	 write_count=0	 read_bytes=0	 write_bytes=0	
Time=14:02:05	CPU0 Usage=55.8	CPU0time_system=4919.48	CPU0time_idle=72027.66	ram_available=1231224832	ram_percent=41.3	swap_used=12263424	swap_percent=0.6	bytes_sent=11035	 bytes_recv=134495	 packets_sent=75	 packets_recv=114	 errin=0	 errout=0	 dropin=0	 dropout=0	read_count=0	 write_count=0	 read_bytes=0	 write_bytes=0	
Time=14:02:07	CPU0 Usage=56.7	CPU0time_system=4919.52	CPU0time_idle=72028.54	ram_available=1231032320	ram_percent=41.3	swap_used=12263424	swap_percent=0.6	bytes_sent=10554	 bytes_recv=122155	 packets_sent=74	 packets_recv=111	 errin=0	 errout=0	 dropin=0	 dropout=0	read_count=0	 write_count=0	 read_bytes=0	 write_bytes=0	
Time=14:02:09	CPU0 Usage=58.7	CPU0time_system=4919.71	CPU0time_idle=72029.35	ram_available=1230368768	ram_percent=41.3	swap_used=12263424	swap_percent=0.6	bytes_sent=40475	 bytes_recv=499060	 packets_sent=276	 packets_recv=412	 errin=0	 errout=0	 dropin=0	 dropout=0	read_count=0	 write_count=0	 read_bytes=0	 write_bytes=0	
Time=14:02:11	CPU0 Usage=56.8	CPU0time_system=4919.93	CPU0time_idle=72030.21	ram_available=1230241792	ram_percent=41.3	swap_used=12263424	swap_percent=0.6	bytes_sent=15886	 bytes_recv=192739	 packets_sent=105	 packets_recv=159	 errin=0	 errout=0	 dropin=0	 dropout=0	read_count=0	 write_count=0	 read_bytes=0	 write_bytes=0	
Time=14:02:13	CPU0 Usage=55.8	CPU0time_system=4920.13	CPU0time_idle=72031.09	ram_available=1230049280	ram_percent=41.4	swap_used=12263424	swap_percent=0.6	bytes_sent=6839	 bytes_recv=83837	 packets_sent=47	 packets_recv=70	 errin=0	 errout=0	 dropin=0	 dropout=0	read_count=0	 write_count=0	 read_bytes=0	 write_bytes=0	
Time=14:02:15	CPU0 Usage=54.8	CPU0time_system=4920.32	CPU0time_idle=72031.98	ram_available=1229889536	ram_percent=41.4	swap_used=12263424	swap_percent=0.6	bytes_sent=8057	 bytes_recv=95924	 packets_sent=56	 packets_recv=84	 errin=0	 errout=0	 dropin=0	 dropout=0	read_count=0	 write_count=0	 read_bytes=0	 write_bytes=0	
Time=14:02:17	CPU0 Usage=56.0	CPU0time_system=4920.53	CPU0time_idle=72032.83	ram_available=1229602816	ram_percent=41.4	swap_used=12263424	swap_percent=0.6	bytes_sent=20503	 bytes_recv=247341	 packets_sent=138	 packets_recv=207	 errin=0	 errout=0	 dropin=0	 dropout=0	read_count=0	 write_count=0	 read_bytes=0	 write_bytes=0	
Time=14:02:19	CPU0 Usage=58.1	CPU0time_system=4920.8	CPU0time_idle=72033.68	ram_available=1229221888	ram_percent=41.4	swap_used=12263424	swap_percent=0.6	bytes_sent=22727	 bytes_recv=282208	 packets_sent=153	 packets_recv=235	 errin=0	 errout=0	 dropin=0	 dropout=0	read_count=0	 write_count=0	 read_bytes=0	 write_bytes=0	
Time=14:02:21	CPU0 Usage=58.9	CPU0time_system=4921.05	CPU0time_idle=72034.51	ram_available=1228812288	ram_percent=41.4	swap_used=12263424	swap_percent=0.6	bytes_sent=25521	 bytes_recv=316323	 packets_sent=175	 packets_recv=272	 errin=0	 errout=0	 dropin=0	 dropout=0	read_count=0	 write_count=0	 read_bytes=0	 write_bytes=0	
Time=14:02:23	CPU0 Usage=56.6	CPU0time_system=4921.26	CPU0time_idle=72035.37	ram_available=1228558336	ram_percent=41.4	swap_used=12263424	swap_percent=0.6	bytes_sent=15995	 bytes_recv=200535	 packets_sent=110	 packets_recv=162	 errin=0	 errout=0	 dropin=0	 dropout=0	read_count=0	 write_count=0	 read_bytes=0	 write_bytes=0	
Time=14:02:25	CPU0 Usage=54.3	CPU0time_system=4921.43	CPU0time_idle=72036.27	ram_available=1228591104	ram_percent=41.4	swap_used=12263424	swap_percent=0.6	bytes_sent=0	 bytes_recv=0	 packets_sent=0	 packets_recv=0	 errin=0	 errout=0	 dropin=0	 dropout=0	read_count=0	 write_count=0	 read_bytes=0	 write_bytes=0	
Time=14:02:27	CPU0 Usage=57.0	CPU0time_system=4921.64	CPU0time_idle=72037.13	ram_available=1228464128	ram_percent=41.4	swap_used=12263424	swap_percent=0.6	bytes_sent=17607	 bytes_recv=205299	 packets_sent=119	 packets_recv=174	 errin=0	 errout=0	 dropin=0	 dropout=0	read_count=0	 write_count=0	 read_bytes=0	 write_bytes=0	
Time=14:02:29	CPU0 Usage=55.7	CPU0time_system=4921.84	CPU0time_idle=72038.02	ram_available=1228304384	ram_percent=41.4	swap_used=12263424	swap_percent=0.6	bytes_sent=5757	 bytes_recv=65240	 packets_sent=37	 packets_recv=57	 errin=0	 errout=0	 dropin=0	 dropout=0	read_count=0	 write_count=0	 read_bytes=0	 write_bytes=0	
Time=14:02:31	CPU0 Usage=54.4	CPU0time_system=4922.0	CPU0time_idle=72038.91	ram_available=1228144640	ram_percent=41.4	swap_used=12263424	swap_percent=0.6	bytes_sent=4172	 bytes_recv=51628	 packets_sent=29	 packets_recv=44	 errin=0	 errout=0	 dropin=0	 dropout=0	read_count=0	 write_count=0	 read_bytes=0	 write_bytes=0	
Time=14:02:33	CPU0 Usage=55.8	CPU0time_system=4922.18	CPU0time_idle=72039.79	ram_available=1228111872	ram_percent=41.4	swap_used=12263424	swap_percent=0.6	bytes_sent=6558	 bytes_recv=77524	 packets_sent=46	 packets_recv=66	 errin=0	 errout=0	 dropin=0	 dropout=0	read_count=0	 write_count=0	 read_bytes=0	 write_bytes=0	
Time=14:02:35	CPU0 Usage=56.3	CPU0time_system=4922.38	CPU0time_idle=72040.66	ram_available=1227792384	ram_percent=41.5	swap_used=12263424	swap_percent=0.6	bytes_sent=13675	 bytes_recv=163421	 packets_sent=90	 packets_recv=137	 errin=0	 errout=0	 dropin=0	 dropout=0	read_count=0	 write_count=0	 read_bytes=0	 write_bytes=0	
Time=14:02:37	CPU0 Usage=57.9	CPU0time_system=4922.62	CPU0time_idle=72041.49	ram_available=1227329536	ram_percent=41.5	swap_used=12263424	swap_percent=0.6	bytes_sent=25330	 bytes_recv=311263	 packets_sent=173	 packets_recv=254	 errin=0	 errout=0	 dropin=0	 dropout=0	read_count=0	 write_count=0	 read_bytes=0	 write_bytes=0	
Time=14:02:39	CPU0 Usage=55.1	CPU0time_system=4922.87	CPU0time_idle=72042.38	ram_available=1227202560	ram_percent=41.5	swap_used=12263424	swap_percent=0.6	bytes_sent=6070	 bytes_recv=73917	 packets_sent=39	 packets_recv=60	 errin=0	 errout=0	 dropin=0	 dropout=0	read_count=0	 write_count=0	 read_bytes=0	 write_bytes=0	
Time=14:02:41	CPU0 Usage=57.5	CPU0time_system=4923.33	CPU0time_idle=72043.23	ram_available=1226854400	ram_percent=41.5	swap_used=12263424	swap_percent=0.6	bytes_sent=34797	 bytes_recv=243994	 packets_sent=144	 packets_recv=211	 errin=0	 errout=0	 dropin=0	 dropout=0	read_count=0	 write_count=0	 read_bytes=0	 write_bytes=0	
Time=14:02:43	CPU0 Usage=56.1	CPU0time_system=4923.53	CPU0time_idle=72044.1	ram_available=1226665984	ram_percent=41.5	swap_used=12263424	swap_percent=0.6	bytes_sent=13131	 bytes_recv=158468	 packets_sent=90	 packets_recv=137	 errin=0	 errout=0	 dropin=0	 dropout=0	read_count=0	 write_count=0	 read_bytes=0	 write_bytes=0	
Time=14:02:45	CPU0 Usage=55.1	CPU0time_system=4923.72	CPU0time_idle=72044.98	ram_available=1226506240	ram_percent=41.5	swap_used=12263424	swap_percent=0.6	bytes_sent=6766	 bytes_recv=83957	 packets_sent=46	 packets_recv=71	 errin=0	 errout=0	 dropin=0	 dropout=0	read_count=0	 write_count=0	 read_bytes=0	 write_bytes=0	
Time=14:02:47	CPU0 Usage=56.6	CPU0time_system=4923.9	CPU0time_idle=72045.83	ram_available=1226186752	ram_percent=41.5	swap_used=12263424	swap_percent=0.6	bytes_sent=18320	 bytes_recv=221071	 packets_sent=125	 packets_recv=185	 errin=0	 errout=0	 dropin=0	 dropout=0	read_count=0	 write_count=0	 read_bytes=0	 write_bytes=0	
Time=14:02:49	CPU0 Usage=54.0	CPU0time_system=4924.07	CPU0time_idle=72046.74	ram_available=1226153984	ram_percent=41.5	swap_used=12263424	swap_percent=0.6	bytes_sent=1108	 bytes_recv=12807	 packets_sent=8	 packets_recv=11	 errin=0	 errout=0	 dropin=0	 dropout=0	read_count=0	 write_count=0	 read_bytes=0	 write_bytes=0	
Time=14:02:51	CPU0 Usage=56.6	CPU0time_system=4924.27	CPU0time_idle=72047.59	ram_available=1225867264	ram_percent=41.6	swap_used=12263424	swap_percent=0.6	bytes_sent=16982	 bytes_recv=198731	 packets_sent=117	 packets_recv=171	 errin=0	 errout=0	 dropin=0	 dropout=0	read_count=0	 write_count=0	 read_bytes=0	 write_bytes=0	
Time=14:02:53	CPU0 Usage=55.2	CPU0time_system=4924.48	CPU0time_idle=72048.49	ram_available=1225900032	ram_percent=41.6	swap_used=12263424	swap_percent=0.6	bytes_sent=1670	 bytes_recv=12678	 packets_sent=11	 packets_recv=16	 errin=0	 errout=0	 dropin=0	 dropout=0	read_count=0	 write_count=0	 read_bytes=0	 write_bytes=0	
Time=14:02:55	CPU0 Usage=55.8	CPU0time_system=4924.69	CPU0time_idle=72049.36	ram_available=1225871360	ram_percent=41.6	swap_used=12263424	swap_percent=0.6	bytes_sent=12070	 bytes_recv=143045	 packets_sent=79	 packets_recv=118	 errin=0	 errout=0	 dropin=0	 dropout=0	read_count=0	 write_count=0	 read_bytes=0	 write_bytes=0	
Time=14:02:57	CPU0 Usage=54.9	CPU0time_system=4924.86	CPU0time_idle=72050.24	ram_available=1225662464	ram_percent=41.6	swap_used=12263424	swap_percent=0.6	bytes_sent=8721	 bytes_recv=104056	 packets_sent=58	 packets_recv=90	 errin=0	 errout=0	 dropin=0	 dropout=0	read_count=0	 write_count=0	 read_bytes=0	 write_bytes=0	
Time=14:02:59	CPU0 Usage=58.4	CPU0time_system=4925.11	CPU0time_idle=72051.08	ram_available=1225084928	ram_percent=41.6	swap_used=12263424	swap_percent=0.6	bytes_sent=24308	 bytes_recv=296468	 packets_sent=167	 packets_recv=245	 errin=0	 errout=0	 dropin=0	 dropout=0	read_count=0	 write_count=0	 read_bytes=0	 write_bytes=0	
Time=14:03:01	CPU0 Usage=56.6	CPU0time_system=4925.35	CPU0time_idle=72051.94	ram_available=1224704000	ram_percent=41.6	swap_used=12263424	swap_percent=0.6	bytes_sent=12996	 bytes_recv=170392	 packets_sent=90	 packets_recv=138	 errin=0	 errout=0	 dropin=0	 dropout=0	read_count=0	 write_count=0	 read_bytes=0	 write_bytes=0	
Time=14:03:03	CPU0 Usage=56.6	CPU0time_system=4925.6	CPU0time_idle=72052.8	ram_available=1224323072	ram_percent=41.6	swap_used=12263424	swap_percent=0.6	bytes_sent=18670	 bytes_recv=231649	 packets_sent=126	 packets_recv=191	 errin=0	 errout=0	 dropin=0	 dropout=0	read_count=0	 write_count=0	 read_bytes=0	 write_bytes=0	
Time=14:03:05	CPU0 Usage=56.1	CPU0time_system=4925.8	CPU0time_idle=72053.66	ram_available=1224134656	ram_percent=41.6	swap_used=12263424	swap_percent=0.6	bytes_sent=16835	 bytes_recv=204359	 packets_sent=113	 packets_recv=168	 errin=0	 errout=0	 dropin=0	 dropout=0	read_count=0	 write_count=0	 read_bytes=0	 write_bytes=0	
Time=14:03:07	CPU0 Usage=56.8	CPU0time_system=4925.97	CPU0time_idle=72054.52	ram_available=1223880704	ram_percent=41.7	swap_used=12263424	swap_percent=0.6	bytes_sent=16811	 bytes_recv=206347	 packets_sent=115	 packets_recv=174	 errin=0	 errout=0	 dropin=0	 dropout=0	read_count=0	 write_count=0	 read_bytes=0	 write_bytes=0	
Time=14:03:09	CPU0 Usage=55.6	CPU0time_system=4926.16	CPU0time_idle=72055.4	ram_available=1223626752	ram_percent=41.7	swap_used=12263424	swap_percent=0.6	bytes_sent=10833	 bytes_recv=136523	 packets_sent=75	 packets_recv=116	 errin=0	 errout=0	 dropin=0	 dropout=0	read_count=0	 write_count=0	 read_bytes=0	 write_bytes=0	
Time=14:03:11	CPU0 Usage=55.7	CPU0time_system=4926.33	CPU0time_idle=72056.26	ram_available=1223245824	ram_percent=41.7	swap_used=12263424	swap_percent=0.6	bytes_sent=16487	 bytes_recv=200062	 packets_sent=110	 packets_recv=167	 errin=0	 errout=0	 dropin=0	 dropout=0	read_count=0	 write_count=0	 read_bytes=0	 write_bytes=0	
Time=14:03:13	CPU0 Usage=58.0	CPU0time_system=4926.55	CPU0time_idle=72057.1	ram_available=1235025920	ram_percent=41.1	swap_used=12263424	swap_percent=0.6	bytes_sent=24193	 bytes_recv=293168	 packets_sent=168	 packets_recv=245	 errin=0	 errout=0	 dropin=0	 dropout=0	read_count=0	 write_count=0	 read_bytes=0	 write_bytes=0	
Time=14:03:15	CPU0 Usage=58.0	CPU0time_system=4926.78	CPU0time_idle=72057.94	ram_available=1235025920	ram_percent=41.1	swap_used=12263424	swap_percent=0.6	bytes_sent=26167	 bytes_recv=330326	 packets_sent=179	 packets_recv=273	 errin=0	 errout=0	 dropin=0	 dropout=0	read_count=0	 write_count=0	 read_bytes=0	 write_bytes=0	
Time=14:03:17	CPU0 Usage=55.6	CPU0time_system=4926.94	CPU0time_idle=72058.81	ram_available=1235091456	ram_percent=41.1	swap_used=12263424	swap_percent=0.6	bytes_sent=13186	 bytes_recv=156017	 packets_sent=90	 packets_recv=128	 errin=0	 errout=0	 dropin=0	 dropout=0	read_count=0	 write_count=0	 read_bytes=0	 write_bytes=0	
Time=14:03:19	CPU0 Usage=55.6	CPU0time_system=4927.07	CPU0time_idle=72059.69	ram_available=1235156992	ram_percent=41.1	swap_used=12263424	swap_percent=0.6	bytes_sent=6533	 bytes_recv=83782	 packets_sent=44	 packets_recv=70	 errin=0	 errout=0	 dropin=0	 dropout=0	read_count=0	 write_count=0	 read_bytes=0	 write_bytes=0	
Time=14:03:21	CPU0 Usage=55.4	CPU0time_system=4927.22	CPU0time_idle=72060.56	ram_available=1234960384	ram_percent=41.1	swap_used=12263424	swap_percent=0.6	bytes_sent=12332	 bytes_recv=151772	 packets_sent=84	 packets_recv=125	 errin=0	 errout=0	 dropin=0	 dropout=0	read_count=0	 write_count=0	 read_bytes=0	 write_bytes=0	
Time=14:03:23	CPU0 Usage=54.6	CPU0time_system=4927.36	CPU0time_idle=72061.45	ram_available=1234833408	ram_percent=41.1	swap_used=12263424	swap_percent=0.6	bytes_sent=7726	 bytes_recv=83831	 packets_sent=50	 packets_recv=74	 errin=0	 errout=0	 dropin=0	 dropout=0	read_count=0	 write_count=0	 read_bytes=0	 write_bytes=0	
Time=14:03:25	CPU0 Usage=57.1	CPU0time_system=4927.54	CPU0time_idle=72062.3	ram_available=1234677760	ram_percent=41.1	swap_used=12263424	swap_percent=0.6	bytes_sent=18572	 bytes_recv=226074	 packets_sent=126	 packets_recv=187	 errin=0	 errout=0	 dropin=0	 dropout=0	read_count=0	 write_count=0	 read_bytes=0	 write_bytes=0	
Time=14:03:27	CPU0 Usage=55.8	CPU0time_system=4927.68	CPU0time_idle=72063.17	ram_available=1234329600	ram_percent=41.2	swap_used=12263424	swap_percent=0.6	bytes_sent=11978	 bytes_recv=138905	 packets_sent=82	 packets_recv=123	 errin=0	 errout=0	 dropin=0	 dropout=0	read_count=0	 write_count=0	 read_bytes=0	 write_bytes=0	
Time=14:03:29	CPU0 Usage=55.3	CPU0time_system=4927.79	CPU0time_idle=72064.05	ram_available=1234137088	ram_percent=41.2	swap_used=12263424	swap_percent=0.6	bytes_sent=9137	 bytes_recv=115584	 packets_sent=66	 packets_recv=99	 errin=0	 errout=0	 dropin=0	 dropout=0	read_count=0	 write_count=0	 read_bytes=0	 write_bytes=0	
Time=14:03:31	CPU0 Usage=55.2	CPU0time_system=4927.92	CPU0time_idle=72064.92	ram_available=1233891328	ram_percent=41.2	swap_used=12263424	swap_percent=0.6	bytes_sent=27388	 bytes_recv=172502	 packets_sent=104	 packets_recv=143	 errin=0	 errout=0	 dropin=0	 dropout=0	read_count=0	 write_count=0	 read_bytes=0	 write_bytes=0	
Time=14:03:33	CPU0 Usage=58.4	CPU0time_system=4928.08	CPU0time_idle=72065.76	ram_available=1233408000	ram_percent=41.2	swap_used=12263424	swap_percent=0.6	bytes_sent=26598	 bytes_recv=321702	 packets_sent=181	 packets_recv=272	 errin=0	 errout=0	 dropin=0	 dropout=0	read_count=0	 write_count=0	 read_bytes=0	 write_bytes=0	
Time=14:03:35	CPU0 Usage=55.8	CPU0time_system=4928.18	CPU0time_idle=72066.64	ram_available=1233248256	ram_percent=41.2	swap_used=12263424	swap_percent=0.6	bytes_sent=7935	 bytes_recv=94918	 packets_sent=55	 packets_recv=79	 errin=0	 errout=0	 dropin=0	 dropout=0	read_count=0	 write_count=0	 read_bytes=0	 write_bytes=0	
Time=14:03:37	CPU0 Usage=56.1	CPU0time_system=4928.27	CPU0time_idle=72067.51	ram_available=1233219584	ram_percent=41.2	swap_used=12263424	swap_percent=0.6	bytes_sent=14066	 bytes_recv=171533	 packets_sent=94	 packets_recv=139	 errin=0	 errout=0	 dropin=0	 dropout=0	read_count=0	 write_count=0	 read_bytes=0	 write_bytes=0	
Time=14:03:39	CPU0 Usage=57.9	CPU0time_system=4928.34	CPU0time_idle=72068.34	ram_available=1232551936	ram_percent=41.2	swap_used=12263424	swap_percent=0.6	bytes_sent=27039	 bytes_recv=327929	 packets_sent=182	 packets_recv=274	 errin=0	 errout=0	 dropin=0	 dropout=0	read_count=0	 write_count=0	 read_bytes=0	 write_bytes=0	
Time=14:03:41	CPU0 Usage=55.8	CPU0time_system=4928.42	CPU0time_idle=72069.22	ram_available=1232424960	ram_percent=41.2	swap_used=12263424	swap_percent=0.6	bytes_sent=7209	 bytes_recv=84626	 packets_sent=48	 packets_recv=73	 errin=0	 errout=0	 dropin=0	 dropout=0	read_count=0	 write_count=0	 read_bytes=0	 write_bytes=0	
Time=14:03:43	CPU0 Usage=54.6	CPU0time_system=4928.45	CPU0time_idle=72070.11	ram_available=1232457728	ram_percent=41.2	swap_used=12263424	swap_percent=0.6	bytes_sent=6359	 bytes_recv=69454	 packets_sent=43	 packets_recv=65	 errin=0	 errout=0	 dropin=0	 dropout=0	read_count=0	 write_count=0	 read_bytes=0	 write_bytes=0	
Time=14:03:45	CPU0 Usage=54.4	CPU0time_system=4928.47	CPU0time_idle=72070.99	ram_available=1232203776	ram_percent=41.3	swap_used=12263424	swap_percent=0.6	bytes_sent=10825	 bytes_recv=126371	 packets_sent=70	 packets_recv=106	 errin=0	 errout=0	 dropin=0	 dropout=0	read_count=0	 write_count=0	 read_bytes=0	 write_bytes=0	
Time=14:03:47	CPU0 Usage=57.0	CPU0time_system=4928.6	CPU0time_idle=72071.85	ram_available=1231949824	ram_percent=41.3	swap_used=12263424	swap_percent=0.6	bytes_sent=14485	 bytes_recv=177076	 packets_sent=98	 packets_recv=150	 errin=0	 errout=0	 dropin=0	 dropout=0	read_count=0	 write_count=0	 read_bytes=0	 write_bytes=0	
Time=14:03:49	CPU0 Usage=55.5	CPU0time_system=4928.81	CPU0time_idle=72072.74	ram_available=1231790080	ram_percent=41.3	swap_used=12263424	swap_percent=0.6	bytes_sent=4797	 bytes_recv=64024	 packets_sent=33	 packets_recv=53	 errin=0	 errout=0	 dropin=0	 dropout=0	read_count=0	 write_count=0	 read_bytes=0	 write_bytes=0	
Time=14:03:51	CPU0 Usage=56.1	CPU0time_system=4929.05	CPU0time_idle=72073.6	ram_available=1231433728	ram_percent=41.3	swap_used=12263424	swap_percent=0.6	bytes_sent=14954	 bytes_recv=180049	 packets_sent=101	 packets_recv=154	 errin=0	 errout=0	 dropin=0	 dropout=0	read_count=0	 write_count=0	 read_bytes=0	 write_bytes=0	
Time=14:03:53	CPU0 Usage=57.4	CPU0time_system=4929.38	CPU0time_idle=72074.46	ram_available=1231118336	ram_percent=41.3	swap_used=12263424	swap_percent=0.6	bytes_sent=19947	 bytes_recv=245429	 packets_sent=139	 packets_recv=213	 errin=0	 errout=0	 dropin=0	 dropout=0	read_count=0	 write_count=0	 read_bytes=0	 write_bytes=0	
Time=14:03:55	CPU0 Usage=55.8	CPU0time_system=4930.06	CPU0time_idle=72075.34	ram_available=1231056896	ram_percent=41.3	swap_used=12263424	swap_percent=0.6	bytes_sent=5984	 bytes_recv=70865	 packets_sent=41	 packets_recv=63	 errin=0	 errout=0	 dropin=0	 dropout=0	read_count=0	 write_count=0	 read_bytes=0	 write_bytes=0	
Time=14:03:57	CPU0 Usage=56.7	CPU0time_system=4930.36	CPU0time_idle=72076.21	ram_available=1230995456	ram_percent=41.3	swap_used=12263424	swap_percent=0.6	bytes_sent=11838	 bytes_recv=142403	 packets_sent=81	 packets_recv=113	 errin=0	 errout=0	 dropin=0	 dropout=0	read_count=0	 write_count=0	 read_bytes=0	 write_bytes=0	
Time=14:03:59	CPU0 Usage=55.8	CPU0time_system=4930.55	CPU0time_idle=72077.09	ram_available=1230868480	ram_percent=41.3	swap_used=12263424	swap_percent=0.6	bytes_sent=6560	 bytes_recv=83266	 packets_sent=45	 packets_recv=72	 errin=0	 errout=0	 dropin=0	 dropout=0	read_count=0	 write_count=0	 read_bytes=0	 write_bytes=0	
Time=14:04:01	CPU0 Usage=54.6	CPU0time_system=4930.74	CPU0time_idle=72077.98	ram_available=1230708736	ram_percent=41.3	swap_used=12263424	swap_percent=0.6	bytes_sent=4305	 bytes_recv=54475	 packets_sent=30	 packets_recv=47	 errin=0	 errout=0	 dropin=0	 dropout=0	read_count=0	 write_count=0	 read_bytes=0	 write_bytes=0	
Time=14:04:03	CPU0 Usage=57.6	CPU0time_system=4931.01	CPU0time_idle=72078.82	ram_available=1229991936	ram_percent=41.4	swap_used=12263424	swap_percent=0.6	bytes_sent=23105	 bytes_recv=288742	 packets_sent=158	 packets_recv=244	 errin=0	 errout=0	 dropin=0	 dropout=0	read_count=0	 write_count=0	 read_bytes=0	 write_bytes=0	
Time=14:04:05	CPU0 Usage=56.8	CPU0time_system=4931.24	CPU0time_idle=72079.68	ram_available=1229770752	ram_percent=41.4	swap_used=12263424	swap_percent=0.6	bytes_sent=10897	 bytes_recv=132439	 packets_sent=74	 packets_recv=110	 errin=0	 errout=0	 dropin=0	 dropout=0	read_count=0	 write_count=0	 read_bytes=0	 write_bytes=0	
Time=14:04:07	CPU0 Usage=55.8	CPU0time_system=4931.46	CPU0time_idle=72080.55	ram_available=1229582336	ram_percent=41.4	swap_used=12263424	swap_percent=0.6	bytes_sent=13777	 bytes_recv=164577	 packets_sent=96	 packets_recv=130	 errin=0	 errout=0	 dropin=0	 dropout=0	read_count=0	 write_count=0	 read_bytes=0	 write_bytes=0	
Time=14:04:09	CPU0 Usage=55.8	CPU0time_system=4931.68	CPU0time_idle=72081.42	ram_available=1229225984	ram_percent=41.4	swap_used=12263424	swap_percent=0.6	bytes_sent=15099	 bytes_recv=175095	 packets_sent=101	 packets_recv=149	 errin=0	 errout=0	 dropin=0	 dropout=0	read_count=0	 write_count=0	 read_bytes=0	 write_bytes=0	
Time=14:04:11	CPU0 Usage=56.0	CPU0time_system=4931.99	CPU0time_idle=72082.3	ram_available=1229070336	ram_percent=41.4	swap_used=12263424	swap_percent=0.6	bytes_sent=7736	 bytes_recv=92858	 packets_sent=56	 packets_recv=80	 errin=0	 errout=0	 dropin=0	 dropout=0	read_count=0	 write_count=0	 read_bytes=0	 write_bytes=0	
Time=14:04:13	CPU0 Usage=55.3	CPU0time_system=4932.24	CPU0time_idle=72083.19	ram_available=1228910592	ram_percent=41.4	swap_used=12263424	swap_percent=0.6	bytes_sent=4205	 bytes_recv=40136	 packets_sent=24	 packets_recv=39	 errin=0	 errout=0	 dropin=0	 dropout=0	read_count=0	 write_count=0	 read_bytes=0	 write_bytes=0	
Time=14:04:15	CPU0 Usage=56.9	CPU0time_system=4932.44	CPU0time_idle=72084.04	ram_available=1228689408	ram_percent=41.4	swap_used=12263424	swap_percent=0.6	bytes_sent=21114	 bytes_recv=257884	 packets_sent=143	 packets_recv=214	 errin=0	 errout=0	 dropin=0	 dropout=0	read_count=0	 write_count=0	 read_bytes=0	 write_bytes=0	
Time=14:04:17	CPU0 Usage=55.6	CPU0time_system=4932.65	CPU0time_idle=72084.92	ram_available=1228451840	ram_percent=41.4	swap_used=12263424	swap_percent=0.6	bytes_sent=9515	 bytes_recv=124671	 packets_sent=65	 packets_recv=109	 errin=0	 errout=0	 dropin=0	 dropout=0	read_count=0	 write_count=0	 read_bytes=0	 write_bytes=0	
Time=14:04:19	CPU0 Usage=56.2	CPU0time_system=4932.86	CPU0time_idle=72085.77	ram_available=1228165120	ram_percent=41.4	swap_used=12263424	swap_percent=0.6	bytes_sent=20607	 bytes_recv=246194	 packets_sent=143	 packets_recv=214	 errin=0	 errout=0	 dropin=0	 dropout=0	read_count=0	 write_count=0	 read_bytes=0	 write_bytes=0	
Time=14:04:21	CPU0 Usage=54.5	CPU0time_system=4933.02	CPU0time_idle=72086.67	ram_available=1228165120	ram_percent=41.4	swap_used=12263424	swap_percent=0.6	bytes_sent=0	 bytes_recv=0	 packets_sent=0	 packets_recv=0	 errin=0	 errout=0	 dropin=0	 dropout=0	read_count=0	 write_count=0	 read_bytes=0	 write_bytes=0	
Time=14:04:23	CPU0 Usage=28.9	CPU0time_system=4933.16	CPU0time_idle=72088.08	ram_available=1231224832	ram_percent=41.3	swap_used=12263424	swap_percent=0.6	bytes_sent=26863	 bytes_recv=152368	 packets_sent=90	 packets_recv=131	 errin=0	 errout=0	 dropin=0	 dropout=0	read_count=60	 write_count=0	 read_bytes=245760	 write_bytes=0	
Time=14:04:25	CPU0 Usage=0.0	CPU0time_system=4933.16	CPU0time_idle=72090.03	ram_available=1231065088	ram_percent=41.3	swap_used=12263424	swap_percent=0.6	bytes_sent=14301	 bytes_recv=176337	 packets_sent=96	 packets_recv=143	 errin=0	 errout=0	 dropin=0	 dropout=0	read_count=0	 write_count=0	 read_bytes=0	 write_bytes=0	
Time=14:04:27	CPU0 Usage=2.0	CPU0time_system=4933.19	CPU0time_idle=72091.98	ram_available=1230909440	ram_percent=41.3	swap_used=12263424	swap_percent=0.6	bytes_sent=12411	 bytes_recv=144759	 packets_sent=87	 packets_recv=121	 errin=0	 errout=0	 dropin=0	 dropout=0	read_count=0	 write_count=0	 read_bytes=0	 write_bytes=0	
Time=14:04:29	CPU0 Usage=2.5	CPU0time_system=4933.23	CPU0time_idle=72093.93	ram_available=1230503936	ram_percent=41.3	swap_used=12263424	swap_percent=0.6	bytes_sent=16459	 bytes_recv=204111	 packets_sent=112	 packets_recv=170	 errin=0	 errout=0	 dropin=0	 dropout=0	read_count=0	 write_count=5	 read_bytes=0	 write_bytes=24576	
Time=14:04:31	CPU0 Usage=1.0	CPU0time_system=4933.25	CPU0time_idle=72095.88	ram_available=1230376960	ram_percent=41.3	swap_used=12263424	swap_percent=0.6	bytes_sent=13500	 bytes_recv=165755	 packets_sent=95	 packets_recv=138	 errin=0	 errout=0	 dropin=0	 dropout=0	read_count=0	 write_count=0	 read_bytes=0	 write_bytes=0	
Time=14:04:33	CPU0 Usage=3.0	CPU0time_system=4933.31	CPU0time_idle=72097.82	ram_available=1230090240	ram_percent=41.4	swap_used=12263424	swap_percent=0.6	bytes_sent=17062	 bytes_recv=204709	 packets_sent=115	 packets_recv=174	 errin=0	 errout=0	 dropin=0	 dropout=0	read_count=0	 write_count=0	 read_bytes=0	 write_bytes=0	
Time=14:04:35	CPU0 Usage=0.5	CPU0time_system=4933.32	CPU0time_idle=72099.81	ram_available=1230090240	ram_percent=41.4	swap_used=12263424	swap_percent=0.6	bytes_sent=1790	 bytes_recv=19452	 packets_sent=13	 packets_recv=21	 errin=0	 errout=0	 dropin=0	 dropout=0	read_count=0	 write_count=0	 read_bytes=0	 write_bytes=0	
Time=14:04:37	CPU0 Usage=1.0	CPU0time_system=4933.34	CPU0time_idle=72101.79	ram_available=1229963264	ram_percent=41.4	swap_used=12263424	swap_percent=0.6	bytes_sent=5636	 bytes_recv=65060	 packets_sent=39	 packets_recv=57	 errin=0	 errout=0	 dropin=0	 dropout=0	read_count=0	 write_count=0	 read_bytes=0	 write_bytes=0	
Time=14:04:39	CPU0 Usage=4.5	CPU0time_system=4933.42	CPU0time_idle=72103.7	ram_available=1229492224	ram_percent=41.4	swap_used=12263424	swap_percent=0.6	bytes_sent=28465	 bytes_recv=346073	 packets_sent=197	 packets_recv=285	 errin=0	 errout=0	 dropin=0	 dropout=0	read_count=0	 write_count=0	 read_bytes=0	 write_bytes=0	
Time=14:04:41	CPU0 Usage=1.0	CPU0time_system=4933.44	CPU0time_idle=72105.67	ram_available=1229492224	ram_percent=41.4	swap_used=12263424	swap_percent=0.6	bytes_sent=6149	 bytes_recv=74828	 packets_sent=41	 packets_recv=63	 errin=0	 errout=0	 dropin=0	 dropout=0	read_count=0	 write_count=0	 read_bytes=0	 write_bytes=0	
Time=14:04:43	CPU0 Usage=2.5	CPU0time_system=4933.49	CPU0time_idle=72107.62	ram_available=1229172736	ram_percent=41.4	swap_used=12263424	swap_percent=0.6	bytes_sent=14673	 bytes_recv=178870	 packets_sent=99	 packets_recv=147	 errin=0	 errout=0	 dropin=0	 dropout=0	read_count=0	 write_count=0	 read_bytes=0	 write_bytes=0	
Time=14:04:45	CPU0 Usage=1.0	CPU0time_system=4933.51	CPU0time_idle=72109.59	ram_available=1229045760	ram_percent=41.4	swap_used=12263424	swap_percent=0.6	bytes_sent=6854	 bytes_recv=82111	 packets_sent=44	 packets_recv=70	 errin=0	 errout=0	 dropin=0	 dropout=0	read_count=0	 write_count=0	 read_bytes=0	 write_bytes=0	
Time=14:04:47	CPU0 Usage=1.5	CPU0time_system=4933.54	CPU0time_idle=72111.55	ram_available=1228742656	ram_percent=41.4	swap_used=12263424	swap_percent=0.6	bytes_sent=13161	 bytes_recv=155460	 packets_sent=89	 packets_recv=129	 errin=0	 errout=0	 dropin=0	 dropout=0	read_count=0	 write_count=0	 read_bytes=0	 write_bytes=0	
Time=14:04:49	CPU0 Usage=2.5	CPU0time_system=4933.59	CPU0time_idle=72113.48	ram_available=1228406784	ram_percent=41.4	swap_used=12263424	swap_percent=0.6	bytes_sent=17530	 bytes_recv=212737	 packets_sent=121	 packets_recv=181	 errin=0	 errout=0	 dropin=0	 dropout=0	read_count=0	 write_count=0	 read_bytes=0	 write_bytes=0	
Time=14:04:51	CPU0 Usage=2.0	CPU0time_system=4933.63	CPU0time_idle=72115.44	ram_available=1228312576	ram_percent=41.4	swap_used=12263424	swap_percent=0.6	bytes_sent=12530	 bytes_recv=147245	 packets_sent=87	 packets_recv=124	 errin=0	 errout=0	 dropin=0	 dropout=0	read_count=0	 write_count=0	 read_bytes=0	 write_bytes=0	
Time=14:04:53	CPU0 Usage=3.5	CPU0time_system=4933.68	CPU0time_idle=72117.36	ram_available=1227837440	ram_percent=41.5	swap_used=12263424	swap_percent=0.6	bytes_sent=23902	 bytes_recv=290407	 packets_sent=163	 packets_recv=247	 errin=0	 errout=0	 dropin=0	 dropout=0	read_count=0	 write_count=0	 read_bytes=0	 write_bytes=0	
Time=14:04:55	CPU0 Usage=2.5	CPU0time_system=4933.72	CPU0time_idle=72119.28	ram_available=1227538432	ram_percent=41.5	swap_used=12263424	swap_percent=0.6	bytes_sent=22921	 bytes_recv=281743	 packets_sent=157	 packets_recv=234	 errin=0	 errout=0	 dropin=0	 dropout=0	read_count=0	 write_count=0	 read_bytes=0	 write_bytes=0	
Time=14:04:57	CPU0 Usage=1.0	CPU0time_system=4933.74	CPU0time_idle=72121.26	ram_available=1227255808	ram_percent=41.5	swap_used=12263424	swap_percent=0.6	bytes_sent=7463	 bytes_recv=88702	 packets_sent=50	 packets_recv=75	 errin=0	 errout=0	 dropin=0	 dropout=0	read_count=0	 write_count=2	 read_bytes=0	 write_bytes=8192	
Time=14:05:00	CPU0 Usage=2.0	CPU0time_system=4933.77	CPU0time_idle=72123.22	ram_available=1227096064	ram_percent=41.5	swap_used=12263424	swap_percent=0.6	bytes_sent=7651	 bytes_recv=97155	 packets_sent=53	 packets_recv=81	 errin=0	 errout=0	 dropin=0	 dropout=0	read_count=0	 write_count=0	 read_bytes=0	 write_bytes=0	
Time=14:05:02	CPU0 Usage=3.0	CPU0time_system=4933.83	CPU0time_idle=72125.16	ram_available=1226874880	ram_percent=41.5	swap_used=12263424	swap_percent=0.6	bytes_sent=19253	 bytes_recv=230720	 packets_sent=132	 packets_recv=195	 errin=0	 errout=0	 dropin=0	 dropout=0	read_count=0	 write_count=0	 read_bytes=0	 write_bytes=0	
Time=14:05:04	CPU0 Usage=2.5	CPU0time_system=4933.88	CPU0time_idle=72127.1	ram_available=1226620928	ram_percent=41.5	swap_used=12263424	swap_percent=0.6	bytes_sent=16591	 bytes_recv=196697	 packets_sent=112	 packets_recv=165	 errin=0	 errout=0	 dropin=0	 dropout=0	read_count=0	 write_count=0	 read_bytes=0	 write_bytes=0	
Time=14:05:06	CPU0 Usage=1.0	CPU0time_system=4933.9	CPU0time_idle=72129.07	ram_available=1226428416	ram_percent=41.5	swap_used=12263424	swap_percent=0.6	bytes_sent=7558	 bytes_recv=94526	 packets_sent=51	 packets_recv=81	 errin=0	 errout=0	 dropin=0	 dropout=0	read_count=0	 write_count=0	 read_bytes=0	 write_bytes=0	
Time=14:05:08	CPU0 Usage=1.5	CPU0time_system=4933.92	CPU0time_idle=72131.02	ram_available=1226174464	ram_percent=41.5	swap_used=12263424	swap_percent=0.6	bytes_sent=13490	 bytes_recv=158137	 packets_sent=91	 packets_recv=136	 errin=0	 errout=0	 dropin=0	 dropout=0	read_count=0	 write_count=0	 read_bytes=0	 write_bytes=0	
Time=14:05:10	CPU0 Usage=2.5	CPU0time_system=4933.96	CPU0time_idle=72132.96	ram_available=1225887744	ram_percent=41.6	swap_used=12263424	swap_percent=0.6	bytes_sent=17322	 bytes_recv=206615	 packets_sent=119	 packets_recv=181	 errin=0	 errout=0	 dropin=0	 dropout=0	read_count=0	 write_count=0	 read_bytes=0	 write_bytes=0	
Time=14:05:12	CPU0 Usage=3.0	CPU0time_system=4934.0	CPU0time_idle=72134.91	ram_available=1237962752	ram_percent=41.0	swap_used=12263424	swap_percent=0.6	bytes_sent=13036	 bytes_recv=171682	 packets_sent=89	 packets_recv=143	 errin=0	 errout=0	 dropin=0	 dropout=0	read_count=0	 write_count=0	 read_bytes=0	 write_bytes=0	
Time=14:05:14	CPU0 Usage=2.0	CPU0time_system=4934.04	CPU0time_idle=72136.87	ram_available=1237880832	ram_percent=41.0	swap_used=12263424	swap_percent=0.6	bytes_sent=23129	 bytes_recv=108470	 packets_sent=67	 packets_recv=98	 errin=0	 errout=0	 dropin=0	 dropout=0	read_count=0	 write_count=0	 read_bytes=0	 write_bytes=0	
Time=14:05:16	CPU0 Usage=0.0	CPU0time_system=4934.04	CPU0time_idle=72138.85	ram_available=1237979136	ram_percent=41.0	swap_used=12263424	swap_percent=0.6	bytes_sent=5246	 bytes_recv=60642	 packets_sent=35	 packets_recv=48	 errin=0	 errout=0	 dropin=0	 dropout=0	read_count=0	 write_count=0	 read_bytes=0	 write_bytes=0	
Time=14:05:18	CPU0 Usage=2.5	CPU0time_system=4934.08	CPU0time_idle=72140.8	ram_available=1238175744	ram_percent=41.0	swap_used=12263424	swap_percent=0.6	bytes_sent=15717	 bytes_recv=184703	 packets_sent=103	 packets_recv=158	 errin=0	 errout=0	 dropin=0	 dropout=0	read_count=0	 write_count=0	 read_bytes=0	 write_bytes=0	
Time=14:05:20	CPU0 Usage=1.0	CPU0time_system=4934.1	CPU0time_idle=72142.73	ram_available=1238110208	ram_percent=41.0	swap_used=12263424	swap_percent=0.6	bytes_sent=19330	 bytes_recv=230751	 packets_sent=129	 packets_recv=192	 errin=0	 errout=0	 dropin=0	 dropout=0	read_count=0	 write_count=0	 read_bytes=0	 write_bytes=0	
Time=14:05:22	CPU0 Usage=2.0	CPU0time_system=4934.14	CPU0time_idle=72144.68	ram_available=1237983232	ram_percent=41.0	swap_used=12263424	swap_percent=0.6	bytes_sent=17048	 bytes_recv=201512	 packets_sent=116	 packets_recv=175	 errin=0	 errout=0	 dropin=0	 dropout=0	read_count=0	 write_count=0	 read_bytes=0	 write_bytes=0	
Time=14:05:24	CPU0 Usage=3.5	CPU0time_system=4934.19	CPU0time_idle=72146.61	ram_available=1237762048	ram_percent=41.0	swap_used=12263424	swap_percent=0.6	bytes_sent=20069	 bytes_recv=252779	 packets_sent=135	 packets_recv=209	 errin=0	 errout=0	 dropin=0	 dropout=0	read_count=0	 write_count=0	 read_bytes=0	 write_bytes=0	
Time=14:05:26	CPU0 Usage=0.5	CPU0time_system=4934.2	CPU0time_idle=72148.59	ram_available=1237700608	ram_percent=41.0	swap_used=12263424	swap_percent=0.6	bytes_sent=5751	 bytes_recv=57271	 packets_sent=40	 packets_recv=52	 errin=0	 errout=0	 dropin=0	 dropout=0	read_count=0	 write_count=0	 read_bytes=0	 write_bytes=0	
Time=14:05:28	CPU0 Usage=2.0	CPU0time_system=4934.23	CPU0time_idle=72150.55	ram_available=1237540864	ram_percent=41.0	swap_used=12263424	swap_percent=0.6	bytes_sent=10608	 bytes_recv=126454	 packets_sent=71	 packets_recv=105	 errin=0	 errout=0	 dropin=0	 dropout=0	read_count=0	 write_count=0	 read_bytes=0	 write_bytes=0	
Time=14:05:30	CPU0 Usage=2.5	CPU0time_system=4934.28	CPU0time_idle=72152.49	ram_available=1236996096	ram_percent=41.0	swap_used=12263424	swap_percent=0.6	bytes_sent=17318	 bytes_recv=223729	 packets_sent=119	 packets_recv=182	 errin=0	 errout=0	 dropin=0	 dropout=0	read_count=0	 write_count=0	 read_bytes=0	 write_bytes=0	
Time=14:05:32	CPU0 Usage=2.5	CPU0time_system=4934.31	CPU0time_idle=72154.44	ram_available=1236680704	ram_percent=41.0	swap_used=12263424	swap_percent=0.6	bytes_sent=15207	 bytes_recv=193725	 packets_sent=105	 packets_recv=161	 errin=0	 errout=0	 dropin=0	 dropout=0	read_count=0	 write_count=0	 read_bytes=0	 write_bytes=0	
Time=14:05:34	CPU0 Usage=1.5	CPU0time_system=4934.33	CPU0time_idle=72156.41	ram_available=1236619264	ram_percent=41.0	swap_used=12263424	swap_percent=0.6	bytes_sent=10517	 bytes_recv=126191	 packets_sent=73	 packets_recv=111	 errin=0	 errout=0	 dropin=0	 dropout=0	read_count=0	 write_count=0	 read_bytes=0	 write_bytes=0	
Time=14:05:36	CPU0 Usage=5.0	CPU0time_system=4934.4	CPU0time_idle=72158.32	ram_available=1236013056	ram_percent=41.1	swap_used=12263424	swap_percent=0.6	bytes_sent=29420	 bytes_recv=358320	 packets_sent=201	 packets_recv=303	 errin=0	 errout=0	 dropin=0	 dropout=0	read_count=0	 write_count=0	 read_bytes=0	 write_bytes=0	
Time=14:05:38	CPU0 Usage=2.0	CPU0time_system=4934.42	CPU0time_idle=72160.26	ram_available=1235566592	ram_percent=41.1	swap_used=12263424	swap_percent=0.6	bytes_sent=16838	 bytes_recv=206682	 packets_sent=112	 packets_recv=174	 errin=0	 errout=0	 dropin=0	 dropout=0	read_count=0	 write_count=0	 read_bytes=0	 write_bytes=0	
Time=14:05:40	CPU0 Usage=1.5	CPU0time_system=4934.45	CPU0time_idle=72162.21	ram_available=1235406848	ram_percent=41.1	swap_used=12263424	swap_percent=0.6	bytes_sent=12999	 bytes_recv=156800	 packets_sent=89	 packets_recv=134	 errin=0	 errout=0	 dropin=0	 dropout=0	read_count=0	 write_count=0	 read_bytes=0	 write_bytes=0	
Time=14:05:42	CPU0 Usage=0.0	CPU0time_system=4934.45	CPU0time_idle=72164.2	ram_available=1235406848	ram_percent=41.1	swap_used=12263424	swap_percent=0.6	bytes_sent=0	 bytes_recv=0	 packets_sent=0	 packets_recv=0	 errin=0	 errout=0	 dropin=0	 dropout=0	read_count=0	 write_count=0	 read_bytes=0	 write_bytes=0	
Time=14:05:44	CPU0 Usage=1.5	CPU0time_system=4934.45	CPU0time_idle=72166.16	ram_available=1235312640	ram_percent=41.1	swap_used=12263424	swap_percent=0.6	bytes_sent=12299	 bytes_recv=151616	 packets_sent=85	 packets_recv=130	 errin=0	 errout=0	 dropin=0	 dropout=0	read_count=0	 write_count=0	 read_bytes=0	 write_bytes=0	
Time=14:05:46	CPU0 Usage=2.5	CPU0time_system=4934.48	CPU0time_idle=72168.1	ram_available=1234997248	ram_percent=41.1	swap_used=12263424	swap_percent=0.6	bytes_sent=15934	 bytes_recv=194972	 packets_sent=106	 packets_recv=163	 errin=0	 errout=0	 dropin=0	 dropout=0	read_count=0	 write_count=0	 read_bytes=0	 write_bytes=0	
Time=14:05:48	CPU0 Usage=1.5	CPU0time_system=4934.51	CPU0time_idle=72170.08	ram_available=1235062784	ram_percent=41.1	swap_used=12263424	swap_percent=0.6	bytes_sent=6126	 bytes_recv=73674	 packets_sent=40	 packets_recv=68	 errin=0	 errout=0	 dropin=0	 dropout=0	read_count=0	 write_count=0	 read_bytes=0	 write_bytes=0	
Time=14:05:50	CPU0 Usage=1.5	CPU0time_system=4934.54	CPU0time_idle=72172.04	ram_available=1234808832	ram_percent=41.1	swap_used=12263424	swap_percent=0.6	bytes_sent=10134	 bytes_recv=125750	 packets_sent=68	 packets_recv=106	 errin=0	 errout=0	 dropin=0	 dropout=0	read_count=0	 write_count=0	 read_bytes=0	 write_bytes=0	
Time=14:05:52	CPU0 Usage=1.0	CPU0time_system=4934.56	CPU0time_idle=72174.02	ram_available=1234681856	ram_percent=41.1	swap_used=12263424	swap_percent=0.6	bytes_sent=5557	 bytes_recv=69559	 packets_sent=37	 packets_recv=59	 errin=0	 errout=0	 dropin=0	 dropout=0	read_count=0	 write_count=0	 read_bytes=0	 write_bytes=0	
Time=14:05:54	CPU0 Usage=3.5	CPU0time_system=4934.62	CPU0time_idle=72175.77	ram_available=1233981440	ram_percent=41.2	swap_used=12263424	swap_percent=0.6	bytes_sent=8811	 bytes_recv=110023	 packets_sent=63	 packets_recv=96	 errin=0	 errout=0	 dropin=0	 dropout=0	read_count=60	 write_count=0	 read_bytes=499712	 write_bytes=0	
Time=14:05:56	CPU0 Usage=1.0	CPU0time_system=4934.64	CPU0time_idle=72177.74	ram_available=1233981440	ram_percent=41.2	swap_used=12263424	swap_percent=0.6	bytes_sent=8070	 bytes_recv=98693	 packets_sent=54	 packets_recv=85	 errin=0	 errout=0	 dropin=0	 dropout=0	read_count=0	 write_count=0	 read_bytes=0	 write_bytes=0	
Time=14:05:58	CPU0 Usage=2.0	CPU0time_system=4934.67	CPU0time_idle=72179.69	ram_available=1233915904	ram_percent=41.2	swap_used=12263424	swap_percent=0.6	bytes_sent=13495	 bytes_recv=158578	 packets_sent=87	 packets_recv=130	 errin=0	 errout=0	 dropin=0	 dropout=0	read_count=0	 write_count=0	 read_bytes=0	 write_bytes=0	
Time=14:06:00	CPU0 Usage=0.5	CPU0time_system=4934.68	CPU0time_idle=72181.66	ram_available=1233895424	ram_percent=41.2	swap_used=12263424	swap_percent=0.6	bytes_sent=6085	 bytes_recv=75721	 packets_sent=42	 packets_recv=63	 errin=0	 errout=0	 dropin=0	 dropout=0	read_count=0	 write_count=22	 read_bytes=0	 write_bytes=163840	
Time=14:06:02	CPU0 Usage=3.0	CPU0time_system=4934.73	CPU0time_idle=72183.61	ram_available=1233702912	ram_percent=41.2	swap_used=12263424	swap_percent=0.6	bytes_sent=13564	 bytes_recv=163701	 packets_sent=91	 packets_recv=137	 errin=0	 errout=0	 dropin=0	 dropout=0	read_count=0	 write_count=0	 read_bytes=0	 write_bytes=0	
Time=14:06:04	CPU0 Usage=1.0	CPU0time_system=4934.75	CPU0time_idle=72185.58	ram_available=1233383424	ram_percent=41.2	swap_used=12263424	swap_percent=0.6	bytes_sent=22613	 bytes_recv=104355	 packets_sent=64	 packets_recv=96	 errin=0	 errout=0	 dropin=0	 dropout=0	read_count=0	 write_count=0	 read_bytes=0	 write_bytes=0	
Time=14:06:06	CPU0 Usage=1.0	CPU0time_system=4934.77	CPU0time_idle=72187.55	ram_available=1233256448	ram_percent=41.2	swap_used=12263424	swap_percent=0.6	bytes_sent=8766	 bytes_recv=95771	 packets_sent=58	 packets_recv=83	 errin=0	 errout=0	 dropin=0	 dropout=0	read_count=0	 write_count=0	 read_bytes=0	 write_bytes=0	
Time=14:06:08	CPU0 Usage=2.0	CPU0time_system=4934.81	CPU0time_idle=72189.49	ram_available=1232908288	ram_percent=41.2	swap_used=12263424	swap_percent=0.6	bytes_sent=16391	 bytes_recv=201620	 packets_sent=110	 packets_recv=166	 errin=0	 errout=0	 dropin=0	 dropout=0	read_count=0	 write_count=0	 read_bytes=0	 write_bytes=0	
Time=14:06:10	CPU0 Usage=3.5	CPU0time_system=4934.88	CPU0time_idle=72191.41	ram_available=1232273408	ram_percent=41.3	swap_used=12263424	swap_percent=0.6	bytes_sent=24353	 bytes_recv=306526	 packets_sent=165	 packets_recv=253	 errin=0	 errout=0	 dropin=0	 dropout=0	read_count=0	 write_count=0	 read_bytes=0	 write_bytes=0	
Time=14:06:12	CPU0 Usage=1.0	CPU0time_system=4934.9	CPU0time_idle=72193.38	ram_available=1232306176	ram_percent=41.2	swap_used=12263424	swap_percent=0.6	bytes_sent=7473	 bytes_recv=88164	 packets_sent=51	 packets_recv=78	 errin=0	 errout=0	 dropin=0	 dropout=0	read_count=0	 write_count=0	 read_bytes=0	 write_bytes=0	
Time=14:06:14	CPU0 Usage=1.5	CPU0time_system=4934.93	CPU0time_idle=72195.33	ram_available=1231958016	ram_percent=41.3	swap_used=12263424	swap_percent=0.6	bytes_sent=16559	 bytes_recv=200411	 packets_sent=113	 packets_recv=170	 errin=0	 errout=0	 dropin=0	 dropout=0	read_count=0	 write_count=0	 read_bytes=0	 write_bytes=0	
Time=14:06:16	CPU0 Usage=1.5	CPU0time_system=4934.96	CPU0time_idle=72197.29	ram_available=1231831040	ram_percent=41.3	swap_used=12263424	swap_percent=0.6	bytes_sent=11958	 bytes_recv=139107	 packets_sent=79	 packets_recv=118	 errin=0	 errout=0	 dropin=0	 dropout=0	read_count=0	 write_count=0	 read_bytes=0	 write_bytes=0	
Time=14:06:18	CPU0 Usage=0.0	CPU0time_system=4934.96	CPU0time_idle=72199.27	ram_available=1231638528	ram_percent=41.3	swap_used=12263424	swap_percent=0.6	bytes_sent=3605	 bytes_recv=40086	 packets_sent=23	 packets_recv=35	 errin=0	 errout=0	 dropin=0	 dropout=0	read_count=0	 write_count=0	 read_bytes=0	 write_bytes=0	
Time=14:06:20	CPU0 Usage=2.0	CPU0time_system=4935.0	CPU0time_idle=72201.21	ram_available=1231351808	ram_percent=41.3	swap_used=12263424	swap_percent=0.6	bytes_sent=17773	 bytes_recv=211960	 packets_sent=123	 packets_recv=179	 errin=0	 errout=0	 dropin=0	 dropout=0	read_count=0	 write_count=0	 read_bytes=0	 write_bytes=0	
Time=14:06:22	CPU0 Usage=2.0	CPU0time_system=4935.04	CPU0time_idle=72203.15	ram_available=1231003648	ram_percent=41.3	swap_used=12263424	swap_percent=0.6	bytes_sent=16598	 bytes_recv=204391	 packets_sent=113	 packets_recv=172	 errin=0	 errout=0	 dropin=0	 dropout=0	read_count=0	 write_count=0	 read_bytes=0	 write_bytes=0	
Time=14:06:24	CPU0 Usage=2.5	CPU0time_system=4935.09	CPU0time_idle=72205.1	ram_available=1230688256	ram_percent=41.3	swap_used=12263424	swap_percent=0.6	bytes_sent=16628	 bytes_recv=201643	 packets_sent=113	 packets_recv=174	 errin=0	 errout=0	 dropin=0	 dropout=0	read_count=0	 write_count=2	 read_bytes=0	 write_bytes=8192	
Time=14:06:26	CPU0 Usage=0.5	CPU0time_system=4935.1	CPU0time_idle=72207.08	ram_available=1230688256	ram_percent=41.3	swap_used=12263424	swap_percent=0.6	bytes_sent=2173	 bytes_recv=19994	 packets_sent=14	 packets_recv=20	 errin=0	 errout=0	 dropin=0	 dropout=0	read_count=0	 write_count=0	 read_bytes=0	 write_bytes=0	
Time=14:06:28	CPU0 Usage=1.0	CPU0time_system=4935.12	CPU0time_idle=72209.04	ram_available=1230499840	ram_percent=41.3	swap_used=12263424	swap_percent=0.6	bytes_sent=14882	 bytes_recv=177937	 packets_sent=96	 packets_recv=148	 errin=0	 errout=0	 dropin=0	 dropout=0	read_count=0	 write_count=0	 read_bytes=0	 write_bytes=0	
Time=14:06:30	CPU0 Usage=2.0	CPU0time_system=4935.16	CPU0time_idle=72211.0	ram_available=1230376960	ram_percent=41.3	swap_used=12263424	swap_percent=0.6	bytes_sent=9745	 bytes_recv=116119	 packets_sent=68	 packets_recv=102	 errin=0	 errout=0	 dropin=0	 dropout=0	read_count=0	 write_count=2	 read_bytes=0	 write_bytes=8192	
Time=14:06:32	CPU0 Usage=1.5	CPU0time_system=4935.19	CPU0time_idle=72212.95	ram_available=1230188544	ram_percent=41.3	swap_used=12263424	swap_percent=0.6	bytes_sent=15410	 bytes_recv=182766	 packets_sent=103	 packets_recv=151	 errin=0	 errout=0	 dropin=0	 dropout=0	read_count=0	 write_count=0	 read_bytes=0	 write_bytes=0	
Time=14:06:34	CPU0 Usage=2.0	CPU0time_system=4935.23	CPU0time_idle=72214.9	ram_available=1229934592	ram_percent=41.4	swap_used=12263424	swap_percent=0.6	bytes_sent=15030	 bytes_recv=194488	 packets_sent=102	 packets_recv=154	 errin=0	 errout=0	 dropin=0	 dropout=0	read_count=0	 write_count=34	 read_bytes=0	 write_bytes=147456	
Time=14:06:36	CPU0 Usage=3.0	CPU0time_system=4935.28	CPU0time_idle=72216.84	ram_available=1229807616	ram_percent=41.4	swap_used=12263424	swap_percent=0.6	bytes_sent=14641	 bytes_recv=178681	 packets_sent=101	 packets_recv=149	 errin=0	 errout=0	 dropin=0	 dropout=0	read_count=0	 write_count=0	 read_bytes=0	 write_bytes=0	
Time=14:06:38	CPU0 Usage=1.0	CPU0time_system=4935.3	CPU0time_idle=72218.81	ram_available=1229520896	ram_percent=41.4	swap_used=12263424	swap_percent=0.6	bytes_sent=8053	 bytes_recv=93396	 packets_sent=53	 packets_recv=81	 errin=0	 errout=0	 dropin=0	 dropout=0	read_count=0	 write_count=0	 read_bytes=0	 write_bytes=0	
Time=14:06:40	CPU0 Usage=0.0	CPU0time_system=4935.3	CPU0time_idle=72220.79	ram_available=1229488128	ram_percent=41.4	swap_used=12263424	swap_percent=0.6	bytes_sent=5175	 bytes_recv=57194	 packets_sent=33	 packets_recv=49	 errin=0	 errout=0	 dropin=0	 dropout=0	read_count=0	 write_count=0	 read_bytes=0	 write_bytes=0	
Time=14:06:42	CPU0 Usage=1.5	CPU0time_system=4935.33	CPU0time_idle=72222.76	ram_available=1229295616	ram_percent=41.4	swap_used=12263424	swap_percent=0.6	bytes_sent=8500	 bytes_recv=97555	 packets_sent=60	 packets_recv=92	 errin=0	 errout=0	 dropin=0	 dropout=0	read_count=0	 write_count=0	 read_bytes=0	 write_bytes=0	
Time=14:06:44	CPU0 Usage=1.0	CPU0time_system=4935.35	CPU0time_idle=72224.72	ram_available=1229103104	ram_percent=41.4	swap_used=12263424	swap_percent=0.6	bytes_sent=8735	 bytes_recv=105643	 packets_sent=60	 packets_recv=90	 errin=0	 errout=0	 dropin=0	 dropout=0	read_count=0	 write_count=0	 read_bytes=0	 write_bytes=0	
Time=14:06:46	CPU0 Usage=1.5	CPU0time_system=4935.38	CPU0time_idle=72226.68	ram_available=1228754944	ram_percent=41.4	swap_used=12263424	swap_percent=0.6	bytes_sent=11096	 bytes_recv=136489	 packets_sent=73	 packets_recv=114	 errin=0	 errout=0	 dropin=0	 dropout=0	read_count=0	 write_count=0	 read_bytes=0	 write_bytes=0	
Time=14:06:48	CPU0 Usage=3.0	CPU0time_system=4935.43	CPU0time_idle=72228.62	ram_available=1228468224	ram_percent=41.4	swap_used=12263424	swap_percent=0.6	bytes_sent=18867	 bytes_recv=225406	 packets_sent=128	 packets_recv=197	 errin=0	 errout=0	 dropin=0	 dropout=0	read_count=0	 write_count=0	 read_bytes=0	 write_bytes=0	
Time=14:06:50	CPU0 Usage=0.5	CPU0time_system=4935.44	CPU0time_idle=72230.6	ram_available=1228374016	ram_percent=41.4	swap_used=12263424	swap_percent=0.6	bytes_sent=5084	 bytes_recv=56133	 packets_sent=32	 packets_recv=48	 errin=0	 errout=0	 dropin=0	 dropout=0	read_count=0	 write_count=0	 read_bytes=0	 write_bytes=0	
Time=14:06:52	CPU0 Usage=3.0	CPU0time_system=4935.49	CPU0time_idle=72232.53	ram_available=1228185600	ram_percent=41.4	swap_used=12263424	swap_percent=0.6	bytes_sent=21642	 bytes_recv=259887	 packets_sent=147	 packets_recv=215	 errin=0	 errout=0	 dropin=0	 dropout=0	read_count=0	 write_count=0	 read_bytes=0	 write_bytes=0	
Time=14:06:54	CPU0 Usage=0.5	CPU0time_system=4935.5	CPU0time_idle=72234.49	ram_available=1227898880	ram_percent=41.5	swap_used=12263424	swap_percent=0.6	bytes_sent=11973	 bytes_recv=148294	 packets_sent=82	 packets_recv=124	 errin=0	 errout=0	 dropin=0	 dropout=0	read_count=0	 write_count=0	 read_bytes=0	 write_bytes=0	
Time=14:06:56	CPU0 Usage=3.0	CPU0time_system=4935.56	CPU0time_idle=72236.4	ram_available=1227358208	ram_percent=41.5	swap_used=12263424	swap_percent=0.6	bytes_sent=40944	 bytes_recv=326323	 packets_sent=188	 packets_recv=271	 errin=0	 errout=0	 dropin=0	 dropout=0	read_count=0	 write_count=0	 read_bytes=0	 write_bytes=0	
Time=14:06:58	CPU0 Usage=3.5	CPU0time_system=4935.63	CPU0time_idle=72238.34	ram_available=1227137024	ram_percent=41.5	swap_used=12263424	swap_percent=0.6	bytes_sent=18822	 bytes_recv=215432	 packets_sent=128	 packets_recv=189	 errin=0	 errout=0	 dropin=0	 dropout=0	read_count=0	 write_count=0	 read_bytes=0	 write_bytes=0	
Time=14:07:00	CPU0 Usage=2.0	CPU0time_system=4935.66	CPU0time_idle=72240.29	ram_available=1227075584	ram_percent=41.5	swap_used=12263424	swap_percent=0.6	bytes_sent=14188	 bytes_recv=161982	 packets_sent=93	 packets_recv=138	 errin=0	 errout=0	 dropin=0	 dropout=0	read_count=0	 write_count=0	 read_bytes=0	 write_bytes=0	
Time=14:07:02	CPU0 Usage=1.5	CPU0time_system=4935.69	CPU0time_idle=72242.26	ram_available=1226981376	ram_percent=41.5	swap_used=12263424	swap_percent=0.6	bytes_sent=9473	 bytes_recv=116081	 packets_sent=63	 packets_recv=100	 errin=0	 errout=0	 dropin=0	 dropout=0	read_count=0	 write_count=0	 read_bytes=0	 write_bytes=0	
Time=14:07:04	CPU0 Usage=1.5	CPU0time_system=4935.72	CPU0time_idle=72244.22	ram_available=1226727424	ram_percent=41.5	swap_used=12263424	swap_percent=0.6	bytes_sent=11437	 bytes_recv=138307	 packets_sent=76	 packets_recv=113	 errin=0	 errout=0	 dropin=0	 dropout=0	read_count=0	 write_count=0	 read_bytes=0	 write_bytes=0	
Time=14:07:06	CPU0 Usage=0.5	CPU0time_system=4935.73	CPU0time_idle=72246.19	ram_available=1226694656	ram_percent=41.5	swap_used=12263424	swap_percent=0.6	bytes_sent=6815	 bytes_recv=80746	 packets_sent=49	 packets_recv=70	 errin=0	 errout=0	 dropin=0	 dropout=0	read_count=0	 write_count=0	 read_bytes=0	 write_bytes=0	
Time=14:07:08	CPU0 Usage=2.0	CPU0time_system=4935.77	CPU0time_idle=72248.14	ram_available=1226473472	ram_percent=41.5	swap_used=12263424	swap_percent=0.6	bytes_sent=16868	 bytes_recv=199233	 packets_sent=116	 packets_recv=170	 errin=0	 errout=0	 dropin=0	 dropout=0	read_count=0	 write_count=0	 read_bytes=0	 write_bytes=0	
Time=14:07:10	CPU0 Usage=0.5	CPU0time_system=4935.78	CPU0time_idle=72250.11	ram_available=1237614592	ram_percent=41.0	swap_used=12263424	swap_percent=0.6	bytes_sent=2313	 bytes_recv=28056	 packets_sent=15	 packets_recv=24	 errin=0	 errout=0	 dropin=0	 dropout=0	read_count=0	 write_count=0	 read_bytes=0	 write_bytes=0	
Time=14:07:12	CPU0 Usage=2.5	CPU0time_system=4935.83	CPU0time_idle=72252.06	ram_available=1237647360	ram_percent=41.0	swap_used=12263424	swap_percent=0.6	bytes_sent=14851	 bytes_recv=177054	 packets_sent=102	 packets_recv=152	 errin=0	 errout=0	 dropin=0	 dropout=0	read_count=0	 write_count=0	 read_bytes=0	 write_bytes=0	
Time=14:07:14	CPU0 Usage=1.0	CPU0time_system=4935.85	CPU0time_idle=72254.02	ram_available=1237581824	ram_percent=41.0	swap_used=12263424	swap_percent=0.6	bytes_sent=11253	 bytes_recv=142789	 packets_sent=76	 packets_recv=116	 errin=0	 errout=0	 dropin=0	 dropout=0	read_count=0	 write_count=0	 read_bytes=0	 write_bytes=0	
Time=14:07:16	CPU0 Usage=2.5	CPU0time_system=4935.9	CPU0time_idle=72255.97	ram_available=1237549056	ram_percent=41.0	swap_used=12263424	swap_percent=0.6	bytes_sent=15773	 bytes_recv=193312	 packets_sent=107	 packets_recv=161	 errin=0	 errout=0	 dropin=0	 dropout=0	read_count=0	 write_count=0	 read_bytes=0	 write_bytes=0	
Time=14:07:18	CPU0 Usage=1.0	CPU0time_system=4935.92	CPU0time_idle=72257.94	ram_available=1237483520	ram_percent=41.0	swap_used=12263424	swap_percent=0.6	bytes_sent=9636	 bytes_recv=115462	 packets_sent=67	 packets_recv=100	 errin=0	 errout=0	 dropin=0	 dropout=0	read_count=0	 write_count=0	 read_bytes=0	 write_bytes=0	
Time=14:07:20	CPU0 Usage=1.0	CPU0time_system=4935.94	CPU0time_idle=72259.88	ram_available=1237516288	ram_percent=41.0	swap_used=12263424	swap_percent=0.6	bytes_sent=15528	 bytes_recv=192871	 packets_sent=107	 packets_recv=162	 errin=0	 errout=0	 dropin=0	 dropout=0	read_count=0	 write_count=0	 read_bytes=0	 write_bytes=0	
Time=14:07:22	CPU0 Usage=2.5	CPU0time_system=4935.99	CPU0time_idle=72261.82	ram_available=1237581824	ram_percent=41.0	swap_used=12263424	swap_percent=0.6	bytes_sent=18052	 bytes_recv=221153	 packets_sent=125	 packets_recv=186	 errin=0	 errout=0	 dropin=0	 dropout=0	read_count=0	 write_count=0	 read_bytes=0	 write_bytes=0	
Time=14:07:24	CPU0 Usage=3.5	CPU0time_system=4936.06	CPU0time_idle=72263.77	ram_available=1237516288	ram_percent=41.0	swap_used=12263424	swap_percent=0.6	bytes_sent=16685	 bytes_recv=210902	 packets_sent=112	 packets_recv=175	 errin=0	 errout=0	 dropin=0	 dropout=0	read_count=0	 write_count=0	 read_bytes=0	 write_bytes=0	
Time=14:07:26	CPU0 Usage=2.5	CPU0time_system=4936.1	CPU0time_idle=72265.7	ram_available=1237422080	ram_percent=41.0	swap_used=12263424	swap_percent=0.6	bytes_sent=18675	 bytes_recv=224768	 packets_sent=126	 packets_recv=186	 errin=0	 errout=0	 dropin=0	 dropout=0	read_count=0	 write_count=0	 read_bytes=0	 write_bytes=0	
Time=14:07:28	CPU0 Usage=1.0	CPU0time_system=4936.11	CPU0time_idle=72267.66	ram_available=1237200896	ram_percent=41.0	swap_used=12263424	swap_percent=0.6	bytes_sent=11614	 bytes_recv=144149	 packets_sent=80	 packets_recv=120	 errin=0	 errout=0	 dropin=0	 dropout=0	read_count=0	 write_count=0	 read_bytes=0	 write_bytes=0	
Time=14:07:30	CPU0 Usage=1.5	CPU0time_system=4936.14	CPU0time_idle=72269.6	ram_available=1236832256	ram_percent=41.0	swap_used=12263424	swap_percent=0.6	bytes_sent=19050	 bytes_recv=222044	 packets_sent=133	 packets_recv=190	 errin=0	 errout=0	 dropin=0	 dropout=0	read_count=0	 write_count=0	 read_bytes=0	 write_bytes=0	
Time=14:07:32	CPU0 Usage=0.5	CPU0time_system=4936.15	CPU0time_idle=72271.59	ram_available=1236639744	ram_percent=41.0	swap_used=12263424	swap_percent=0.6	bytes_sent=1541	 bytes_recv=22634	 packets_sent=11	 packets_recv=22	 errin=0	 errout=0	 dropin=0	 dropout=0	read_count=0	 write_count=0	 read_bytes=0	 write_bytes=0	
Time=14:07:34	CPU0 Usage=3.0	CPU0time_system=4936.2	CPU0time_idle=72273.53	ram_available=1236451328	ram_percent=41.1	swap_used=12263424	swap_percent=0.6	bytes_sent=19672	 bytes_recv=237080	 packets_sent=131	 packets_recv=196	 errin=0	 errout=0	 dropin=0	 dropout=0	read_count=0	 write_count=0	 read_bytes=0	 write_bytes=0	
Time=14:07:36	CPU0 Usage=2.0	CPU0time_system=4936.24	CPU0time_idle=72275.48	ram_available=1236230144	ram_percent=41.1	swap_used=12263424	swap_percent=0.6	bytes_sent=12996	 bytes_recv=165403	 packets_sent=90	 packets_recv=139	 errin=0	 errout=0	 dropin=0	 dropout=0	read_count=0	 write_count=0	 read_bytes=0	 write_bytes=0	
Time=14:07:38	CPU0 Usage=1.0	CPU0time_system=4936.26	CPU0time_idle=72277.45	ram_available=1236004864	ram_percent=41.1	swap_used=12263424	swap_percent=0.6	bytes_sent=7248	 bytes_recv=89872	 packets_sent=49	 packets_recv=75	 errin=0	 errout=0	 dropin=0	 dropout=0	read_count=0	 write_count=0	 read_bytes=0	 write_bytes=0	
Time=14:07:40	CPU0 Usage=2.0	CPU0time_system=4936.3	CPU0time_idle=72279.41	ram_available=1235783680	ram_percent=41.1	swap_used=12263424	swap_percent=0.6	bytes_sent=11101	 bytes_recv=141382	 packets_sent=75	 packets_recv=119	 errin=0	 errout=0	 dropin=0	 dropout=0	read_count=0	 write_count=0	 read_bytes=0	 write_bytes=0	
Time=14:07:42	CPU0 Usage=3.5	CPU0time_system=4936.36	CPU0time_idle=72281.34	ram_available=1235435520	ram_percent=41.1	swap_used=12263424	swap_percent=0.6	bytes_sent=21829	 bytes_recv=263603	 packets_sent=148	 packets_recv=226	 errin=0	 errout=0	 dropin=0	 dropout=0	read_count=0	 write_count=0	 read_bytes=0	 write_bytes=0	
Time=14:07:44	CPU0 Usage=1.5	CPU0time_system=4936.39	CPU0time_idle=72283.31	ram_available=1235341312	ram_percent=41.1	swap_used=12263424	swap_percent=0.6	bytes_sent=8663	 bytes_recv=104413	 packets_sent=59	 packets_recv=89	 errin=0	 errout=0	 dropin=0	 dropout=0	read_count=0	 write_count=0	 read_bytes=0	 write_bytes=0	
Time=14:07:46	CPU0 Usage=1.0	CPU0time_system=4936.41	CPU0time_idle=72285.28	ram_available=1235214336	ram_percent=41.1	swap_used=12263424	swap_percent=0.6	bytes_sent=21051	 bytes_recv=79582	 packets_sent=55	 packets_recv=75	 errin=0	 errout=0	 dropin=0	 dropout=0	read_count=0	 write_count=0	 read_bytes=0	 write_bytes=0	
Time=14:07:48	CPU0 Usage=2.5	CPU0time_system=4936.46	CPU0time_idle=72287.23	ram_available=1234960384	ram_percent=41.1	swap_used=12263424	swap_percent=0.6	bytes_sent=15958	 bytes_recv=193274	 packets_sent=109	 packets_recv=165	 errin=0	 errout=0	 dropin=0	 dropout=0	read_count=0	 write_count=0	 read_bytes=0	 write_bytes=0	
Time=14:07:50	CPU0 Usage=1.5	CPU0time_system=4936.48	CPU0time_idle=72289.2	ram_available=1234866176	ram_percent=41.1	swap_used=12263424	swap_percent=0.6	bytes_sent=6388	 bytes_recv=74138	 packets_sent=44	 packets_recv=66	 errin=0	 errout=0	 dropin=0	 dropout=0	read_count=0	 write_count=0	 read_bytes=0	 write_bytes=0	
Time=14:07:52	CPU0 Usage=1.5	CPU0time_system=4936.51	CPU0time_idle=72291.15	ram_available=1234739200	ram_percent=41.1	swap_used=12263424	swap_percent=0.6	bytes_sent=15365	 bytes_recv=179994	 packets_sent=105	 packets_recv=156	 errin=0	 errout=0	 dropin=0	 dropout=0	read_count=0	 write_count=0	 read_bytes=0	 write_bytes=0	
Time=14:07:54	CPU0 Usage=1.5	CPU0time_system=4936.53	CPU0time_idle=72293.11	ram_available=1234485248	ram_percent=41.1	swap_used=12263424	swap_percent=0.6	bytes_sent=11341	 bytes_recv=140521	 packets_sent=75	 packets_recv=116	 errin=0	 errout=0	 dropin=0	 dropout=0	read_count=0	 write_count=0	 read_bytes=0	 write_bytes=0	
Time=14:07:56	CPU0 Usage=1.5	CPU0time_system=4936.55	CPU0time_idle=72295.06	ram_available=1234292736	ram_percent=41.2	swap_used=12263424	swap_percent=0.6	bytes_sent=13229	 bytes_recv=151386	 packets_sent=87	 packets_recv=136	 errin=0	 errout=0	 dropin=0	 dropout=0	read_count=0	 write_count=0	 read_bytes=0	 write_bytes=0	
Time=14:07:58	CPU0 Usage=3.0	CPU0time_system=4936.59	CPU0time_idle=72297.0	ram_available=1234071552	ram_percent=41.2	swap_used=12263424	swap_percent=0.6	bytes_sent=17823	 bytes_recv=212040	 packets_sent=120	 packets_recv=181	 errin=0	 errout=0	 dropin=0	 dropout=0	read_count=0	 write_count=0	 read_bytes=0	 write_bytes=0	
Time=14:08:00	CPU0 Usage=1.0	CPU0time_system=4936.6	CPU0time_idle=72298.96	ram_available=1233977344	ram_percent=41.2	swap_used=12263424	swap_percent=0.6	bytes_sent=11372	 bytes_recv=137521	 packets_sent=76	 packets_recv=115	 errin=0	 errout=0	 dropin=0	 dropout=0	read_count=0	 write_count=0	 read_bytes=0	 write_bytes=0	
Time=14:08:02	CPU0 Usage=1.5	CPU0time_system=4936.61	CPU0time_idle=72300.91	ram_available=1233752064	ram_percent=41.2	swap_used=12263424	swap_percent=0.6	bytes_sent=12686	 bytes_recv=157217	 packets_sent=87	 packets_recv=134	 errin=0	 errout=0	 dropin=0	 dropout=0	read_count=0	 write_count=0	 read_bytes=0	 write_bytes=0	
Time=14:08:04	CPU0 Usage=1.5	CPU0time_system=4936.62	CPU0time_idle=72302.86	ram_available=1233498112	ram_percent=41.2	swap_used=12263424	swap_percent=0.6	bytes_sent=13038	 bytes_recv=162852	 packets_sent=90	 packets_recv=143	 errin=0	 errout=0	 dropin=0	 dropout=0	read_count=0	 write_count=0	 read_bytes=0	 write_bytes=0	
Time=14:08:06	CPU0 Usage=2.0	CPU0time_system=4936.64	CPU0time_idle=72304.82	ram_available=1233145856	ram_percent=41.2	swap_used=12263424	swap_percent=0.6	bytes_sent=10495	 bytes_recv=129280	 packets_sent=71	 packets_recv=112	 errin=0	 errout=0	 dropin=0	 dropout=0	read_count=0	 write_count=0	 read_bytes=0	 write_bytes=0	
Time=14:08:08	CPU0 Usage=2.0	CPU0time_system=4936.66	CPU0time_idle=72306.79	ram_available=1233018880	ram_percent=41.2	swap_used=12263424	swap_percent=0.6	bytes_sent=8517	 bytes_recv=97030	 packets_sent=54	 packets_recv=82	 errin=0	 errout=0	 dropin=0	 dropout=0	read_count=0	 write_count=0	 read_bytes=0	 write_bytes=0	
Time=14:08:10	CPU0 Usage=0.5	CPU0time_system=4936.66	CPU0time_idle=72308.78	ram_available=1232986112	ram_percent=41.2	swap_used=12263424	swap_percent=0.6	bytes_sent=1665	 bytes_recv=21686	 packets_sent=12	 packets_recv=19	 errin=0	 errout=0	 dropin=0	 dropout=0	read_count=0	 write_count=0	 read_bytes=0	 write_bytes=0	
Time=14:08:12	CPU0 Usage=2.0	CPU0time_system=4936.67	CPU0time_idle=72310.74	ram_available=1232732160	ram_percent=41.2	swap_used=12263424	swap_percent=0.6	bytes_sent=12506	 bytes_recv=150780	 packets_sent=86	 packets_recv=130	 errin=0	 errout=0	 dropin=0	 dropout=0	read_count=0	 write_count=0	 read_bytes=0	 write_bytes=0	
Time=14:08:14	CPU0 Usage=2.0	CPU0time_system=4936.71	CPU0time_idle=72312.68	ram_available=1232285696	ram_percent=41.2	swap_used=12263424	swap_percent=0.6	bytes_sent=15319	 bytes_recv=194900	 packets_sent=106	 packets_recv=159	 errin=0	 errout=0	 dropin=0	 dropout=0	read_count=0	 write_count=0	 read_bytes=0	 write_bytes=0	
Time=14:08:16	CPU0 Usage=1.5	CPU0time_system=4936.74	CPU0time_idle=72314.65	ram_available=1232191488	ram_percent=41.3	swap_used=12263424	swap_percent=0.6	bytes_sent=8442	 bytes_recv=89378	 packets_sent=57	 packets_recv=79	 errin=0	 errout=0	 dropin=0	 dropout=0	read_count=0	 write_count=0	 read_bytes=0	 write_bytes=0	
Time=14:08:18	CPU0 Usage=1.5	CPU0time_system=4936.77	CPU0time_idle=72316.62	ram_available=1232031744	ram_percent=41.3	swap_used=12263424	swap_percent=0.6	bytes_sent=7670	 bytes_recv=100788	 packets_sent=52	 packets_recv=82	 errin=0	 errout=0	 dropin=0	 dropout=0	read_count=0	 write_count=0	 read_bytes=0	 write_bytes=0	
Time=14:08:20	CPU0 Usage=3.0	CPU0time_system=4936.82	CPU0time_idle=72318.56	ram_available=1231683584	ram_percent=41.3	swap_used=12263424	swap_percent=0.6	bytes_sent=14074	 bytes_recv=177559	 packets_sent=92	 packets_recv=150	 errin=0	 errout=0	 dropin=0	 dropout=0	read_count=0	 write_count=0	 read_bytes=0	 write_bytes=0	
Time=14:08:22	CPU0 Usage=2.5	CPU0time_system=4936.86	CPU0time_idle=72320.51	ram_available=1231302656	ram_percent=41.3	swap_used=12263424	swap_percent=0.6	bytes_sent=15234	 bytes_recv=188065	 packets_sent=102	 packets_recv=158	 errin=0	 errout=0	 dropin=0	 dropout=0	read_count=0	 write_count=0	 read_bytes=0	 write_bytes=0	
Time=14:08:24	CPU0 Usage=2.0	CPU0time_system=4936.9	CPU0time_idle=72322.46	ram_available=1231052800	ram_percent=41.3	swap_used=12263424	swap_percent=0.6	bytes_sent=14943	 bytes_recv=180310	 packets_sent=102	 packets_recv=155	 errin=0	 errout=0	 dropin=0	 dropout=0	read_count=0	 write_count=0	 read_bytes=0	 write_bytes=0	
Time=14:08:26	CPU0 Usage=1.5	CPU0time_system=4936.93	CPU0time_idle=72324.42	ram_available=1230831616	ram_percent=41.3	swap_used=12263424	swap_percent=0.6	bytes_sent=12869	 bytes_recv=161693	 packets_sent=88	 packets_recv=136	 errin=0	 errout=0	 dropin=0	 dropout=0	read_count=0	 write_count=0	 read_bytes=0	 write_bytes=0	
Time=14:08:28	CPU0 Usage=5.0	CPU0time_system=4937.02	CPU0time_idle=72326.31	ram_available=1228156928	ram_percent=41.4	swap_used=12263424	swap_percent=0.6	bytes_sent=33555	 bytes_recv=402959	 packets_sent=230	 packets_recv=342	 errin=0	 errout=0	 dropin=0	 dropout=0	read_count=0	 write_count=0	 read_bytes=0	 write_bytes=0	
Time=14:08:30	CPU0 Usage=1.0	CPU0time_system=4937.04	CPU0time_idle=72328.28	ram_available=1228062720	ram_percent=41.5	swap_used=12263424	swap_percent=0.6	bytes_sent=6188	 bytes_recv=70620	 packets_sent=42	 packets_recv=58	 errin=0	 errout=0	 dropin=0	 dropout=0	read_count=0	 write_count=0	 read_bytes=0	 write_bytes=0	
Time=14:08:32	CPU0 Usage=1.5	CPU0time_system=4937.07	CPU0time_idle=72330.24	ram_available=1227935744	ram_percent=41.5	swap_used=12263424	swap_percent=0.6	bytes_sent=11824	 bytes_recv=140164	 packets_sent=79	 packets_recv=110	 errin=0	 errout=0	 dropin=0	 dropout=0	read_count=0	 write_count=0	 read_bytes=0	 write_bytes=0	
Time=14:08:34	CPU0 Usage=2.0	CPU0time_system=4937.1	CPU0time_idle=72332.18	ram_available=1227587584	ram_percent=41.5	swap_used=12263424	swap_percent=0.6	bytes_sent=19932	 bytes_recv=251349	 packets_sent=137	 packets_recv=208	 errin=0	 errout=0	 dropin=0	 dropout=0	read_count=0	 write_count=0	 read_bytes=0	 write_bytes=0	
Time=14:08:36	CPU0 Usage=3.0	CPU0time_system=4937.16	CPU0time_idle=72334.09	ram_available=1226952704	ram_percent=41.5	swap_used=12263424	swap_percent=0.6	bytes_sent=24408	 bytes_recv=311887	 packets_sent=169	 packets_recv=262	 errin=0	 errout=0	 dropin=0	 dropout=0	read_count=0	 write_count=0	 read_bytes=0	 write_bytes=0	
Time=14:08:38	CPU0 Usage=0.5	CPU0time_system=4937.17	CPU0time_idle=72336.07	ram_available=1226919936	ram_percent=41.5	swap_used=12263424	swap_percent=0.6	bytes_sent=19045	 bytes_recv=51754	 packets_sent=38	 packets_recv=49	 errin=0	 errout=0	 dropin=0	 dropout=0	read_count=0	 write_count=0	 read_bytes=0	 write_bytes=0	
Time=14:08:40	CPU0 Usage=1.0	CPU0time_system=4937.19	CPU0time_idle=72338.05	ram_available=1226919936	ram_percent=41.5	swap_used=12263424	swap_percent=0.6	bytes_sent=2879	 bytes_recv=37018	 packets_sent=19	 packets_recv=30	 errin=0	 errout=0	 dropin=0	 dropout=0	read_count=0	 write_count=0	 read_bytes=0	 write_bytes=0	
Time=14:08:42	CPU0 Usage=1.5	CPU0time_system=4937.22	CPU0time_idle=72340.01	ram_available=1226760192	ram_percent=41.5	swap_used=12263424	swap_percent=0.6	bytes_sent=11440	 bytes_recv=137348	 packets_sent=78	 packets_recv=113	 errin=0	 errout=0	 dropin=0	 dropout=0	read_count=0	 write_count=0	 read_bytes=0	 write_bytes=0	
Time=14:08:44	CPU0 Usage=2.0	CPU0time_system=4937.26	CPU0time_idle=72341.97	ram_available=1226506240	ram_percent=41.5	swap_used=12263424	swap_percent=0.6	bytes_sent=11677	 bytes_recv=135930	 packets_sent=82	 packets_recv=122	 errin=0	 errout=0	 dropin=0	 dropout=0	read_count=0	 write_count=0	 read_bytes=0	 write_bytes=0	
Time=14:08:46	CPU0 Usage=2.0	CPU0time_system=4937.29	CPU0time_idle=72343.92	ram_available=1226285056	ram_percent=41.5	swap_used=12263424	swap_percent=0.6	bytes_sent=15803	 bytes_recv=187214	 packets_sent=105	 packets_recv=153	 errin=0	 errout=0	 dropin=0	 dropout=0	read_count=0	 write_count=0	 read_bytes=0	 write_bytes=0	
Time=14:08:48	CPU0 Usage=0.5	CPU0time_system=4937.3	CPU0time_idle=72345.9	ram_available=1226059776	ram_percent=41.5	swap_used=12263424	swap_percent=0.6	bytes_sent=3819	 bytes_recv=38564	 packets_sent=27	 packets_recv=39	 errin=0	 errout=0	 dropin=0	 dropout=0	read_count=0	 write_count=0	 read_bytes=0	 write_bytes=0	
Time=14:08:50	CPU0 Usage=3.0	CPU0time_system=4937.35	CPU0time_idle=72347.85	ram_available=1225965568	ram_percent=41.6	swap_used=12263424	swap_percent=0.6	bytes_sent=15203	 bytes_recv=187520	 packets_sent=104	 packets_recv=158	 errin=0	 errout=0	 dropin=0	 dropout=0	read_count=0	 write_count=0	 read_bytes=0	 write_bytes=0	
Time=14:08:52	CPU0 Usage=1.5	CPU0time_system=4937.38	CPU0time_idle=72349.8	ram_available=1225678848	ram_percent=41.6	swap_used=12263424	swap_percent=0.6	bytes_sent=12856	 bytes_recv=157689	 packets_sent=88	 packets_recv=138	 errin=0	 errout=0	 dropin=0	 dropout=0	read_count=0	 write_count=0	 read_bytes=0	 write_bytes=0	
Time=14:08:54	CPU0 Usage=2.0	CPU0time_system=4937.42	CPU0time_idle=72351.73	ram_available=1225203712	ram_percent=41.6	swap_used=12263424	swap_percent=0.6	bytes_sent=22252	 bytes_recv=269111	 packets_sent=152	 packets_recv=232	 errin=0	 errout=0	 dropin=0	 dropout=0	read_count=0	 write_count=0	 read_bytes=0	 write_bytes=0	
Time=14:08:56	CPU0 Usage=1.5	CPU0time_system=4937.45	CPU0time_idle=72353.68	ram_available=1225109504	ram_percent=41.6	swap_used=12263424	swap_percent=0.6	bytes_sent=14125	 bytes_recv=166537	 packets_sent=94	 packets_recv=137	 errin=0	 errout=0	 dropin=0	 dropout=0	read_count=0	 write_count=0	 read_bytes=0	 write_bytes=0	
Time=14:08:58	CPU0 Usage=0.0	CPU0time_system=4937.45	CPU0time_idle=72355.67	ram_available=1225142272	ram_percent=41.6	swap_used=12263424	swap_percent=0.6	bytes_sent=230	 bytes_recv=66	 packets_sent=1	 packets_recv=1	 errin=0	 errout=0	 dropin=0	 dropout=0	read_count=0	 write_count=0	 read_bytes=0	 write_bytes=0	
Time=14:09:00	CPU0 Usage=1.5	CPU0time_system=4937.48	CPU0time_idle=72357.62	ram_available=1224884224	ram_percent=41.6	swap_used=12263424	swap_percent=0.6	bytes_sent=11681	 bytes_recv=137791	 packets_sent=81	 packets_recv=118	 errin=0	 errout=0	 dropin=0	 dropout=0	read_count=0	 write_count=0	 read_bytes=0	 write_bytes=0	
Time=14:09:02	CPU0 Usage=2.0	CPU0time_system=4937.52	CPU0time_idle=72359.58	ram_available=1224630272	ram_percent=41.6	swap_used=12263424	swap_percent=0.6	bytes_sent=10019	 bytes_recv=122810	 packets_sent=69	 packets_recv=108	 errin=0	 errout=0	 dropin=0	 dropout=0	read_count=0	 write_count=0	 read_bytes=0	 write_bytes=0	
Time=14:09:04	CPU0 Usage=1.5	CPU0time_system=4937.54	CPU0time_idle=72361.55	ram_available=1224437760	ram_percent=41.6	swap_used=12263424	swap_percent=0.6	bytes_sent=9406	 bytes_recv=116380	 packets_sent=64	 packets_recv=100	 errin=0	 errout=0	 dropin=0	 dropout=0	read_count=0	 write_count=0	 read_bytes=0	 write_bytes=0	
Time=14:09:06	CPU0 Usage=4.5	CPU0time_system=4937.62	CPU0time_idle=72363.46	ram_available=1224028160	ram_percent=41.6	swap_used=12263424	swap_percent=0.6	bytes_sent=25936	 bytes_recv=324296	 packets_sent=178	 packets_recv=271	 errin=0	 errout=0	 dropin=0	 dropout=0	read_count=0	 write_count=0	 read_bytes=0	 write_bytes=0	
Time=14:09:08	CPU0 Usage=1.5	CPU0time_system=4937.65	CPU0time_idle=72365.42	ram_available=1223774208	ram_percent=41.7	swap_used=12263424	swap_percent=0.6	bytes_sent=12862	 bytes_recv=143657	 packets_sent=82	 packets_recv=121	 errin=0	 errout=0	 dropin=0	 dropout=0	read_count=0	 write_count=0	 read_bytes=0	 write_bytes=0	
Time=14:09:10	CPU0 Usage=1.0	CPU0time_system=4937.66	CPU0time_idle=72367.39	ram_available=1235836928	ram_percent=41.1	swap_used=12263424	swap_percent=0.6	bytes_sent=4246	 bytes_recv=53090	 packets_sent=30	 packets_recv=48	 errin=0	 errout=0	 dropin=0	 dropout=0	read_count=0	 write_count=0	 read_bytes=0	 write_bytes=0	
Time=14:09:12	CPU0 Usage=1.0	CPU0time_system=4937.68	CPU0time_idle=72369.37	ram_available=1235812352	ram_percent=41.1	swap_used=12263424	swap_percent=0.6	bytes_sent=2630	 bytes_recv=32152	 packets_sent=18	 packets_recv=30	 errin=0	 errout=0	 dropin=0	 dropout=0	read_count=0	 write_count=0	 read_bytes=0	 write_bytes=0	
Time=14:09:14	CPU0 Usage=1.0	CPU0time_system=4937.7	CPU0time_idle=72371.32	ram_available=1235779584	ram_percent=41.1	swap_used=12263424	swap_percent=0.6	bytes_sent=15660	 bytes_recv=178874	 packets_sent=110	 packets_recv=159	 errin=0	 errout=0	 dropin=0	 dropout=0	read_count=0	 write_count=0	 read_bytes=0	 write_bytes=0	
Time=14:09:16	CPU0 Usage=2.0	CPU0time_system=4937.74	CPU0time_idle=72373.25	ram_available=1235714048	ram_percent=41.1	swap_used=12263424	swap_percent=0.6	bytes_sent=20980	 bytes_recv=259815	 packets_sent=140	 packets_recv=213	 errin=0	 errout=0	 dropin=0	 dropout=0	read_count=0	 write_count=0	 read_bytes=0	 write_bytes=0	
Time=14:09:18	CPU0 Usage=0.5	CPU0time_system=4937.75	CPU0time_idle=72375.24	ram_available=1235746816	ram_percent=41.1	swap_used=12263424	swap_percent=0.6	bytes_sent=1945	 bytes_recv=21435	 packets_sent=13	 packets_recv=19	 errin=0	 errout=0	 dropin=0	 dropout=0	read_count=0	 write_count=0	 read_bytes=0	 write_bytes=0	
Time=14:09:20	CPU0 Usage=3.0	CPU0time_system=4937.8	CPU0time_idle=72377.17	ram_available=1235877888	ram_percent=41.1	swap_used=12263424	swap_percent=0.6	bytes_sent=22168	 bytes_recv=256523	 packets_sent=147	 packets_recv=218	 errin=0	 errout=0	 dropin=0	 dropout=0	read_count=0	 write_count=0	 read_bytes=0	 write_bytes=0	
Time=14:09:22	CPU0 Usage=2.0	CPU0time_system=4937.84	CPU0time_idle=72379.12	ram_available=1235845120	ram_percent=41.1	swap_used=12263424	swap_percent=0.6	bytes_sent=16072	 bytes_recv=197253	 packets_sent=109	 packets_recv=161	 errin=0	 errout=0	 dropin=0	 dropout=0	read_count=0	 write_count=0	 read_bytes=0	 write_bytes=0	
Time=14:09:24	CPU0 Usage=0.5	CPU0time_system=4937.85	CPU0time_idle=72381.1	ram_available=1235812352	ram_percent=41.1	swap_used=12263424	swap_percent=0.6	bytes_sent=2356	 bytes_recv=30650	 packets_sent=17	 packets_recv=29	 errin=0	 errout=0	 dropin=0	 dropout=0	read_count=0	 write_count=0	 read_bytes=0	 write_bytes=0	
Time=14:09:26	CPU0 Usage=1.0	CPU0time_system=4937.87	CPU0time_idle=72383.08	ram_available=1235812352	ram_percent=41.1	swap_used=12263424	swap_percent=0.6	bytes_sent=6706	 bytes_recv=78694	 packets_sent=47	 packets_recv=72	 errin=0	 errout=0	 dropin=0	 dropout=0	read_count=0	 write_count=0	 read_bytes=0	 write_bytes=0	
Time=14:09:28	CPU0 Usage=1.5	CPU0time_system=4937.9	CPU0time_idle=72385.04	ram_available=1235718144	ram_percent=41.1	swap_used=12263424	swap_percent=0.6	bytes_sent=26535	 bytes_recv=138598	 packets_sent=86	 packets_recv=122	 errin=0	 errout=0	 dropin=0	 dropout=0	read_count=0	 write_count=0	 read_bytes=0	 write_bytes=0	
Time=14:09:30	CPU0 Usage=2.5	CPU0time_system=4937.95	CPU0time_idle=72386.97	ram_available=1235337216	ram_percent=41.1	swap_used=12263424	swap_percent=0.6	bytes_sent=19590	 bytes_recv=243837	 packets_sent=132	 packets_recv=207	 errin=0	 errout=0	 dropin=0	 dropout=0	read_count=0	 write_count=0	 read_bytes=0	 write_bytes=0	
Time=14:09:32	CPU0 Usage=1.5	CPU0time_system=4937.96	CPU0time_idle=72388.94	ram_available=1235210240	ram_percent=41.1	swap_used=12263424	swap_percent=0.6	bytes_sent=7172	 bytes_recv=80726	 packets_sent=50	 packets_recv=74	 errin=0	 errout=0	 dropin=0	 dropout=0	read_count=0	 write_count=0	 read_bytes=0	 write_bytes=0	
Time=14:09:34	CPU0 Usage=2.0	CPU0time_system=4938.0	CPU0time_idle=72390.9	ram_available=1235095552	ram_percent=41.1	swap_used=12263424	swap_percent=0.6	bytes_sent=13753	 bytes_recv=161672	 packets_sent=94	 packets_recv=143	 errin=0	 errout=0	 dropin=0	 dropout=0	read_count=0	 write_count=0	 read_bytes=0	 write_bytes=0	
Time=14:09:36	CPU0 Usage=0.0	CPU0time_system=4938.0	CPU0time_idle=72392.88	ram_available=1235001344	ram_percent=41.1	swap_used=12263424	swap_percent=0.6	bytes_sent=3435	 bytes_recv=41199	 packets_sent=24	 packets_recv=37	 errin=0	 errout=0	 dropin=0	 dropout=0	read_count=0	 write_count=0	 read_bytes=0	 write_bytes=0	
Time=14:09:38	CPU0 Usage=3.0	CPU0time_system=4938.06	CPU0time_idle=72394.82	ram_available=1234620416	ram_percent=41.1	swap_used=12263424	swap_percent=0.6	bytes_sent=18081	 bytes_recv=222746	 packets_sent=122	 packets_recv=185	 errin=0	 errout=0	 dropin=0	 dropout=0	read_count=0	 write_count=0	 read_bytes=0	 write_bytes=0	
Time=14:09:40	CPU0 Usage=2.0	CPU0time_system=4938.1	CPU0time_idle=72396.75	ram_available=1234239488	ram_percent=41.2	swap_used=12263424	swap_percent=0.6	bytes_sent=19308	 bytes_recv=243596	 packets_sent=133	 packets_recv=203	 errin=0	 errout=0	 dropin=0	 dropout=0	read_count=0	 write_count=0	 read_bytes=0	 write_bytes=0	
Time=14:09:42	CPU0 Usage=1.5	CPU0time_system=4938.13	CPU0time_idle=72398.71	ram_available=1234018304	ram_percent=41.2	swap_used=12263424	swap_percent=0.6	bytes_sent=9633	 bytes_recv=116460	 packets_sent=66	 packets_recv=103	 errin=0	 errout=0	 dropin=0	 dropout=0	read_count=0	 write_count=0	 read_bytes=0	 write_bytes=0	
Time=14:09:44	CPU0 Usage=2.0	CPU0time_system=4938.16	CPU0time_idle=72400.68	ram_available=1233858560	ram_percent=41.2	swap_used=12263424	swap_percent=0.6	bytes_sent=8517	 bytes_recv=99734	 packets_sent=57	 packets_recv=84	 errin=0	 errout=0	 dropin=0	 dropout=0	read_count=0	 write_count=0	 read_bytes=0	 write_bytes=0	
Time=14:09:46	CPU0 Usage=2.0	CPU0time_system=4938.2	CPU0time_idle=72402.62	ram_available=1233539072	ram_percent=41.2	swap_used=12263424	swap_percent=0.6	bytes_sent=15787	 bytes_recv=200657	 packets_sent=110	 packets_recv=165	 errin=0	 errout=0	 dropin=0	 dropout=0	read_count=0	 write_count=0	 read_bytes=0	 write_bytes=0	
Time=14:09:48	CPU0 Usage=4.0	CPU0time_system=4938.26	CPU0time_idle=72404.53	ram_available=1233227776	ram_percent=41.2	swap_used=12263424	swap_percent=0.6	bytes_sent=31077	 bytes_recv=368647	 packets_sent=217	 packets_recv=314	 errin=0	 errout=0	 dropin=0	 dropout=0	read_count=0	 write_count=0	 read_bytes=0	 write_bytes=0	
Time=14:09:50	CPU0 Usage=1.5	CPU0time_system=4938.29	CPU0time_idle=72406.49	ram_available=1233068032	ram_percent=41.2	swap_used=12263424	swap_percent=0.6	bytes_sent=11850	 bytes_recv=142835	 packets_sent=77	 packets_recv=118	 errin=0	 errout=0	 dropin=0	 dropout=0	read_count=0	 write_count=0	 read_bytes=0	 write_bytes=0	
Time=14:09:52	CPU0 Usage=2.0	CPU0time_system=4938.33	CPU0time_idle=72408.43	ram_available=1232781312	ram_percent=41.2	swap_used=12263424	swap_percent=0.6	bytes_sent=17073	 bytes_recv=196707	 packets_sent=114	 packets_recv=168	 errin=0	 errout=0	 dropin=0	 dropout=0	read_count=0	 write_count=0	 read_bytes=0	 write_bytes=0	
Time=14:09:54	CPU0 Usage=0.0	CPU0time_system=4938.33	CPU0time_idle=72410.42	ram_available=1232830464	ram_percent=41.2	swap_used=12263424	swap_percent=0.6	bytes_sent=126	 bytes_recv=3240	 packets_sent=2	 packets_recv=4	 errin=0	 errout=0	 dropin=0	 dropout=0	read_count=0	 write_count=0	 read_bytes=0	 write_bytes=0	
Time=14:09:56	CPU0 Usage=2.0	CPU0time_system=4938.37	CPU0time_idle=72412.36	ram_available=1232592896	ram_percent=41.2	swap_used=12263424	swap_percent=0.6	bytes_sent=21051	 bytes_recv=253315	 packets_sent=143	 packets_recv=216	 errin=0	 errout=0	 dropin=0	 dropout=0	read_count=0	 write_count=0	 read_bytes=0	 write_bytes=0	
Time=14:09:58	CPU0 Usage=2.0	CPU0time_system=4938.4	CPU0time_idle=72414.3	ram_available=1232179200	ram_percent=41.3	swap_used=12263424	swap_percent=0.6	bytes_sent=15074	 bytes_recv=185395	 packets_sent=103	 packets_recv=156	 errin=0	 errout=0	 dropin=0	 dropout=0	read_count=0	 write_count=0	 read_bytes=0	 write_bytes=0	
Time=14:10:00	CPU0 Usage=1.5	CPU0time_system=4938.43	CPU0time_idle=72416.25	ram_available=1231859712	ram_percent=41.3	swap_used=12263424	swap_percent=0.6	bytes_sent=14343	 bytes_recv=175527	 packets_sent=98	 packets_recv=153	 errin=0	 errout=0	 dropin=0	 dropout=0	read_count=0	 write_count=0	 read_bytes=0	 write_bytes=0	
Time=14:10:02	CPU0 Usage=2.5	CPU0time_system=4938.47	CPU0time_idle=72418.2	ram_available=1231679488	ram_percent=41.3	swap_used=12263424	swap_percent=0.6	bytes_sent=15612	 bytes_recv=190572	 packets_sent=109	 packets_recv=160	 errin=0	 errout=0	 dropin=0	 dropout=0	read_count=0	 write_count=0	 read_bytes=0	 write_bytes=0	
Time=14:10:04	CPU0 Usage=2.0	CPU0time_system=4938.51	CPU0time_idle=72420.14	ram_available=1231302656	ram_percent=41.3	swap_used=12263424	swap_percent=0.6	bytes_sent=16022	 bytes_recv=202145	 packets_sent=108	 packets_recv=174	 errin=0	 errout=0	 dropin=0	 dropout=0	read_count=0	 write_count=0	 read_bytes=0	 write_bytes=0	
Time=14:10:06	CPU0 Usage=1.0	CPU0time_system=4938.53	CPU0time_idle=72422.12	ram_available=1231175680	ram_percent=41.3	swap_used=12263424	swap_percent=0.6	bytes_sent=3719	 bytes_recv=44236	 packets_sent=25	 packets_recv=38	 errin=0	 errout=0	 dropin=0	 dropout=0	read_count=0	 write_count=0	 read_bytes=0	 write_bytes=0	
Time=14:10:08	CPU0 Usage=3.0	CPU0time_system=4938.59	CPU0time_idle=72424.04	ram_available=1230663680	ram_percent=41.3	swap_used=12263424	swap_percent=0.6	bytes_sent=27740	 bytes_recv=334013	 packets_sent=189	 packets_recv=282	 errin=0	 errout=0	 dropin=0	 dropout=0	read_count=0	 write_count=0	 read_bytes=0	 write_bytes=0	
Time=14:10:10	CPU0 Usage=3.0	CPU0time_system=4938.64	CPU0time_idle=72425.98	ram_available=1230508032	ram_percent=41.3	swap_used=12263424	swap_percent=0.6	bytes_sent=15808	 bytes_recv=194383	 packets_sent=108	 packets_recv=170	 errin=0	 errout=0	 dropin=0	 dropout=0	read_count=0	 write_count=0	 read_bytes=0	 write_bytes=0	
Time=14:10:12	CPU0 Usage=1.5	CPU0time_system=4938.67	CPU0time_idle=72427.93	ram_available=1230192640	ram_percent=41.3	swap_used=12263424	swap_percent=0.6	bytes_sent=13007	 bytes_recv=166817	 packets_sent=90	 packets_recv=136	 errin=0	 errout=0	 dropin=0	 dropout=0	read_count=0	 write_count=0	 read_bytes=0	 write_bytes=0	
Time=14:10:14	CPU0 Usage=1.5	CPU0time_system=4938.7	CPU0time_idle=72429.89	ram_available=1229971456	ram_percent=41.4	swap_used=12263424	swap_percent=0.6	bytes_sent=12722	 bytes_recv=142664	 packets_sent=83	 packets_recv=126	 errin=0	 errout=0	 dropin=0	 dropout=0	read_count=0	 write_count=0	 read_bytes=0	 write_bytes=0	
Time=14:10:16	CPU0 Usage=2.5	CPU0time_system=4938.74	CPU0time_idle=72431.81	ram_available=1229496320	ram_percent=41.4	swap_used=12263424	swap_percent=0.6	bytes_sent=23609	 bytes_recv=291382	 packets_sent=158	 packets_recv=251	 errin=0	 errout=0	 dropin=0	 dropout=0	read_count=0	 write_count=0	 read_bytes=0	 write_bytes=0	
Time=14:10:18	CPU0 Usage=2.5	CPU0time_system=4938.78	CPU0time_idle=72433.76	ram_available=1229369344	ram_percent=41.4	swap_used=12263424	swap_percent=0.6	bytes_sent=15849	 bytes_recv=196322	 packets_sent=109	 packets_recv=169	 errin=0	 errout=0	 dropin=0	 dropout=0	read_count=0	 write_count=0	 read_bytes=0	 write_bytes=0	
Time=14:10:20	CPU0 Usage=0.0	CPU0time_system=4938.78	CPU0time_idle=72435.74	ram_available=1229336576	ram_percent=41.4	swap_used=12263424	swap_percent=0.6	bytes_sent=18456	 bytes_recv=49497	 packets_sent=34	 packets_recv=47	 errin=0	 errout=0	 dropin=0	 dropout=0	read_count=0	 write_count=0	 read_bytes=0	 write_bytes=0	
Time=14:10:22	CPU0 Usage=1.0	CPU0time_system=4938.8	CPU0time_idle=72437.72	ram_available=1229176832	ram_percent=41.4	swap_used=12263424	swap_percent=0.6	bytes_sent=5442	 bytes_recv=65337	 packets_sent=37	 packets_recv=58	 errin=0	 errout=0	 dropin=0	 dropout=0	read_count=0	 write_count=0	 read_bytes=0	 write_bytes=0	
Time=14:10:24	CPU0 Usage=4.5	CPU0time_system=4938.88	CPU0time_idle=72439.64	ram_available=1228537856	ram_percent=41.4	swap_used=12263424	swap_percent=0.6	bytes_sent=24645	 bytes_recv=300920	 packets_sent=167	 packets_recv=260	 errin=0	 errout=0	 dropin=0	 dropout=0	read_count=0	 write_count=0	 read_bytes=0	 write_bytes=0	
Time=14:10:26	CPU0 Usage=3.0	CPU0time_system=4938.94	CPU0time_idle=72441.57	ram_available=1228255232	ram_percent=41.4	swap_used=12263424	swap_percent=0.6	bytes_sent=19921	 bytes_recv=250663	 packets_sent=135	 packets_recv=202	 errin=0	 errout=0	 dropin=0	 dropout=0	read_count=0	 write_count=0	 read_bytes=0	 write_bytes=0	
Time=14:10:28	CPU0 Usage=3.0	CPU0time_system=4938.99	CPU0time_idle=72443.5	ram_available=1228001280	ram_percent=41.5	swap_used=12263424	swap_percent=0.6	bytes_sent=19254	 bytes_recv=236426	 packets_sent=134	 packets_recv=205	 errin=0	 errout=0	 dropin=0	 dropout=0	read_count=0	 write_count=0	 read_bytes=0	 write_bytes=0	
Time=14:10:30	CPU0 Usage=0.5	CPU0time_system=4939.0	CPU0time_idle=72445.48	ram_available=1227948032	ram_percent=41.5	swap_used=12263424	swap_percent=0.6	bytes_sent=4830	 bytes_recv=56960	 packets_sent=33	 packets_recv=47	 errin=0	 errout=0	 dropin=0	 dropout=0	read_count=0	 write_count=0	 read_bytes=0	 write_bytes=0	
Time=14:10:32	CPU0 Usage=2.0	CPU0time_system=4939.03	CPU0time_idle=72447.44	ram_available=1227759616	ram_percent=41.5	swap_used=12263424	swap_percent=0.6	bytes_sent=14442	 bytes_recv=163303	 packets_sent=94	 packets_recv=139	 errin=0	 errout=0	 dropin=0	 dropout=0	read_count=0	 write_count=0	 read_bytes=0	 write_bytes=0	
Time=14:10:34	CPU0 Usage=0.5	CPU0time_system=4939.04	CPU0time_idle=72449.41	ram_available=1227599872	ram_percent=41.5	swap_used=12263424	swap_percent=0.6	bytes_sent=5594	 bytes_recv=74215	 packets_sent=39	 packets_recv=62	 errin=0	 errout=0	 dropin=0	 dropout=0	read_count=0	 write_count=0	 read_bytes=0	 write_bytes=0	
Time=14:10:36	CPU0 Usage=1.5	CPU0time_system=4939.07	CPU0time_idle=72451.37	ram_available=1227571200	ram_percent=41.5	swap_used=12263424	swap_percent=0.6	bytes_sent=11429	 bytes_recv=140343	 packets_sent=78	 packets_recv=120	 errin=0	 errout=0	 dropin=0	 dropout=0	read_count=0	 write_count=0	 read_bytes=0	 write_bytes=0	
Time=14:10:38	CPU0 Usage=3.0	CPU0time_system=4939.13	CPU0time_idle=72453.3	ram_available=1227091968	ram_percent=41.5	swap_used=12263424	swap_percent=0.6	bytes_sent=19002	 bytes_recv=232226	 packets_sent=133	 packets_recv=202	 errin=0	 errout=0	 dropin=0	 dropout=0	read_count=0	 write_count=0	 read_bytes=0	 write_bytes=0	
Time=14:10:40	CPU0 Usage=2.0	CPU0time_system=4939.16	CPU0time_idle=72455.26	ram_available=1226997760	ram_percent=41.5	swap_used=12263424	swap_percent=0.6	bytes_sent=10903	 bytes_recv=138883	 packets_sent=74	 packets_recv=110	 errin=0	 errout=0	 dropin=0	 dropout=0	read_count=0	 write_count=0	 read_bytes=0	 write_bytes=0	
Time=14:10:42	CPU0 Usage=1.5	CPU0time_system=4939.18	CPU0time_idle=72457.23	ram_available=1226809344	ram_percent=41.5	swap_used=12263424	swap_percent=0.6	bytes_sent=9066	 bytes_recv=107632	 packets_sent=66	 packets_recv=98	 errin=0	 errout=0	 dropin=0	 dropout=0	read_count=0	 write_count=0	 read_bytes=0	 write_bytes=0	
Time=14:10:44	CPU0 Usage=2.0	CPU0time_system=4939.22	CPU0time_idle=72459.16	ram_available=1226362880	ram_percent=41.5	swap_used=12263424	swap_percent=0.6	bytes_sent=19909	 bytes_recv=246828	 packets_sent=136	 packets_recv=203	 errin=0	 errout=0	 dropin=0	 dropout=0	read_count=0	 write_count=0	 read_bytes=0	 write_bytes=0	
Time=14:10:46	CPU0 Usage=1.0	CPU0time_system=4939.24	CPU0time_idle=72461.14	ram_available=1226297344	ram_percent=41.5	swap_used=12263424	swap_percent=0.6	bytes_sent=4387	 bytes_recv=47883	 packets_sent=28	 packets_recv=42	 errin=0	 errout=0	 dropin=0	 dropout=0	read_count=0	 write_count=0	 read_bytes=0	 write_bytes=0	
Time=14:10:48	CPU0 Usage=1.5	CPU0time_system=4939.27	CPU0time_idle=72463.1	ram_available=1226141696	ram_percent=41.5	swap_used=12263424	swap_percent=0.6	bytes_sent=12270	 bytes_recv=141787	 packets_sent=86	 packets_recv=121	 errin=0	 errout=0	 dropin=0	 dropout=0	read_count=0	 write_count=0	 read_bytes=0	 write_bytes=0	
Time=14:10:50	CPU0 Usage=2.5	CPU0time_system=4939.31	CPU0time_idle=72465.03	ram_available=1225695232	ram_percent=41.6	swap_used=12263424	swap_percent=0.6	bytes_sent=18917	 bytes_recv=235179	 packets_sent=128	 packets_recv=188	 errin=0	 errout=0	 dropin=0	 dropout=0	read_count=0	 write_count=0	 read_bytes=0	 write_bytes=0	
Time=14:10:52	CPU0 Usage=2.0	CPU0time_system=4939.35	CPU0time_idle=72466.96	ram_available=1225117696	ram_percent=41.6	swap_used=12263424	swap_percent=0.6	bytes_sent=21211	 bytes_recv=244851	 packets_sent=147	 packets_recv=211	 errin=0	 errout=0	 dropin=0	 dropout=0	read_count=0	 write_count=0	 read_bytes=0	 write_bytes=0	
Time=14:10:54	CPU0 Usage=1.5	CPU0time_system=4939.38	CPU0time_idle=72468.91	ram_available=1224994816	ram_percent=41.6	swap_used=12263424	swap_percent=0.6	bytes_sent=15575	 bytes_recv=187889	 packets_sent=110	 packets_recv=163	 errin=0	 errout=0	 dropin=0	 dropout=0	read_count=0	 write_count=0	 read_bytes=0	 write_bytes=0	
Time=14:10:56	CPU0 Usage=1.0	CPU0time_system=4939.39	CPU0time_idle=72470.89	ram_available=1224818688	ram_percent=41.6	swap_used=12263424	swap_percent=0.6	bytes_sent=5431	 bytes_recv=66554	 packets_sent=37	 packets_recv=56	 errin=0	 errout=0	 dropin=0	 dropout=0	read_count=0	 write_count=5	 read_bytes=0	 write_bytes=24576	
Time=14:10:58	CPU0 Usage=2.5	CPU0time_system=4939.42	CPU0time_idle=72472.83	ram_available=1224392704	ram_percent=41.6	swap_used=12263424	swap_percent=0.6	bytes_sent=14405	 bytes_recv=177813	 packets_sent=99	 packets_recv=151	 errin=0	 errout=0	 dropin=0	 dropout=0	read_count=0	 write_count=0	 read_bytes=0	 write_bytes=0	
Time=14:11:00	CPU0 Usage=3.5	CPU0time_system=4939.47	CPU0time_idle=72474.74	ram_available=1236406272	ram_percent=41.1	swap_used=12263424	swap_percent=0.6	bytes_sent=26072	 bytes_recv=306976	 packets_sent=176	 packets_recv=266	 errin=0	 errout=0	 dropin=0	 dropout=0	read_count=0	 write_count=0	 read_bytes=0	 write_bytes=0	
Time=14:11:02	CPU0 Usage=2.5	CPU0time_system=4939.51	CPU0time_idle=72476.68	ram_available=1236250624	ram_percent=41.1	swap_used=12263424	swap_percent=0.6	bytes_sent=17859	 bytes_recv=204527	 packets_sent=126	 packets_recv=176	 errin=0	 errout=0	 dropin=0	 dropout=0	read_count=0	 write_count=0	 read_bytes=0	 write_bytes=0	
Time=14:11:04	CPU0 Usage=1.0	CPU0time_system=4939.52	CPU0time_idle=72478.66	ram_available=1236185088	ram_percent=41.1	swap_used=12263424	swap_percent=0.6	bytes_sent=4583	 bytes_recv=52990	 packets_sent=29	 packets_recv=47	 errin=0	 errout=0	 dropin=0	 dropout=0	read_count=0	 write_count=0	 read_bytes=0	 write_bytes=0	
Time=14:11:06	CPU0 Usage=3.0	CPU0time_system=4939.56	CPU0time_idle=72480.6	ram_available=1235996672	ram_percent=41.1	swap_used=12263424	swap_percent=0.6	bytes_sent=20797	 bytes_recv=252558	 packets_sent=143	 packets_recv=208	 errin=0	 errout=0	 dropin=0	 dropout=0	read_count=0	 write_count=5	 read_bytes=0	 write_bytes=24576	
Time=14:11:08	CPU0 Usage=3.0	CPU0time_system=4939.58	CPU0time_idle=72482.54	ram_available=1235849216	ram_percent=41.1	swap_used=12263424	swap_percent=0.6	bytes_sent=17769	 bytes_recv=211285	 packets_sent=119	 packets_recv=173	 errin=0	 errout=0	 dropin=0	 dropout=0	read_count=0	 write_count=0	 read_bytes=0	 write_bytes=0	
Time=14:11:10	CPU0 Usage=0.5	CPU0time_system=4939.59	CPU0time_idle=72484.5	ram_available=1235656704	ram_percent=41.1	swap_used=12263424	swap_percent=0.6	bytes_sent=22623	 bytes_recv=94767	 packets_sent=65	 packets_recv=91	 errin=0	 errout=0	 dropin=0	 dropout=0	read_count=0	 write_count=0	 read_bytes=0	 write_bytes=0	
Time=14:11:12	CPU0 Usage=1.5	CPU0time_system=4939.61	CPU0time_idle=72486.47	ram_available=1235431424	ram_percent=41.1	swap_used=12263424	swap_percent=0.6	bytes_sent=9017	 bytes_recv=103136	 packets_sent=62	 packets_recv=90	 errin=0	 errout=0	 dropin=0	 dropout=0	read_count=0	 write_count=0	 read_bytes=0	 write_bytes=0	
Time=14:11:14	CPU0 Usage=2.0	CPU0time_system=4939.64	CPU0time_idle=72488.42	ram_available=1235210240	ram_percent=41.1	swap_used=12263424	swap_percent=0.6	bytes_sent=13327	 bytes_recv=165025	 packets_sent=93	 packets_recv=138	 errin=0	 errout=0	 dropin=0	 dropout=0	read_count=0	 write_count=0	 read_bytes=0	 write_bytes=0	
Time=14:11:16	CPU0 Usage=1.0	CPU0time_system=4939.65	CPU0time_idle=72490.38	ram_available=1235050496	ram_percent=41.1	swap_used=12263424	swap_percent=0.6	bytes_sent=11449	 bytes_recv=130088	 packets_sent=78	 packets_recv=112	 errin=0	 errout=0	 dropin=0	 dropout=0	read_count=0	 write_count=5	 read_bytes=0	 write_bytes=24576	
Time=14:11:18	CPU0 Usage=4.5	CPU0time_system=4939.66	CPU0time_idle=72492.3	ram_available=1234513920	ram_percent=41.1	swap_used=12263424	swap_percent=0.6	bytes_sent=25504	 bytes_recv=318493	 packets_sent=172	 packets_recv=263	 errin=0	 errout=0	 dropin=0	 dropout=0	read_count=0	 write_count=0	 read_bytes=0	 write_bytes=0	
Time=14:11:20	CPU0 Usage=1.5	CPU0time_system=4939.66	CPU0time_idle=72494.25	ram_available=1234452480	ram_percent=41.1	swap_used=12263424	swap_percent=0.6	bytes_sent=16080	 bytes_recv=199236	 packets_sent=113	 packets_recv=172	 errin=0	 errout=0	 dropin=0	 dropout=0	read_count=0	 write_count=0	 read_bytes=0	 write_bytes=0	
Time=14:11:22	CPU0 Usage=0.0	CPU0time_system=4939.67	CPU0time_idle=72496.24	ram_available=1234485248	ram_percent=41.1	swap_used=12263424	swap_percent=0.6	bytes_sent=1732	 bytes_recv=19213	 packets_sent=12	 packets_recv=17	 errin=0	 errout=0	 dropin=0	 dropout=0	read_count=0	 write_count=3	 read_bytes=0	 write_bytes=16384	
Time=14:11:24	CPU0 Usage=3.5	CPU0time_system=4939.68	CPU0time_idle=72498.17	ram_available=1233911808	ram_percent=41.2	swap_used=12263424	swap_percent=0.6	bytes_sent=20474	 bytes_recv=252259	 packets_sent=142	 packets_recv=208	 errin=0	 errout=0	 dropin=0	 dropout=0	read_count=0	 write_count=0	 read_bytes=0	 write_bytes=0	
Time=14:11:26	CPU0 Usage=1.5	CPU0time_system=4939.7	CPU0time_idle=72500.12	ram_available=1233690624	ram_percent=41.2	swap_used=12263424	swap_percent=0.6	bytes_sent=12114	 bytes_recv=152607	 packets_sent=83	 packets_recv=132	 errin=0	 errout=0	 dropin=0	 dropout=0	read_count=0	 write_count=8	 read_bytes=0	 write_bytes=49152	
Time=14:11:28	CPU0 Usage=1.5	CPU0time_system=4939.73	CPU0time_idle=72502.09	ram_available=1233604608	ram_percent=41.2	swap_used=12263424	swap_percent=0.6	bytes_sent=10573	 bytes_recv=117822	 packets_sent=70	 packets_recv=102	 errin=0	 errout=0	 dropin=0	 dropout=0	read_count=0	 write_count=0	 read_bytes=0	 write_bytes=0	
Time=14:11:30	CPU0 Usage=1.5	CPU0time_system=4939.76	CPU0time_idle=72504.05	ram_available=1233244160	ram_percent=41.2	swap_used=12263424	swap_percent=0.6	bytes_sent=9606	 bytes_recv=111276	 packets_sent=64	 packets_recv=93	 errin=0	 errout=0	 dropin=0	 dropout=0	read_count=0	 write_count=0	 read_bytes=0	 write_bytes=0	
Time=14:11:32	CPU0 Usage=3.0	CPU0time_system=4939.82	CPU0time_idle=72506.0	ram_available=1233031168	ram_percent=41.2	swap_used=12263424	swap_percent=0.6	bytes_sent=15475	 bytes_recv=197589	 packets_sent=106	 packets_recv=166	 errin=0	 errout=0	 dropin=0	 dropout=0	read_count=0	 write_count=8	 read_bytes=0	 write_bytes=32768	
Time=14:11:34	CPU0 Usage=2.0	CPU0time_system=4939.86	CPU0time_idle=72507.96	ram_available=1232777216	ram_percent=41.2	swap_used=12263424	swap_percent=0.6	bytes_sent=13525	 bytes_recv=155037	 packets_sent=93	 packets_recv=134	 errin=0	 errout=0	 dropin=0	 dropout=0	read_count=0	 write_count=0	 read_bytes=0	 write_bytes=0	
Time=14:11:36	CPU0 Usage=2.0	CPU0time_system=4939.9	CPU0time_idle=72509.91	ram_available=1232490496	ram_percent=41.2	swap_used=12263424	swap_percent=0.6	bytes_sent=15415	 bytes_recv=188603	 packets_sent=108	 packets_recv=161	 errin=0	 errout=0	 dropin=0	 dropout=0	read_count=0	 write_count=0	 read_bytes=0	 write_bytes=0	
Time=14:11:38	CPU0 Usage=1.5	CPU0time_system=4939.93	CPU0time_idle=72511.86	ram_available=1232109568	ram_percent=41.3	swap_used=12263424	swap_percent=0.6	bytes_sent=15638	 bytes_recv=192674	 packets_sent=106	 packets_recv=166	 errin=0	 errout=0	 dropin=0	 dropout=0	read_count=0	 write_count=0	 read_bytes=0	 write_bytes=0	
Time=14:11:40	CPU0 Usage=1.5	CPU0time_system=4939.96	CPU0time_idle=72513.79	ram_available=1231794176	ram_percent=41.3	swap_used=12263424	swap_percent=0.6	bytes_sent=18132	 bytes_recv=232383	 packets_sent=126	 packets_recv=196	 errin=0	 errout=0	 dropin=0	 dropout=0	read_count=0	 write_count=0	 read_bytes=0	 write_bytes=0	
Time=14:11:42	CPU0 Usage=1.0	CPU0time_system=4939.98	CPU0time_idle=72515.75	ram_available=1231441920	ram_percent=41.3	swap_used=12263424	swap_percent=0.6	bytes_sent=12101	 bytes_recv=140996	 packets_sent=83	 packets_recv=120	 errin=0	 errout=0	 dropin=0	 dropout=0	read_count=0	 write_count=0	 read_bytes=0	 write_bytes=0	
Time=14:11:44	CPU0 Usage=1.5	CPU0time_system=4940.01	CPU0time_idle=72517.71	ram_available=1231347712	ram_percent=41.3	swap_used=12263424	swap_percent=0.6	bytes_sent=10627	 bytes_recv=135410	 packets_sent=73	 packets_recv=114	 errin=0	 errout=0	 dropin=0	 dropout=0	read_count=0	 write_count=0	 read_bytes=0	 write_bytes=0	
Time=14:11:46	CPU0 Usage=1.0	CPU0time_system=4940.03	CPU0time_idle=72519.67	ram_available=1231126528	ram_percent=41.3	swap_used=12263424	swap_percent=0.6	bytes_sent=12940	 bytes_recv=153685	 packets_sent=89	 packets_recv=130	 errin=0	 errout=0	 dropin=0	 dropout=0	read_count=0	 write_count=0	 read_bytes=0	 write_bytes=0	
Time=14:11:48	CPU0 Usage=2.5	CPU0time_system=4940.08	CPU0time_idle=72521.62	ram_available=1230938112	ram_percent=41.3	swap_used=12263424	swap_percent=0.6	bytes_sent=15266	 bytes_recv=182099	 packets_sent=101	 packets_recv=145	 errin=0	 errout=0	 dropin=0	 dropout=0	read_count=0	 write_count=0	 read_bytes=0	 write_bytes=0	
Time=14:11:50	CPU0 Usage=1.0	CPU0time_system=4940.1	CPU0time_idle=72523.6	ram_available=1230712832	ram_percent=41.3	swap_used=12263424	swap_percent=0.6	bytes_sent=4105	 bytes_recv=56457	 packets_sent=29	 packets_recv=48	 errin=0	 errout=0	 dropin=0	 dropout=0	read_count=0	 write_count=0	 read_bytes=0	 write_bytes=0	
Time=14:11:52	CPU0 Usage=2.0	CPU0time_system=4940.14	CPU0time_idle=72525.55	ram_available=1230491648	ram_percent=41.3	swap_used=12263424	swap_percent=0.6	bytes_sent=12493	 bytes_recv=152869	 packets_sent=87	 packets_recv=126	 errin=0	 errout=0	 dropin=0	 dropout=0	read_count=0	 write_count=0	 read_bytes=0	 write_bytes=0	
Time=14:11:54	CPU0 Usage=0.0	CPU0time_system=4940.14	CPU0time_idle=72527.54	ram_available=1230491648	ram_percent=41.3	swap_used=12263424	swap_percent=0.6	bytes_sent=976	 bytes_recv=7938	 packets_sent=6	 packets_recv=8	 errin=0	 errout=0	 dropin=0	 dropout=0	read_count=0	 write_count=0	 read_bytes=0	 write_bytes=0	
Time=14:11:56	CPU0 Usage=3.6	CPU0time_system=4940.21	CPU0time_idle=72529.44	ram_available=1229570048	ram_percent=41.4	swap_used=12263424	swap_percent=0.6	bytes_sent=33369	 bytes_recv=414676	 packets_sent=231	 packets_recv=345	 errin=0	 errout=0	 dropin=0	 dropout=0	read_count=0	 write_count=0	 read_bytes=0	 write_bytes=0	
Time=14:11:58	CPU0 Usage=0.5	CPU0time_system=4940.22	CPU0time_idle=72531.4	ram_available=1229447168	ram_percent=41.4	swap_used=12263424	swap_percent=0.6	bytes_sent=7920	 bytes_recv=95046	 packets_sent=52	 packets_recv=83	 errin=0	 errout=0	 dropin=0	 dropout=0	read_count=0	 write_count=0	 read_bytes=0	 write_bytes=0	
Time=14:12:00	CPU0 Usage=0.0	CPU0time_system=4940.22	CPU0time_idle=72533.37	ram_available=1229254656	ram_percent=41.4	swap_used=12263424	swap_percent=0.6	bytes_sent=21821	 bytes_recv=93984	 packets_sent=58	 packets_recv=79	 errin=0	 errout=0	 dropin=0	 dropout=0	read_count=0	 write_count=0	 read_bytes=0	 write_bytes=0	
Time=14:12:02	CPU0 Usage=3.0	CPU0time_system=4940.28	CPU0time_idle=72535.29	ram_available=1228943360	ram_percent=41.4	swap_used=12263424	swap_percent=0.6	bytes_sent=24888	 bytes_recv=309581	 packets_sent=171	 packets_recv=254	 errin=0	 errout=0	 dropin=0	 dropout=0	read_count=0	 write_count=0	 read_bytes=0	 write_bytes=0	
Time=14:12:04	CPU0 Usage=2.0	CPU0time_system=4940.32	CPU0time_idle=72537.23	ram_available=1228496896	ram_percent=41.4	swap_used=12263424	swap_percent=0.6	bytes_sent=17079	 bytes_recv=219513	 packets_sent=119	 packets_recv=181	 errin=0	 errout=0	 dropin=0	 dropout=0	read_count=0	 write_count=0	 read_bytes=0	 write_bytes=0	
Time=14:12:06	CPU0 Usage=0.5	CPU0time_system=4940.33	CPU0time_idle=72539.2	ram_available=1228271616	ram_percent=41.4	swap_used=12263424	swap_percent=0.6	bytes_sent=9119	 bytes_recv=100552	 packets_sent=63	 packets_recv=90	 errin=0	 errout=0	 dropin=0	 dropout=0	read_count=0	 write_count=0	 read_bytes=0	 write_bytes=0	
Time=14:12:08	CPU0 Usage=0.5	CPU0time_system=4940.34	CPU0time_idle=72541.18	ram_available=1228177408	ram_percent=41.4	swap_used=12263424	swap_percent=0.6	bytes_sent=5221	 bytes_recv=64664	 packets_sent=36	 packets_recv=51	 errin=0	 errout=0	 dropin=0	 dropout=0	read_count=0	 write_count=0	 read_bytes=0	 write_bytes=0	
Time=14:12:10	CPU0 Usage=2.5	CPU0time_system=4940.38	CPU0time_idle=72543.12	ram_available=1227923456	ram_percent=41.5	swap_used=12263424	swap_percent=0.6	bytes_sent=18748	 bytes_recv=236935	 packets_sent=128	 packets_recv=193	 errin=0	 errout=0	 dropin=0	 dropout=0	read_count=0	 write_count=0	 read_bytes=0	 write_bytes=0	
Time=14:12:12	CPU0 Usage=2.5	CPU0time_system=4940.43	CPU0time_idle=72545.08	ram_available=1227476992	ram_percent=41.5	swap_used=12263424	swap_percent=0.6	bytes_sent=10576	 bytes_recv=130449	 packets_sent=71	 packets_recv=106	 errin=0	 errout=0	 dropin=0	 dropout=0	read_count=0	 write_count=0	 read_bytes=0	 write_bytes=0	
Time=14:12:14	CPU0 Usage=3.5	CPU0time_system=4940.49	CPU0time_idle=72547.01	ram_available=1227255808	ram_percent=41.5	swap_used=12263424	swap_percent=0.6	bytes_sent=19247	 bytes_recv=226578	 packets_sent=131	 packets_recv=193	 errin=0	 errout=0	 dropin=0	 dropout=0	read_count=0	 write_count=0	 read_bytes=0	 write_bytes=0	
Time=14:12:16	CPU0 Usage=1.5	CPU0time_system=4940.52	CPU0time_idle=72548.96	ram_available=1227001856	ram_percent=41.5	swap_used=12263424	swap_percent=0.6	bytes_sent=13568	 bytes_recv=171669	 packets_sent=94	 packets_recv=143	 errin=0	 errout=0	 dropin=0	 dropout=0	read_count=0	 write_count=0	 read_bytes=0	 write_bytes=0	
Time=14:12:18	CPU0 Usage=0.5	CPU0time_system=4940.53	CPU0time_idle=72550.94	ram_available=1226874880	ram_percent=41.5	swap_used=12263424	swap_percent=0.6	bytes_sent=7643	 bytes_recv=89598	 packets_sent=53	 packets_recv=78	 errin=0	 errout=0	 dropin=0	 dropout=0	read_count=0	 write_count=0	 read_bytes=0	 write_bytes=0	
Time=14:12:20	CPU0 Usage=2.0	CPU0time_system=4940.57	CPU0time_idle=72552.88	ram_available=1226526720	ram_percent=41.5	swap_used=12263424	swap_percent=0.6	bytes_sent=16082	 bytes_recv=201228	 packets_sent=107	 packets_recv=170	 errin=0	 errout=0	 dropin=0	 dropout=0	read_count=0	 write_count=0	 read_bytes=0	 write_bytes=0	
Time=14:12:22	CPU0 Usage=1.5	CPU0time_system=4940.6	CPU0time_idle=72554.84	ram_available=1226301440	ram_percent=41.5	swap_used=12263424	swap_percent=0.6	bytes_sent=10251	 bytes_recv=123870	 packets_sent=71	 packets_recv=102	 errin=0	 errout=0	 dropin=0	 dropout=0	read_count=0	 write_count=0	 read_bytes=0	 write_bytes=0	
Time=14:12:24	CPU0 Usage=2.0	CPU0time_system=4940.64	CPU0time_idle=72556.79	ram_available=1226080256	ram_percent=41.5	swap_used=12263424	swap_percent=0.6	bytes_sent=16202	 bytes_recv=184164	 packets_sent=109	 packets_recv=168	 errin=0	 errout=0	 dropin=0	 dropout=0	read_count=0	 write_count=0	 read_bytes=0	 write_bytes=0	
Time=14:12:26	CPU0 Usage=2.0	CPU0time_system=4940.68	CPU0time_idle=72558.75	ram_available=1225924608	ram_percent=41.6	swap_used=12263424	swap_percent=0.6	bytes_sent=11622	 bytes_recv=136237	 packets_sent=77	 packets_recv=117	 errin=0	 errout=0	 dropin=0	 dropout=0	read_count=0	 write_count=0	 read_bytes=0	 write_bytes=0	
Time=14:12:28	CPU0 Usage=3.0	CPU0time_system=4940.74	CPU0time_idle=72560.7	ram_available=1225646080	ram_percent=41.6	swap_used=12263424	swap_percent=0.6	bytes_sent=15757	 bytes_recv=187360	 packets_sent=108	 packets_recv=160	 errin=0	 errout=0	 dropin=0	 dropout=0	read_count=0	 write_count=0	 read_bytes=0	 write_bytes=0	
Time=14:12:30	CPU0 Usage=3.0	CPU0time_system=4940.8	CPU0time_idle=72562.62	ram_available=1225199616	ram_percent=41.6	swap_used=12263424	swap_percent=0.6	bytes_sent=24969	 bytes_recv=305121	 packets_sent=171	 packets_recv=257	 errin=0	 errout=0	 dropin=0	 dropout=0	read_count=0	 write_count=0	 read_bytes=0	 write_bytes=0	
Time=14:12:32	CPU0 Usage=1.0	CPU0time_system=4940.82	CPU0time_idle=72564.59	ram_available=1225039872	ram_percent=41.6	swap_used=12263424	swap_percent=0.6	bytes_sent=5116	 bytes_recv=61635	 packets_sent=36	 packets_recv=53	 errin=0	 errout=0	 dropin=0	 dropout=0	read_count=0	 write_count=0	 read_bytes=0	 write_bytes=0	
Time=14:12:34	CPU0 Usage=2.5	CPU0time_system=4940.87	CPU0time_idle=72566.55	ram_available=1224847360	ram_percent=41.6	swap_used=12263424	swap_percent=0.6	bytes_sent=10556	 bytes_recv=131897	 packets_sent=73	 packets_recv=114	 errin=0	 errout=0	 dropin=0	 dropout=0	read_count=0	 write_count=0	 read_bytes=0	 write_bytes=0	
Time=14:12:36	CPU0 Usage=2.0	CPU0time_system=4940.91	CPU0time_idle=72568.5	ram_available=1224499200	ram_percent=41.6	swap_used=12263424	swap_percent=0.6	bytes_sent=13377	 bytes_recv=171411	 packets_sent=93	 packets_recv=143	 errin=0	 errout=0	 dropin=0	 dropout=0	read_count=0	 write_count=0	 read_bytes=0	 write_bytes=0	
Time=14:12:38	CPU0 Usage=2.5	CPU0time_system=4940.96	CPU0time_idle=72570.43	ram_available=1224216576	ram_percent=41.6	swap_used=12263424	swap_percent=0.6	bytes_sent=21803	 bytes_recv=263315	 packets_sent=149	 packets_recv=221	 errin=0	 errout=0	 dropin=0	 dropout=0	read_count=0	 write_count=0	 read_bytes=0	 write_bytes=0	
Time=14:12:40	CPU0 Usage=1.0	CPU0time_system=4940.98	CPU0time_idle=72572.4	ram_available=1224089600	ram_percent=41.6	swap_used=12263424	swap_percent=0.6	bytes_sent=7849	 bytes_recv=91535	 packets_sent=53	 packets_recv=77	 errin=0	 errout=0	 dropin=0	 dropout=0	read_count=0	 write_count=0	 read_bytes=0	 write_bytes=0	
Time=14:12:42	CPU0 Usage=0.5	CPU0time_system=4940.99	CPU0time_idle=72574.37	ram_available=1224024064	ram_percent=41.6	swap_used=12263424	swap_percent=0.6	bytes_sent=8606	 bytes_recv=98211	 packets_sent=57	 packets_recv=84	 errin=0	 errout=0	 dropin=0	 dropout=0	read_count=0	 write_count=0	 read_bytes=0	 write_bytes=0	
Time=14:12:44	CPU0 Usage=4.0	CPU0time_system=4941.06	CPU0time_idle=72576.3	ram_available=1223581696	ram_percent=41.7	swap_used=12263424	swap_percent=0.6	bytes_sent=22658	 bytes_recv=279400	 packets_sent=156	 packets_recv=234	 errin=0	 errout=0	 dropin=0	 dropout=0	read_count=0	 write_count=0	 read_bytes=0	 write_bytes=0	
Time=14:12:46	CPU0 Usage=1.5	CPU0time_system=4941.09	CPU0time_idle=72578.26	ram_available=1223356416	ram_percent=41.7	swap_used=12263424	swap_percent=0.6	bytes_sent=9804	 bytes_recv=119676	 packets_sent=68	 packets_recv=102	 errin=0	 errout=0	 dropin=0	 dropout=0	read_count=0	 write_count=0	 read_bytes=0	 write_bytes=0	
Time=14:12:48	CPU0 Usage=1.0	CPU0time_system=4941.11	CPU0time_idle=72580.24	ram_available=1223356416	ram_percent=41.7	swap_used=12263424	swap_percent=0.6	bytes_sent=5236	 bytes_recv=57792	 packets_sent=34	 packets_recv=51	 errin=0	 errout=0	 dropin=0	 dropout=0	read_count=0	 write_count=0	 read_bytes=0	 write_bytes=0	
Time=14:12:50	CPU0 Usage=5.1	CPU0time_system=4941.2	CPU0time_idle=72582.12	ram_available=1236172800	ram_percent=41.1	swap_used=12263424	swap_percent=0.6	bytes_sent=29918	 bytes_recv=379100	 packets_sent=203	 packets_recv=311	 errin=0	 errout=0	 dropin=0	 dropout=0	read_count=0	 write_count=0	 read_bytes=0	 write_bytes=0	
Time=14:12:52	CPU0 Usage=0.0	CPU0time_system=4941.2	CPU0time_idle=72584.1	ram_available=1236271104	ram_percent=41.1	swap_used=12263424	swap_percent=0.6	bytes_sent=18623	 bytes_recv=70996	 packets_sent=45	 packets_recv=65	 errin=0	 errout=0	 dropin=0	 dropout=0	read_count=0	 write_count=0	 read_bytes=0	 write_bytes=0	
Time=14:12:54	CPU0 Usage=1.0	CPU0time_system=4941.22	CPU0time_idle=72586.05	ram_available=1236271104	ram_percent=41.1	swap_used=12263424	swap_percent=0.6	bytes_sent=16132	 bytes_recv=196800	 packets_sent=111	 packets_recv=171	 errin=0	 errout=0	 dropin=0	 dropout=0	read_count=0	 write_count=0	 read_bytes=0	 write_bytes=0	
Time=14:12:56	CPU0 Usage=1.5	CPU0time_system=4941.24	CPU0time_idle=72588.02	ram_available=1236238336	ram_percent=41.1	swap_used=12263424	swap_percent=0.6	bytes_sent=8281	 bytes_recv=92544	 packets_sent=56	 packets_recv=80	 errin=0	 errout=0	 dropin=0	 dropout=0	read_count=0	 write_count=0	 read_bytes=0	 write_bytes=0	
Time=14:12:58	CPU0 Usage=1.5	CPU0time_system=4941.27	CPU0time_idle=72589.98	ram_available=1236189184	ram_percent=41.1	swap_used=12263424	swap_percent=0.6	bytes_sent=10263	 bytes_recv=119605	 packets_sent=68	 packets_recv=104	 errin=0	 errout=0	 dropin=0	 dropout=0	read_count=0	 write_count=0	 read_bytes=0	 write_bytes=0	
Time=14:13:00	CPU0 Usage=3.0	CPU0time_system=4941.32	CPU0time_idle=72591.91	ram_available=1236000768	ram_percent=41.1	swap_used=12263424	swap_percent=0.6	bytes_sent=20820	 bytes_recv=256758	 packets_sent=140	 packets_recv=212	 errin=0	 errout=0	 dropin=0	 dropout=0	read_count=0	 write_count=0	 read_bytes=0	 write_bytes=0	
Time=14:13:02	CPU0 Usage=2.0	CPU0time_system=4941.36	CPU0time_idle=72593.86	ram_available=1235746816	ram_percent=41.1	swap_used=12263424	swap_percent=0.6	bytes_sent=12172	 bytes_recv=156072	 packets_sent=83	 packets_recv=130	 errin=0	 errout=0	 dropin=0	 dropout=0	read_count=0	 write_count=0	 read_bytes=0	 write_bytes=0	
Time=14:13:04	CPU0 Usage=2.5	CPU0time_system=4941.41	CPU0time_idle=72595.81	ram_available=1235460096	ram_percent=41.1	swap_used=12263424	swap_percent=0.6	bytes_sent=14652	 bytes_recv=174685	 packets_sent=101	 packets_recv=147	 errin=0	 errout=0	 dropin=0	 dropout=0	read_count=0	 write_count=0	 read_bytes=0	 write_bytes=0	
Time=14:13:06	CPU0 Usage=1.5	CPU0time_system=4941.44	CPU0time_idle=72597.78	ram_available=1235267584	ram_percent=41.1	swap_used=12263424	swap_percent=0.6	bytes_sent=9071	 bytes_recv=110933	 packets_sent=61	 packets_recv=92	 errin=0	 errout=0	 dropin=0	 dropout=0	read_count=0	 write_count=0	 read_bytes=0	 write_bytes=0	
Time=14:13:08	CPU0 Usage=2.5	CPU0time_system=4941.48	CPU0time_idle=72599.73	ram_available=1234919424	ram_percent=41.1	swap_used=12263424	swap_percent=0.6	bytes_sent=13397	 bytes_recv=159512	 packets_sent=91	 packets_recv=142	 errin=0	 errout=0	 dropin=0	 dropout=0	read_count=0	 write_count=0	 read_bytes=0	 write_bytes=0	
Time=14:13:10	CPU0 Usage=2.5	CPU0time_system=4941.53	CPU0time_idle=72601.66	ram_available=1234472960	ram_percent=41.1	swap_used=12263424	swap_percent=0.6	bytes_sent=20655	 bytes_recv=251066	 packets_sent=142	 packets_recv=217	 errin=0	 errout=0	 dropin=0	 dropout=0	read_count=0	 write_count=0	 read_bytes=0	 write_bytes=0	
Time=14:13:12	CPU0 Usage=2.5	CPU0time_system=4941.58	CPU0time_idle=72603.61	ram_available=1234284544	ram_percent=41.2	swap_used=12263424	swap_percent=0.6	bytes_sent=16169	 bytes_recv=205402	 packets_sent=117	 packets_recv=176	 errin=0	 errout=0	 dropin=0	 dropout=0	read_count=0	 write_count=0	 read_bytes=0	 write_bytes=0	
Time=14:13:14	CPU0 Usage=2.0	CPU0time_system=4941.61	CPU0time_idle=72605.57	ram_available=1234190336	ram_percent=41.2	swap_used=12263424	swap_percent=0.6	bytes_sent=9961	 bytes_recv=123001	 packets_sent=69	 packets_recv=102	 errin=0	 errout=0	 dropin=0	 dropout=0	read_count=0	 write_count=0	 read_bytes=0	 write_bytes=0	
Time=14:13:16	CPU0 Usage=0.5	CPU0time_system=4941.62	CPU0time_idle=72607.55	ram_available=1234030592	ram_percent=41.2	swap_used=12263424	swap_percent=0.6	bytes_sent=4197	 bytes_recv=51630	 packets_sent=29	 packets_recv=45	 errin=0	 errout=0	 dropin=0	 dropout=0	read_count=0	 write_count=0	 read_bytes=0	 write_bytes=0	
Time=14:13:18	CPU0 Usage=5.0	CPU0time_system=4941.71	CPU0time_idle=72609.47	ram_available=1233362944	ram_percent=41.2	swap_used=12263424	swap_percent=0.6	bytes_sent=27632	 bytes_recv=318680	 packets_sent=184	 packets_recv=275	 errin=0	 errout=0	 dropin=0	 dropout=0	read_count=0	 write_count=0	 read_bytes=0	 write_bytes=0	
Time=14:13:20	CPU0 Usage=2.5	CPU0time_system=4941.75	CPU0time_idle=72611.39	ram_available=1232949248	ram_percent=41.2	swap_used=12263424	swap_percent=0.6	bytes_sent=24008	 bytes_recv=300211	 packets_sent=165	 packets_recv=251	 errin=0	 errout=0	 dropin=0	 dropout=0	read_count=0	 write_count=0	 read_bytes=0	 write_bytes=0	
Time=14:13:22	CPU0 Usage=2.0	CPU0time_system=4941.79	CPU0time_idle=72613.34	ram_available=1232826368	ram_percent=41.2	swap_used=12263424	swap_percent=0.6	bytes_sent=15759	 bytes_recv=192988	 packets_sent=108	 packets_recv=166	 errin=0	 errout=0	 dropin=0	 dropout=0	read_count=0	 write_count=0	 read_bytes=0	 write_bytes=0	
Time=14:13:24	CPU0 Usage=1.0	CPU0time_system=4941.81	CPU0time_idle=72615.3	ram_available=1232375808	ram_percent=41.2	swap_used=12263424	swap_percent=0.6	bytes_sent=8778	 bytes_recv=106815	 packets_sent=61	 packets_recv=90	 errin=0	 errout=0	 dropin=0	 dropout=0	read_count=0	 write_count=0	 read_bytes=0	 write_bytes=0	
Time=14:13:26	CPU0 Usage=0.5	CPU0time_system=4941.82	CPU0time_idle=72617.28	ram_available=1232375808	ram_percent=41.2	swap_used=12263424	swap_percent=0.6	bytes_sent=5179	 bytes_recv=66032	 packets_sent=35	 packets_recv=59	 errin=0	 errout=0	 dropin=0	 dropout=0	read_count=0	 write_count=0	 read_bytes=0	 write_bytes=0	
Time=14:13:28	CPU0 Usage=4.0	CPU0time_system=4941.9	CPU0time_idle=72619.19	ram_available=1231773696	ram_percent=41.3	swap_used=12263424	swap_percent=0.6	bytes_sent=25796	 bytes_recv=322161	 packets_sent=177	 packets_recv=272	 errin=0	 errout=0	 dropin=0	 dropout=0	read_count=0	 write_count=0	 read_bytes=0	 write_bytes=0	
Time=14:13:30	CPU0 Usage=2.5	CPU0time_system=4941.94	CPU0time_idle=72621.15	ram_available=1231519744	ram_percent=41.3	swap_used=12263424	swap_percent=0.6	bytes_sent=13437	 bytes_recv=162551	 packets_sent=90	 packets_recv=133	 errin=0	 errout=0	 dropin=0	 dropout=0	read_count=0	 write_count=0	 read_bytes=0	 write_bytes=0	
Time=14:13:32	CPU0 Usage=0.5	CPU0time_system=4941.95	CPU0time_idle=72623.12	ram_available=1231425536	ram_percent=41.3	swap_used=12263424	swap_percent=0.6	bytes_sent=7014	 bytes_recv=82717	 packets_sent=47	 packets_recv=72	 errin=0	 errout=0	 dropin=0	 dropout=0	read_count=0	 write_count=0	 read_bytes=0	 write_bytes=0	
Time=14:13:34	CPU0 Usage=2.0	CPU0time_system=4941.99	CPU0time_idle=72625.06	ram_available=1231110144	ram_percent=41.3	swap_used=12263424	swap_percent=0.6	bytes_sent=19470	 bytes_recv=242154	 packets_sent=131	 packets_recv=198	 errin=0	 errout=0	 dropin=0	 dropout=0	read_count=0	 write_count=0	 read_bytes=0	 write_bytes=0	
Time=14:13:36	CPU0 Usage=1.5	CPU0time_system=4942.02	CPU0time_idle=72626.99	ram_available=1230823424	ram_percent=41.3	swap_used=12263424	swap_percent=0.6	bytes_sent=18839	 bytes_recv=226865	 packets_sent=127	 packets_recv=187	 errin=0	 errout=0	 dropin=0	 dropout=0	read_count=0	 write_count=0	 read_bytes=0	 write_bytes=0	
Time=14:13:38	CPU0 Usage=2.0	CPU0time_system=4942.06	CPU0time_idle=72628.95	ram_available=1230536704	ram_percent=41.3	swap_used=12263424	swap_percent=0.6	bytes_sent=10746	 bytes_recv=128095	 packets_sent=75	 packets_recv=114	 errin=0	 errout=0	 dropin=0	 dropout=0	read_count=0	 write_count=0	 read_bytes=0	 write_bytes=0	
Time=14:13:40	CPU0 Usage=1.5	CPU0time_system=4942.09	CPU0time_idle=72630.9	ram_available=1230344192	ram_percent=41.3	swap_used=12263424	swap_percent=0.6	bytes_sent=13795	 bytes_recv=169094	 packets_sent=95	 packets_recv=141	 errin=0	 errout=0	 dropin=0	 dropout=0	read_count=0	 write_count=0	 read_bytes=0	 write_bytes=0	
Time=14:13:42	CPU0 Usage=2.0	CPU0time_system=4942.14	CPU0time_idle=72632.86	ram_available=1230090240	ram_percent=41.4	swap_used=12263424	swap_percent=0.6	bytes_sent=27710	 bytes_recv=164104	 packets_sent=98	 packets_recv=144	 errin=0	 errout=0	 dropin=0	 dropout=0	read_count=0	 write_count=0	 read_bytes=0	 write_bytes=0	
Time=14:13:44	CPU0 Usage=1.5	CPU0time_system=4942.16	CPU0time_idle=72634.82	ram_available=1229996032	ram_percent=41.4	swap_used=12263424	swap_percent=0.6	bytes_sent=9168	 bytes_recv=105335	 packets_sent=62	 packets_recv=86	 errin=0	 errout=0	 dropin=0	 dropout=0	read_count=0	 write_count=0	 read_bytes=0	 write_bytes=0	
Time=14:13:46	CPU0 Usage=4.0	CPU0time_system=4942.24	CPU0time_idle=72636.73	ram_available=1229389824	ram_percent=41.4	swap_used=12263424	swap_percent=0.6	bytes_sent=28016	 bytes_recv=339993	 packets_sent=191	 packets_recv=293	 errin=0	 errout=0	 dropin=0	 dropout=0	read_count=0	 write_count=0	 read_bytes=0	 write_bytes=0	
Time=14:13:48	CPU0 Usage=0.5	CPU0time_system=4942.25	CPU0time_idle=72638.71	ram_available=1229422592	ram_percent=41.4	swap_used=12263424	swap_percent=0.6	bytes_sent=5828	 bytes_recv=68643	 packets_sent=39	 packets_recv=64	 errin=0	 errout=0	 dropin=0	 dropout=0	read_count=0	 write_count=0	 read_bytes=0	 write_bytes=0	
Time=14:13:50	CPU0 Usage=2.0	CPU0time_system=4942.29	CPU0time_idle=72640.65	ram_available=1229201408	ram_percent=41.4	swap_used=12263424	swap_percent=0.6	bytes_sent=19299	 bytes_recv=229005	 packets_sent=130	 packets_recv=194	 errin=0	 errout=0	 dropin=0	 dropout=0	read_count=0	 write_count=0	 read_bytes=0	 write_bytes=0	
Time=14:13:52	CPU0 Usage=1.0	CPU0time_system=4942.3	CPU0time_idle=72642.61	ram_available=1229107200	ram_percent=41.4	swap_used=12263424	swap_percent=0.6	bytes_sent=8707	 bytes_recv=98717	 packets_sent=59	 packets_recv=89	 errin=0	 errout=0	 dropin=0	 dropout=0	read_count=0	 write_count=0	 read_bytes=0	 write_bytes=0	
Time=14:13:54	CPU0 Usage=1.5	CPU0time_system=4942.33	CPU0time_idle=72644.56	ram_available=1228886016	ram_percent=41.4	swap_used=12263424	swap_percent=0.6	bytes_sent=14293	 bytes_recv=178934	 packets_sent=96	 packets_recv=150	 errin=0	 errout=0	 dropin=0	 dropout=0	read_count=0	 write_count=0	 read_bytes=0	 write_bytes=0	
Time=14:13:56	CPU0 Usage=2.0	CPU0time_system=4942.36	CPU0time_idle=72646.52	ram_available=1228697600	ram_percent=41.4	swap_used=12263424	swap_percent=0.6	bytes_sent=12416	 bytes_recv=158967	 packets_sent=83	 packets_recv=129	 errin=0	 errout=0	 dropin=0	 dropout=0	read_count=0	 write_count=0	 read_bytes=0	 write_bytes=0	
Time=14:13:58	CPU0 Usage=1.5	CPU0time_system=4942.38	CPU0time_idle=72648.47	ram_available=1228378112	ram_percent=41.4	swap_used=12263424	swap_percent=0.6	bytes_sent=11007	 bytes_recv=126155	 packets_sent=71	 packets_recv=106	 errin=0	 errout=0	 dropin=0	 dropout=0	read_count=0	 write_count=0	 read_bytes=0	 write_bytes=0	
Time=14:14:00	CPU0 Usage=2.0	CPU0time_system=4942.42	CPU0time_idle=72650.42	ram_available=1228185600	ram_percent=41.4	swap_used=12263424	swap_percent=0.6	bytes_sent=14493	 bytes_recv=182433	 packets_sent=99	 packets_recv=155	 errin=0	 errout=0	 dropin=0	 dropout=0	read_count=0	 write_count=0	 read_bytes=0	 write_bytes=0	
Time=14:14:02	CPU0 Usage=1.5	CPU0time_system=4942.45	CPU0time_idle=72652.38	ram_available=1227915264	ram_percent=41.5	swap_used=12263424	swap_percent=0.6	bytes_sent=9485	 bytes_recv=115366	 packets_sent=68	 packets_recv=104	 errin=0	 errout=0	 dropin=0	 dropout=0	read_count=0	 write_count=0	 read_bytes=0	 write_bytes=0	
Time=14:14:04	CPU0 Usage=0.5	CPU0time_system=4942.46	CPU0time_idle=72654.36	ram_available=1227853824	ram_percent=41.5	swap_used=12263424	swap_percent=0.6	bytes_sent=6101	 bytes_recv=76787	 packets_sent=42	 packets_recv=61	 errin=0	 errout=0	 dropin=0	 dropout=0	read_count=0	 write_count=0	 read_bytes=0	 write_bytes=0	
Time=14:14:06	CPU0 Usage=2.5	CPU0time_system=4942.51	CPU0time_idle=72656.28	ram_available=1227538432	ram_percent=41.5	swap_used=12263424	swap_percent=0.6	bytes_sent=23392	 bytes_recv=283153	 packets_sent=155	 packets_recv=240	 errin=0	 errout=0	 dropin=0	 dropout=0	read_count=0	 write_count=0	 read_bytes=0	 write_bytes=0	
Time=14:14:08	CPU0 Usage=1.5	CPU0time_system=4942.54	CPU0time_idle=72658.25	ram_available=1227411456	ram_percent=41.5	swap_used=12263424	swap_percent=0.6	bytes_sent=8466	 bytes_recv=98025	 packets_sent=57	 packets_recv=87	 errin=0	 errout=0	 dropin=0	 dropout=0	read_count=0	 write_count=0	 read_bytes=0	 write_bytes=0	
Time=14:14:10	CPU0 Usage=1.5	CPU0time_system=4942.57	CPU0time_idle=72660.21	ram_available=1227218944	ram_percent=41.5	swap_used=12263424	swap_percent=0.6	bytes_sent=12233	 bytes_recv=148130	 packets_sent=83	 packets_recv=124	 errin=0	 errout=0	 dropin=0	 dropout=0	read_count=0	 write_count=0	 read_bytes=0	 write_bytes=0	
Time=14:14:12	CPU0 Usage=1.5	CPU0time_system=4942.6	CPU0time_idle=72662.17	ram_available=1226960896	ram_percent=41.5	swap_used=12263424	swap_percent=0.6	bytes_sent=9913	 bytes_recv=113109	 packets_sent=70	 packets_recv=102	 errin=0	 errout=0	 dropin=0	 dropout=0	read_count=0	 write_count=0	 read_bytes=0	 write_bytes=0	
Time=14:14:14	CPU0 Usage=1.0	CPU0time_system=4942.62	CPU0time_idle=72664.14	ram_available=1226801152	ram_percent=41.5	swap_used=12263424	swap_percent=0.6	bytes_sent=6671	 bytes_recv=75479	 packets_sent=44	 packets_recv=67	 errin=0	 errout=0	 dropin=0	 dropout=0	read_count=0	 write_count=0	 read_bytes=0	 write_bytes=0	
Time=14:14:16	CPU0 Usage=1.0	CPU0time_system=4942.64	CPU0time_idle=72666.11	ram_available=1226723328	ram_percent=41.5	swap_used=12263424	swap_percent=0.6	bytes_sent=8174	 bytes_recv=96690	 packets_sent=55	 packets_recv=81	 errin=0	 errout=0	 dropin=0	 dropout=0	read_count=0	 write_count=0	 read_bytes=0	 write_bytes=0	
Time=14:14:18	CPU0 Usage=3.5	CPU0time_system=4942.7	CPU0time_idle=72668.04	ram_available=1226346496	ram_percent=41.5	swap_used=12263424	swap_percent=0.6	bytes_sent=21870	 bytes_recv=271492	 packets_sent=150	 packets_recv=235	 errin=0	 errout=0	 dropin=0	 dropout=0	read_count=0	 write_count=0	 read_bytes=0	 write_bytes=0	
Time=14:14:20	CPU0 Usage=1.0	CPU0time_system=4942.72	CPU0time_idle=72670.0	ram_available=1226153984	ram_percent=41.5	swap_used=12263424	swap_percent=0.6	bytes_sent=10814	 bytes_recv=132931	 packets_sent=75	 packets_recv=109	 errin=0	 errout=0	 dropin=0	 dropout=0	read_count=0	 write_count=0	 read_bytes=0	 write_bytes=0	
Time=14:14:22	CPU0 Usage=4.5	CPU0time_system=4942.81	CPU0time_idle=72671.9	ram_available=1225564160	ram_percent=41.6	swap_used=12263424	swap_percent=0.6	bytes_sent=26870	 bytes_recv=337166	 packets_sent=184	 packets_recv=279	 errin=0	 errout=0	 dropin=0	 dropout=0	read_count=0	 write_count=0	 read_bytes=0	 write_bytes=0	
Time=14:14:24	CPU0 Usage=4.1	CPU0time_system=4942.88	CPU0time_idle=72673.78	ram_available=1223200768	ram_percent=41.7	swap_used=12263424	swap_percent=0.6	bytes_sent=15619	 bytes_recv=191286	 packets_sent=108	 packets_recv=158	 errin=0	 errout=0	 dropin=0	 dropout=0	read_count=0	 write_count=0	 read_bytes=0	 write_bytes=0	
Time=14:14:26	CPU0 Usage=0.5	CPU0time_system=4942.89	CPU0time_idle=72675.72	ram_available=1223200768	ram_percent=41.7	swap_used=12263424	swap_percent=0.6	bytes_sent=3893	 bytes_recv=44633	 packets_sent=26	 packets_recv=39	 errin=0	 errout=0	 dropin=0	 dropout=0	read_count=0	 write_count=0	 read_bytes=0	 write_bytes=0	
Time=14:14:28	CPU0 Usage=4.6	CPU0time_system=4942.97	CPU0time_idle=72677.58	ram_available=1222934528	ram_percent=41.7	swap_used=12263424	swap_percent=0.6	bytes_sent=27403	 bytes_recv=328855	 packets_sent=187	 packets_recv=275	 errin=0	 errout=0	 dropin=0	 dropout=0	read_count=0	 write_count=0	 read_bytes=0	 write_bytes=0	
Time=14:14:30	CPU0 Usage=2.0	CPU0time_system=4943.0	CPU0time_idle=72679.52	ram_available=1222877184	ram_percent=41.7	swap_used=12263424	swap_percent=0.6	bytes_sent=3564	 bytes_recv=44154	 packets_sent=25	 packets_recv=42	 errin=0	 errout=0	 dropin=0	 dropout=0	read_count=0	 write_count=0	 read_bytes=0	 write_bytes=0	
Time=14:14:32	CPU0 Usage=4.1	CPU0time_system=4943.07	CPU0time_idle=72681.41	ram_available=1222594560	ram_percent=41.7	swap_used=12263424	swap_percent=0.6	bytes_sent=17556	 bytes_recv=218260	 packets_sent=118	 packets_recv=178	 errin=0	 errout=0	 dropin=0	 dropout=0	read_count=0	 write_count=0	 read_bytes=0	 write_bytes=0	
Time=14:14:34	CPU0 Usage=3.6	CPU0time_system=4943.13	CPU0time_idle=72683.31	ram_available=1233629184	ram_percent=41.2	swap_used=12263424	swap_percent=0.6	bytes_sent=25659	 bytes_recv=136829	 packets_sent=84	 packets_recv=118	 errin=0	 errout=0	 dropin=0	 dropout=0	read_count=0	 write_count=0	 read_bytes=0	 write_bytes=0	
Time=14:14:36	CPU0 Usage=5.6	CPU0time_system=4943.23	CPU0time_idle=72685.16	ram_available=1233563648	ram_percent=41.2	swap_used=12263424	swap_percent=0.6	bytes_sent=29812	 bytes_recv=368891	 packets_sent=202	 packets_recv=312	 errin=0	 errout=0	 dropin=0	 dropout=0	read_count=0	 write_count=0	 read_bytes=0	 write_bytes=0	
Time=14:14:38	CPU0 Usage=4.0	CPU0time_system=4943.3	CPU0time_idle=72687.08	ram_available=1233563648	ram_percent=41.2	swap_used=12263424	swap_percent=0.6	bytes_sent=8759	 bytes_recv=104792	 packets_sent=60	 packets_recv=95	 errin=0	 errout=0	 dropin=0	 dropout=0	read_count=0	 write_count=0	 read_bytes=0	 write_bytes=0	
Time=14:14:40	CPU0 Usage=3.6	CPU0time_system=4943.36	CPU0time_idle=72688.98	ram_available=1233563648	ram_percent=41.2	swap_used=12263424	swap_percent=0.6	bytes_sent=14436	 bytes_recv=170024	 packets_sent=97	 packets_recv=145	 errin=0	 errout=0	 dropin=0	 dropout=0	read_count=0	 write_count=0	 read_bytes=0	 write_bytes=0	
Time=14:14:42	CPU0 Usage=5.0	CPU0time_system=4943.45	CPU0time_idle=72690.88	ram_available=1233596416	ram_percent=41.2	swap_used=12263424	swap_percent=0.6	bytes_sent=16389	 bytes_recv=190398	 packets_sent=108	 packets_recv=157	 errin=0	 errout=0	 dropin=0	 dropout=0	read_count=0	 write_count=0	 read_bytes=0	 write_bytes=0	
Time=14:14:44	CPU0 Usage=4.0	CPU0time_system=4943.52	CPU0time_idle=72692.8	ram_available=1233596416	ram_percent=41.2	swap_used=12263424	swap_percent=0.6	bytes_sent=7652	 bytes_recv=98321	 packets_sent=53	 packets_recv=81	 errin=0	 errout=0	 dropin=0	 dropout=0	read_count=0	 write_count=0	 read_bytes=0	 write_bytes=0	
Time=14:14:46	CPU0 Usage=3.0	CPU0time_system=4943.58	CPU0time_idle=72694.72	ram_available=1233530880	ram_percent=41.2	swap_used=12263424	swap_percent=0.6	bytes_sent=5137	 bytes_recv=62181	 packets_sent=33	 packets_recv=52	 errin=0	 errout=0	 dropin=0	 dropout=0	read_count=0	 write_count=0	 read_bytes=0	 write_bytes=0	
Time=14:14:48	CPU0 Usage=4.5	CPU0time_system=4943.66	CPU0time_idle=72696.63	ram_available=1233563648	ram_percent=41.2	swap_used=12263424	swap_percent=0.6	bytes_sent=11043	 bytes_recv=140048	 packets_sent=76	 packets_recv=119	 errin=0	 errout=0	 dropin=0	 dropout=0	read_count=0	 write_count=0	 read_bytes=0	 write_bytes=0	
Time=14:14:50	CPU0 Usage=3.6	CPU0time_system=4943.72	CPU0time_idle=72698.53	ram_available=1233408000	ram_percent=41.2	swap_used=12263424	swap_percent=0.6	bytes_sent=13457	 bytes_recv=157809	 packets_sent=93	 packets_recv=139	 errin=0	 errout=0	 dropin=0	 dropout=0	read_count=0	 write_count=0	 read_bytes=0	 write_bytes=0	
Time=14:14:52	CPU0 Usage=3.5	CPU0time_system=4943.78	CPU0time_idle=72700.46	ram_available=1233375232	ram_percent=41.2	swap_used=12263424	swap_percent=0.6	bytes_sent=4125	 bytes_recv=49609	 packets_sent=28	 packets_recv=42	 errin=0	 errout=0	 dropin=0	 dropout=0	read_count=0	 write_count=0	 read_bytes=0	 write_bytes=0	
Time=14:14:54	CPU0 Usage=5.1	CPU0time_system=4943.86	CPU0time_idle=72702.34	ram_available=1232887808	ram_percent=41.2	swap_used=12263424	swap_percent=0.6	bytes_sent=18646	 bytes_recv=237415	 packets_sent=126	 packets_recv=201	 errin=0	 errout=0	 dropin=0	 dropout=0	read_count=0	 write_count=0	 read_bytes=0	 write_bytes=0	
Time=14:14:56	CPU0 Usage=5.9	CPU0time_system=4943.97	CPU0time_idle=72704.24	ram_available=1232445440	ram_percent=41.2	swap_used=12263424	swap_percent=0.6	bytes_sent=15036	 bytes_recv=194428	 packets_sent=103	 packets_recv=163	 errin=0	 errout=0	 dropin=0	 dropout=0	read_count=0	 write_count=0	 read_bytes=0	 write_bytes=0	
Time=14:14:58	CPU0 Usage=7.5	CPU0time_system=4944.09	CPU0time_idle=72706.1	ram_available=1231998976	ram_percent=41.3	swap_used=12263424	swap_percent=0.6	bytes_sent=19790	 bytes_recv=244278	 packets_sent=134	 packets_recv=204	 errin=0	 errout=0	 dropin=0	 dropout=0	read_count=0	 write_count=0	 read_bytes=0	 write_bytes=0	
Time=14:15:00	CPU0 Usage=5.5	CPU0time_system=4944.18	CPU0time_idle=72707.98	ram_available=1231392768	ram_percent=41.3	swap_used=12263424	swap_percent=0.6	bytes_sent=19542	 bytes_recv=226294	 packets_sent=128	 packets_recv=196	 errin=0	 errout=0	 dropin=0	 dropout=0	read_count=0	 write_count=0	 read_bytes=0	 write_bytes=0	
Time=14:15:02	CPU0 Usage=3.0	CPU0time_system=4944.23	CPU0time_idle=72709.91	ram_available=1231360000	ram_percent=41.3	swap_used=12263424	swap_percent=0.6	bytes_sent=4125	 bytes_recv=48528	 packets_sent=30	 packets_recv=45	 errin=0	 errout=0	 dropin=0	 dropout=0	read_count=0	 write_count=0	 read_bytes=0	 write_bytes=0	
Time=14:15:04	CPU0 Usage=2.5	CPU0time_system=4944.28	CPU0time_idle=72711.83	ram_available=1231233024	ram_percent=41.3	swap_used=12263424	swap_percent=0.6	bytes_sent=8088	 bytes_recv=101332	 packets_sent=55	 packets_recv=86	 errin=0	 errout=0	 dropin=0	 dropout=0	read_count=0	 write_count=0	 read_bytes=0	 write_bytes=0	
Time=14:15:06	CPU0 Usage=4.5	CPU0time_system=4944.36	CPU0time_idle=72713.73	ram_available=1231077376	ram_percent=41.3	swap_used=12263424	swap_percent=0.6	bytes_sent=12798	 bytes_recv=157055	 packets_sent=86	 packets_recv=133	 errin=0	 errout=0	 dropin=0	 dropout=0	read_count=0	 write_count=0	 read_bytes=0	 write_bytes=0	
Time=14:15:08	CPU0 Usage=4.1	CPU0time_system=4944.43	CPU0time_idle=72715.62	ram_available=1230888960	ram_percent=41.3	swap_used=12263424	swap_percent=0.6	bytes_sent=15166	 bytes_recv=183070	 packets_sent=101	 packets_recv=154	 errin=0	 errout=0	 dropin=0	 dropout=0	read_count=0	 write_count=0	 read_bytes=0	 write_bytes=0	
Time=14:15:10	CPU0 Usage=4.5	CPU0time_system=4944.5	CPU0time_idle=72717.53	ram_available=1230761984	ram_percent=41.3	swap_used=12263424	swap_percent=0.6	bytes_sent=10108	 bytes_recv=126011	 packets_sent=67	 packets_recv=105	 errin=0	 errout=0	 dropin=0	 dropout=0	read_count=0	 write_count=0	 read_bytes=0	 write_bytes=0	
Time=14:15:12	CPU0 Usage=6.0	CPU0time_system=4944.59	CPU0time_idle=72719.42	ram_available=1230475264	ram_percent=41.3	swap_used=12263424	swap_percent=0.6	bytes_sent=15391	 bytes_recv=179400	 packets_sent=105	 packets_recv=156	 errin=0	 errout=0	 dropin=0	 dropout=0	read_count=0	 write_count=0	 read_bytes=0	 write_bytes=0	
Time=14:15:14	CPU0 Usage=5.9	CPU0time_system=4944.7	CPU0time_idle=72721.32	ram_available=1230123008	ram_percent=41.4	swap_used=12263424	swap_percent=0.6	bytes_sent=11745	 bytes_recv=146185	 packets_sent=80	 packets_recv=127	 errin=0	 errout=0	 dropin=0	 dropout=0	read_count=0	 write_count=0	 read_bytes=0	 write_bytes=0	
Time=14:15:16	CPU0 Usage=3.0	CPU0time_system=4944.76	CPU0time_idle=72723.25	ram_available=1229963264	ram_percent=41.4	swap_used=12263424	swap_percent=0.6	bytes_sent=3989	 bytes_recv=46919	 packets_sent=26	 packets_recv=40	 errin=0	 errout=0	 dropin=0	 dropout=0	read_count=0	 write_count=0	 read_bytes=0	 write_bytes=0	
Time=14:15:18	CPU0 Usage=4.1	CPU0time_system=4944.82	CPU0time_idle=72725.13	ram_available=1229742080	ram_percent=41.4	swap_used=12263424	swap_percent=0.6	bytes_sent=20408	 bytes_recv=242817	 packets_sent=139	 packets_recv=207	 errin=0	 errout=0	 dropin=0	 dropout=0	read_count=0	 write_count=0	 read_bytes=0	 write_bytes=0	
Time=14:15:21	CPU0 Usage=4.5	CPU0time_system=4944.89	CPU0time_idle=72727.03	ram_available=1229647872	ram_percent=41.4	swap_used=12263424	swap_percent=0.6	bytes_sent=15728	 bytes_recv=180978	 packets_sent=103	 packets_recv=149	 errin=0	 errout=0	 dropin=0	 dropout=0	read_count=0	 write_count=0	 read_bytes=0	 write_bytes=0	
Time=14:15:23	CPU0 Usage=3.1	CPU0time_system=4944.94	CPU0time_idle=72728.93	ram_available=1229590528	ram_percent=41.4	swap_used=12263424	swap_percent=0.6	bytes_sent=16192	 bytes_recv=199738	 packets_sent=111	 packets_recv=169	 errin=0	 errout=0	 dropin=0	 dropout=0	read_count=0	 write_count=0	 read_bytes=0	 write_bytes=0	
Time=14:15:25	CPU0 Usage=2.5	CPU0time_system=4944.97	CPU0time_idle=72730.86	ram_available=1229496320	ram_percent=41.4	swap_used=12263424	swap_percent=0.6	bytes_sent=17985	 bytes_recv=48276	 packets_sent=31	 packets_recv=44	 errin=0	 errout=0	 dropin=0	 dropout=0	read_count=0	 write_count=0	 read_bytes=0	 write_bytes=0	
Time=14:15:27	CPU0 Usage=2.5	CPU0time_system=4945.01	CPU0time_idle=72732.79	ram_available=1229299712	ram_percent=41.4	swap_used=12263424	swap_percent=0.6	bytes_sent=4764	 bytes_recv=56459	 packets_sent=33	 packets_recv=48	 errin=0	 errout=0	 dropin=0	 dropout=0	read_count=0	 write_count=0	 read_bytes=0	 write_bytes=0	
Time=14:15:29	CPU0 Usage=5.1	CPU0time_system=4945.07	CPU0time_idle=72734.67	ram_available=1228857344	ram_percent=41.4	swap_used=12263424	swap_percent=0.6	bytes_sent=23366	 bytes_recv=278994	 packets_sent=159	 packets_recv=242	 errin=0	 errout=0	 dropin=0	 dropout=0	read_count=0	 write_count=0	 read_bytes=0	 write_bytes=0	
Time=14:15:31	CPU0 Usage=4.0	CPU0time_system=4945.13	CPU0time_idle=72736.57	ram_available=1228603392	ram_percent=41.4	swap_used=12263424	swap_percent=0.6	bytes_sent=15495	 bytes_recv=191036	 packets_sent=107	 packets_recv=160	 errin=0	 errout=0	 dropin=0	 dropout=0	read_count=0	 write_count=0	 read_bytes=0	 write_bytes=0	
Time=14:15:33	CPU0 Usage=4.5	CPU0time_system=4945.19	CPU0time_idle=72738.48	ram_available=1228414976	ram_percent=41.4	swap_used=12263424	swap_percent=0.6	bytes_sent=11141	 bytes_recv=135229	 packets_sent=76	 packets_recv=118	 errin=0	 errout=0	 dropin=0	 dropout=0	read_count=0	 write_count=0	 read_bytes=0	 write_bytes=0	
Time=14:15:35	CPU0 Usage=4.0	CPU0time_system=4945.24	CPU0time_idle=72740.39	ram_available=1228156928	ram_percent=41.4	swap_used=12263424	swap_percent=0.6	bytes_sent=9344	 bytes_recv=110430	 packets_sent=62	 packets_recv=101	 errin=0	 errout=0	 dropin=0	 dropout=0	read_count=0	 write_count=0	 read_bytes=0	 write_bytes=0	
Time=14:15:37	CPU0 Usage=4.5	CPU0time_system=4945.28	CPU0time_idle=72742.31	ram_available=1228161024	ram_percent=41.4	swap_used=12263424	swap_percent=0.6	bytes_sent=8880	 bytes_recv=98769	 packets_sent=62	 packets_recv=90	 errin=0	 errout=0	 dropin=0	 dropout=0	read_count=0	 write_count=0	 read_bytes=0	 write_bytes=0	
Time=14:15:39	CPU0 Usage=3.5	CPU0time_system=4945.33	CPU0time_idle=72744.22	ram_available=1228001280	ram_percent=41.5	swap_used=12263424	swap_percent=0.6	bytes_sent=11318	 bytes_recv=133140	 packets_sent=78	 packets_recv=115	 errin=0	 errout=0	 dropin=0	 dropout=0	read_count=0	 write_count=0	 read_bytes=0	 write_bytes=0	
Time=14:15:41	CPU0 Usage=4.0	CPU0time_system=4945.37	CPU0time_idle=72746.13	ram_available=1227776000	ram_percent=41.5	swap_used=12263424	swap_percent=0.6	bytes_sent=8724	 bytes_recv=104252	 packets_sent=57	 packets_recv=90	 errin=0	 errout=0	 dropin=0	 dropout=0	read_count=0	 write_count=0	 read_bytes=0	 write_bytes=0	
Time=14:15:43	CPU0 Usage=5.5	CPU0time_system=4945.43	CPU0time_idle=72748.01	ram_available=1227653120	ram_percent=41.5	swap_used=12263424	swap_percent=0.6	bytes_sent=21234	 bytes_recv=246661	 packets_sent=148	 packets_recv=212	 errin=0	 errout=0	 dropin=0	 dropout=0	read_count=0	 write_count=0	 read_bytes=0	 write_bytes=0	
Time=14:15:45	CPU0 Usage=4.0	CPU0time_system=4945.46	CPU0time_idle=72749.91	ram_available=1227431936	ram_percent=41.5	swap_used=12263424	swap_percent=0.6	bytes_sent=13355	 bytes_recv=163736	 packets_sent=92	 packets_recv=140	 errin=0	 errout=0	 dropin=0	 dropout=0	read_count=0	 write_count=0	 read_bytes=0	 write_bytes=0	
Time=14:15:47	CPU0 Usage=5.0	CPU0time_system=4945.48	CPU0time_idle=72751.82	ram_available=1227079680	ram_percent=41.5	swap_used=12263424	swap_percent=0.6	bytes_sent=10652	 bytes_recv=124227	 packets_sent=76	 packets_recv=112	 errin=0	 errout=0	 dropin=0	 dropout=0	read_count=0	 write_count=0	 read_bytes=0	 write_bytes=0	
Time=14:15:49	CPU0 Usage=7.5	CPU0time_system=4945.5	CPU0time_idle=72753.68	ram_available=1226665984	ram_percent=41.5	swap_used=12263424	swap_percent=0.6	bytes_sent=26005	 bytes_recv=321212	 packets_sent=178	 packets_recv=264	 errin=0	 errout=0	 dropin=0	 dropout=0	read_count=0	 write_count=0	 read_bytes=0	 write_bytes=0	
Time=14:15:51	CPU0 Usage=4.0	CPU0time_system=4945.57	CPU0time_idle=72755.6	ram_available=1226571776	ram_percent=41.5	swap_used=12263424	swap_percent=0.6	bytes_sent=8386	 bytes_recv=93901	 packets_sent=56	 packets_recv=85	 errin=0	 errout=0	 dropin=0	 dropout=0	read_count=0	 write_count=0	 read_bytes=0	 write_bytes=0	
Time=14:15:53	CPU0 Usage=5.0	CPU0time_system=4945.65	CPU0time_idle=72757.51	ram_available=1226477568	ram_percent=41.5	swap_used=12263424	swap_percent=0.6	bytes_sent=9649	 bytes_recv=114384	 packets_sent=65	 packets_recv=98	 errin=0	 errout=0	 dropin=0	 dropout=0	read_count=0	 write_count=0	 read_bytes=0	 write_bytes=0	
Time=14:15:55	CPU0 Usage=6.5	CPU0time_system=4945.78	CPU0time_idle=72759.39	ram_available=1226387456	ram_percent=41.5	swap_used=12263424	swap_percent=0.6	bytes_sent=19588	 bytes_recv=247981	 packets_sent=133	 packets_recv=204	 errin=0	 errout=0	 dropin=0	 dropout=0	read_count=0	 write_count=0	 read_bytes=0	 write_bytes=0	
Time=14:15:57	CPU0 Usage=4.1	CPU0time_system=4945.86	CPU0time_idle=72761.27	ram_available=1226100736	ram_percent=41.5	swap_used=12263424	swap_percent=0.6	bytes_sent=19045	 bytes_recv=234084	 packets_sent=128	 packets_recv=193	 errin=0	 errout=0	 dropin=0	 dropout=0	read_count=0	 write_count=0	 read_bytes=0	 write_bytes=0	
Time=14:15:59	CPU0 Usage=3.5	CPU0time_system=4945.93	CPU0time_idle=72763.18	ram_available=1225973760	ram_percent=41.6	swap_used=12263424	swap_percent=0.6	bytes_sent=6923	 bytes_recv=81910	 packets_sent=44	 packets_recv=69	 errin=0	 errout=0	 dropin=0	 dropout=0	read_count=0	 write_count=0	 read_bytes=0	 write_bytes=0	
Time=14:16:01	CPU0 Usage=6.0	CPU0time_system=4946.04	CPU0time_idle=72765.06	ram_available=1225609216	ram_percent=41.6	swap_used=12263424	swap_percent=0.6	bytes_sent=18988	 bytes_recv=230830	 packets_sent=129	 packets_recv=192	 errin=0	 errout=0	 dropin=0	 dropout=0	read_count=0	 write_count=0	 read_bytes=0	 write_bytes=0	
Time=14:16:03	CPU0 Usage=5.5	CPU0time_system=4946.13	CPU0time_idle=72766.94	ram_available=1224986624	ram_percent=41.6	swap_used=12263424	swap_percent=0.6	bytes_sent=22171	 bytes_recv=272484	 packets_sent=151	 packets_recv=231	 errin=0	 errout=0	 dropin=0	 dropout=0	read_count=0	 write_count=0	 read_bytes=0	 write_bytes=0	
Time=14:16:05	CPU0 Usage=4.5	CPU0time_system=4946.22	CPU0time_idle=72768.85	ram_available=1224859648	ram_percent=41.6	swap_used=12263424	swap_percent=0.6	bytes_sent=8568	 bytes_recv=105242	 packets_sent=57	 packets_recv=86	 errin=0	 errout=0	 dropin=0	 dropout=0	read_count=0	 write_count=0	 read_bytes=0	 write_bytes=0	
Time=14:16:07	CPU0 Usage=5.9	CPU0time_system=4946.32	CPU0time_idle=72770.76	ram_available=1224699904	ram_percent=41.6	swap_used=12263424	swap_percent=0.6	bytes_sent=10718	 bytes_recv=129387	 packets_sent=75	 packets_recv=109	 errin=0	 errout=0	 dropin=0	 dropout=0	read_count=0	 write_count=0	 read_bytes=0	 write_bytes=0	
Time=14:16:09	CPU0 Usage=4.5	CPU0time_system=4946.4	CPU0time_idle=72772.66	ram_available=1224540160	ram_percent=41.6	swap_used=12263424	swap_percent=0.6	bytes_sent=12955	 bytes_recv=144926	 packets_sent=88	 packets_recv=132	 errin=0	 errout=0	 dropin=0	 dropout=0	read_count=0	 write_count=0	 read_bytes=0	 write_bytes=0	
Time=14:16:11	CPU0 Usage=4.6	CPU0time_system=4946.46	CPU0time_idle=72774.54	ram_available=1224380416	ram_percent=41.6	swap_used=12263424	swap_percent=0.6	bytes_sent=16722	 bytes_recv=198807	 packets_sent=117	 packets_recv=164	 errin=0	 errout=0	 dropin=0	 dropout=0	read_count=0	 write_count=0	 read_bytes=0	 write_bytes=0	
Time=14:16:13	CPU0 Usage=3.0	CPU0time_system=4946.52	CPU0time_idle=72776.45	ram_available=1224159232	ram_percent=41.6	swap_used=12263424	swap_percent=0.6	bytes_sent=10435	 bytes_recv=123766	 packets_sent=71	 packets_recv=111	 errin=0	 errout=0	 dropin=0	 dropout=0	read_count=0	 write_count=0	 read_bytes=0	 write_bytes=0	
Time=14:16:15	CPU0 Usage=4.6	CPU0time_system=4946.59	CPU0time_idle=72778.33	ram_available=1223745536	ram_percent=41.7	swap_used=12263424	swap_percent=0.6	bytes_sent=21453	 bytes_recv=256927	 packets_sent=143	 packets_recv=215	 errin=0	 errout=0	 dropin=0	 dropout=0	read_count=0	 write_count=0	 read_bytes=0	 write_bytes=0	
Time=14:16:17	CPU0 Usage=6.5	CPU0time_system=4946.71	CPU0time_idle=72780.2	ram_available=1223364608	ram_percent=41.7	swap_used=12263424	swap_percent=0.6	bytes_sent=37973	 bytes_recv=292026	 packets_sent=168	 packets_recv=246	 errin=0	 errout=0	 dropin=0	 dropout=0	read_count=0	 write_count=0	 read_bytes=0	 write_bytes=0	
Time=14:16:19	CPU0 Usage=7.9	CPU0time_system=4946.84	CPU0time_idle=72782.06	ram_available=1222823936	ram_percent=41.7	swap_used=12263424	swap_percent=0.6	bytes_sent=29817	 bytes_recv=365844	 packets_sent=203	 packets_recv=305	 errin=0	 errout=0	 dropin=0	 dropout=0	read_count=0	 write_count=0	 read_bytes=0	 write_bytes=0	
Time=14:16:21	CPU0 Usage=1.5	CPU0time_system=4946.87	CPU0time_idle=72783.99	ram_available=1222729728	ram_percent=41.7	swap_used=12263424	swap_percent=0.6	bytes_sent=5815	 bytes_recv=70627	 packets_sent=41	 packets_recv=60	 errin=0	 errout=0	 dropin=0	 dropout=0	read_count=0	 write_count=0	 read_bytes=0	 write_bytes=0	
Time=14:16:23	CPU0 Usage=2.0	CPU0time_system=4946.91	CPU0time_idle=72785.91	ram_available=1222795264	ram_percent=41.7	swap_used=12263424	swap_percent=0.6	bytes_sent=8927	 bytes_recv=104450	 packets_sent=61	 packets_recv=89	 errin=0	 errout=0	 dropin=0	 dropout=0	read_count=0	 write_count=0	 read_bytes=0	 write_bytes=0	
Time=14:16:25	CPU0 Usage=6.5	CPU0time_system=4947.01	CPU0time_idle=72787.77	ram_available=1222180864	ram_percent=41.7	swap_used=12263424	swap_percent=0.6	bytes_sent=27441	 bytes_recv=326363	 packets_sent=189	 packets_recv=280	 errin=0	 errout=0	 dropin=0	 dropout=0	read_count=0	 write_count=0	 read_bytes=0	 write_bytes=0	
Time=14:16:27	CPU0 Usage=1.0	CPU0time_system=4947.03	CPU0time_idle=72789.72	ram_available=1222213632	ram_percent=41.7	swap_used=12263424	swap_percent=0.6	bytes_sent=0	 bytes_recv=0	 packets_sent=0	 packets_recv=0	 errin=0	 errout=0	 dropin=0	 dropout=0	read_count=0	 write_count=0	 read_bytes=0	 write_bytes=0	
Time=14:16:29	CPU0 Usage=4.5	CPU0time_system=4947.1	CPU0time_idle=72791.63	ram_available=1221959680	ram_percent=41.7	swap_used=12263424	swap_percent=0.6	bytes_sent=11110	 bytes_recv=133164	 packets_sent=74	 packets_recv=109	 errin=0	 errout=0	 dropin=0	 dropout=0	read_count=0	 write_count=0	 read_bytes=0	 write_bytes=0	
Time=14:16:31	CPU0 Usage=3.1	CPU0time_system=4947.15	CPU0time_idle=72793.52	ram_available=1221738496	ram_percent=41.8	swap_used=12263424	swap_percent=0.6	bytes_sent=14408	 bytes_recv=182913	 packets_sent=96	 packets_recv=155	 errin=0	 errout=0	 dropin=0	 dropout=0	read_count=0	 write_count=0	 read_bytes=0	 write_bytes=0	
Time=14:16:33	CPU0 Usage=5.5	CPU0time_system=4947.24	CPU0time_idle=72795.4	ram_available=1233477632	ram_percent=41.2	swap_used=12263424	swap_percent=0.6	bytes_sent=18347	 bytes_recv=218450	 packets_sent=125	 packets_recv=188	 errin=0	 errout=0	 dropin=0	 dropout=0	read_count=0	 write_count=0	 read_bytes=0	 write_bytes=0	
Time=14:16:35	CPU0 Usage=3.0	CPU0time_system=4947.3	CPU0time_idle=72797.33	ram_available=1233379328	ram_percent=41.2	swap_used=12263424	swap_percent=0.6	bytes_sent=4864	 bytes_recv=61060	 packets_sent=34	 packets_recv=53	 errin=0	 errout=0	 dropin=0	 dropout=0	read_count=0	 write_count=0	 read_bytes=0	 write_bytes=0	
Time=14:16:37	CPU0 Usage=5.5	CPU0time_system=4947.39	CPU0time_idle=72799.21	ram_available=1233444864	ram_percent=41.2	swap_used=12263424	swap_percent=0.6	bytes_sent=20550	 bytes_recv=256098	 packets_sent=139	 packets_recv=215	 errin=0	 errout=0	 dropin=0	 dropout=0	read_count=0	 write_count=0	 read_bytes=0	 write_bytes=0	
Time=14:16:39	CPU0 Usage=6.5	CPU0time_system=4947.5	CPU0time_idle=72801.09	ram_available=1233379328	ram_percent=41.2	swap_used=12263424	swap_percent=0.6	bytes_sent=21929	 bytes_recv=260415	 packets_sent=150	 packets_recv=226	 errin=0	 errout=0	 dropin=0	 dropout=0	read_count=0	 write_count=0	 read_bytes=0	 write_bytes=0	
Time=14:16:41	CPU0 Usage=2.0	CPU0time_system=4947.54	CPU0time_idle=72803.02	ram_available=1233379328	ram_percent=41.2	swap_used=12263424	swap_percent=0.6	bytes_sent=3095	 bytes_recv=37390	 packets_sent=21	 packets_recv=34	 errin=0	 errout=0	 dropin=0	 dropout=0	read_count=0	 write_count=0	 read_bytes=0	 write_bytes=0	
Time=14:16:43	CPU0 Usage=2.5	CPU0time_system=4947.59	CPU0time_idle=72804.94	ram_available=1233379328	ram_percent=41.2	swap_used=12263424	swap_percent=0.6	bytes_sent=6538	 bytes_recv=76262	 packets_sent=46	 packets_recv=61	 errin=0	 errout=0	 dropin=0	 dropout=0	read_count=0	 write_count=0	 read_bytes=0	 write_bytes=0	
Time=14:16:45	CPU0 Usage=3.5	CPU0time_system=4947.65	CPU0time_idle=72806.85	ram_available=1233412096	ram_percent=41.2	swap_used=12263424	swap_percent=0.6	bytes_sent=12810	 bytes_recv=156294	 packets_sent=87	 packets_recv=127	 errin=0	 errout=0	 dropin=0	 dropout=0	read_count=0	 write_count=0	 read_bytes=0	 write_bytes=0	
Time=14:16:47	CPU0 Usage=6.0	CPU0time_system=4947.75	CPU0time_idle=72808.74	ram_available=1233477632	ram_percent=41.2	swap_used=12263424	swap_percent=0.6	bytes_sent=15784	 bytes_recv=193388	 packets_sent=110	 packets_recv=165	 errin=0	 errout=0	 dropin=0	 dropout=0	read_count=0	 write_count=0	 read_bytes=0	 write_bytes=0	
Time=14:16:49	CPU0 Usage=4.5	CPU0time_system=4947.83	CPU0time_idle=72810.64	ram_available=1233473536	ram_percent=41.2	swap_used=12263424	swap_percent=0.6	bytes_sent=13102	 bytes_recv=153628	 packets_sent=90	 packets_recv=134	 errin=0	 errout=0	 dropin=0	 dropout=0	read_count=0	 write_count=0	 read_bytes=0	 write_bytes=0	
Time=14:16:51	CPU0 Usage=3.0	CPU0time_system=4947.88	CPU0time_idle=72812.55	ram_available=1233444864	ram_percent=41.2	swap_used=12263424	swap_percent=0.6	bytes_sent=6153	 bytes_recv=70630	 packets_sent=42	 packets_recv=58	 errin=0	 errout=0	 dropin=0	 dropout=0	read_count=0	 write_count=0	 read_bytes=0	 write_bytes=0	
Time=14:16:53	CPU0 Usage=4.0	CPU0time_system=4947.96	CPU0time_idle=72814.46	ram_available=1233412096	ram_percent=41.2	swap_used=12263424	swap_percent=0.6	bytes_sent=8750	 bytes_recv=97647	 packets_sent=58	 packets_recv=86	 errin=0	 errout=0	 dropin=0	 dropout=0	read_count=0	 write_count=0	 read_bytes=0	 write_bytes=0	
Time=14:16:55	CPU0 Usage=5.1	CPU0time_system=4948.05	CPU0time_idle=72816.34	ram_available=1233223680	ram_percent=41.2	swap_used=12263424	swap_percent=0.6	bytes_sent=22055	 bytes_recv=263887	 packets_sent=150	 packets_recv=223	 errin=0	 errout=0	 dropin=0	 dropout=0	read_count=0	 write_count=0	 read_bytes=0	 write_bytes=0	
Time=14:16:57	CPU0 Usage=5.1	CPU0time_system=4948.14	CPU0time_idle=72818.21	ram_available=1232936960	ram_percent=41.2	swap_used=12263424	swap_percent=0.6	bytes_sent=19549	 bytes_recv=241895	 packets_sent=135	 packets_recv=209	 errin=0	 errout=0	 dropin=0	 dropout=0	read_count=0	 write_count=0	 read_bytes=0	 write_bytes=0	
Time=14:16:59	CPU0 Usage=6.1	CPU0time_system=4948.24	CPU0time_idle=72820.07	ram_available=1232236544	ram_percent=41.3	swap_used=12263424	swap_percent=0.6	bytes_sent=20746	 bytes_recv=266405	 packets_sent=143	 packets_recv=223	 errin=0	 errout=0	 dropin=0	 dropout=0	read_count=0	 write_count=0	 read_bytes=0	 write_bytes=0	
Time=14:17:01	CPU0 Usage=3.5	CPU0time_system=4948.3	CPU0time_idle=72821.98	ram_available=1231728640	ram_percent=41.3	swap_used=12263424	swap_percent=0.6	bytes_sent=1206	 bytes_recv=17560	 packets_sent=8	 packets_recv=16	 errin=0	 errout=0	 dropin=0	 dropout=0	read_count=0	 write_count=0	 read_bytes=0	 write_bytes=0	
Time=14:17:03	CPU0 Usage=3.6	CPU0time_system=4948.36	CPU0time_idle=72823.88	ram_available=1231728640	ram_percent=41.3	swap_used=12263424	swap_percent=0.6	bytes_sent=7733	 bytes_recv=91774	 packets_sent=52	 packets_recv=75	 errin=0	 errout=0	 dropin=0	 dropout=0	read_count=0	 write_count=0	 read_bytes=0	 write_bytes=0	
Time=14:17:05	CPU0 Usage=5.1	CPU0time_system=4948.45	CPU0time_idle=72825.73	ram_available=1231699968	ram_percent=41.3	swap_used=12263424	swap_percent=0.6	bytes_sent=18886	 bytes_recv=224281	 packets_sent=126	 packets_recv=188	 errin=0	 errout=0	 dropin=0	 dropout=0	read_count=0	 write_count=15	 read_bytes=0	 write_bytes=106496	
Time=14:17:07	CPU0 Usage=9.6	CPU0time_system=4948.56	CPU0time_idle=72827.51	ram_available=1231577088	ram_percent=41.3	swap_used=12263424	swap_percent=0.6	bytes_sent=20901	 bytes_recv=75312	 packets_sent=52	 packets_recv=71	 errin=0	 errout=0	 dropin=0	 dropout=0	read_count=0	 write_count=0	 read_bytes=0	 write_bytes=0	
Time=14:17:09	CPU0 Usage=4.6	CPU0time_system=4948.64	CPU0time_idle=72829.39	ram_available=1231450112	ram_percent=41.3	swap_used=12263424	swap_percent=0.6	bytes_sent=11563	 bytes_recv=151200	 packets_sent=80	 packets_recv=123	 errin=0	 errout=0	 dropin=0	 dropout=0	read_count=0	 write_count=0	 read_bytes=0	 write_bytes=0	
Time=14:17:11	CPU0 Usage=4.6	CPU0time_system=4948.71	CPU0time_idle=72831.26	ram_available=1231097856	ram_percent=41.3	swap_used=12263424	swap_percent=0.6	bytes_sent=14686	 bytes_recv=173988	 packets_sent=101	 packets_recv=144	 errin=0	 errout=0	 dropin=0	 dropout=0	read_count=0	 write_count=0	 read_bytes=0	 write_bytes=0	
Time=14:17:13	CPU0 Usage=6.5	CPU0time_system=4948.81	CPU0time_idle=72833.13	ram_available=1230876672	ram_percent=41.3	swap_used=12263424	swap_percent=0.6	bytes_sent=18755	 bytes_recv=233161	 packets_sent=131	 packets_recv=197	 errin=0	 errout=0	 dropin=0	 dropout=0	read_count=0	 write_count=0	 read_bytes=0	 write_bytes=0	
Time=14:17:15	CPU0 Usage=2.6	CPU0time_system=4948.86	CPU0time_idle=72835.04	ram_available=1230655488	ram_percent=41.3	swap_used=12263424	swap_percent=0.6	bytes_sent=10175	 bytes_recv=110310	 packets_sent=67	 packets_recv=95	 errin=0	 errout=0	 dropin=0	 dropout=0	read_count=0	 write_count=0	 read_bytes=0	 write_bytes=0	
Time=14:17:17	CPU0 Usage=2.5	CPU0time_system=4948.9	CPU0time_idle=72836.97	ram_available=1230528512	ram_percent=41.3	swap_used=12263424	swap_percent=0.6	bytes_sent=8027	 bytes_recv=107912	 packets_sent=57	 packets_recv=91	 errin=0	 errout=0	 dropin=0	 dropout=0	read_count=0	 write_count=0	 read_bytes=0	 write_bytes=0	
Time=14:17:19	CPU0 Usage=4.0	CPU0time_system=4948.97	CPU0time_idle=72838.88	ram_available=1230336000	ram_percent=41.3	swap_used=12263424	swap_percent=0.6	bytes_sent=12606	 bytes_recv=146825	 packets_sent=87	 packets_recv=126	 errin=0	 errout=0	 dropin=0	 dropout=0	read_count=0	 write_count=0	 read_bytes=0	 write_bytes=0	
Time=14:17:21	CPU0 Usage=6.5	CPU0time_system=4949.08	CPU0time_idle=72840.76	ram_available=1230020608	ram_percent=41.4	swap_used=12263424	swap_percent=0.6	bytes_sent=22487	 bytes_recv=278003	 packets_sent=156	 packets_recv=234	 errin=0	 errout=0	 dropin=0	 dropout=0	read_count=0	 write_count=0	 read_bytes=0	 write_bytes=0	
Time=14:17:23	CPU0 Usage=3.0	CPU0time_system=4949.14	CPU0time_idle=72842.68	ram_available=1229799424	ram_percent=41.4	swap_used=12263424	swap_percent=0.6	bytes_sent=10672	 bytes_recv=127108	 packets_sent=71	 packets_recv=107	 errin=0	 errout=0	 dropin=0	 dropout=0	read_count=0	 write_count=0	 read_bytes=0	 write_bytes=0	
Time=14:17:25	CPU0 Usage=4.1	CPU0time_system=4949.2	CPU0time_idle=72844.57	ram_available=1229512704	ram_percent=41.4	swap_used=12263424	swap_percent=0.6	bytes_sent=18339	 bytes_recv=232706	 packets_sent=125	 packets_recv=194	 errin=0	 errout=0	 dropin=0	 dropout=0	read_count=0	 write_count=0	 read_bytes=0	 write_bytes=0	
Time=14:17:27	CPU0 Usage=4.5	CPU0time_system=4949.28	CPU0time_idle=72846.48	ram_available=1229324288	ram_percent=41.4	swap_used=12263424	swap_percent=0.6	bytes_sent=13297	 bytes_recv=155274	 packets_sent=87	 packets_recv=130	 errin=0	 errout=0	 dropin=0	 dropout=0	read_count=0	 write_count=0	 read_bytes=0	 write_bytes=0	
Time=14:17:29	CPU0 Usage=3.0	CPU0time_system=4949.32	CPU0time_idle=72848.39	ram_available=1229017088	ram_percent=41.4	swap_used=12263424	swap_percent=0.6	bytes_sent=14246	 bytes_recv=173042	 packets_sent=96	 packets_recv=146	 errin=0	 errout=0	 dropin=0	 dropout=0	read_count=0	 write_count=0	 read_bytes=0	 write_bytes=0	
Time=14:17:31	CPU0 Usage=3.6	CPU0time_system=4949.38	CPU0time_idle=72850.27	ram_available=1228443648	ram_percent=41.4	swap_used=12263424	swap_percent=0.6	bytes_sent=23086	 bytes_recv=283652	 packets_sent=156	 packets_recv=235	 errin=0	 errout=0	 dropin=0	 dropout=0	read_count=0	 write_count=4	 read_bytes=0	 write_bytes=16384	
Time=14:17:33	CPU0 Usage=4.1	CPU0time_system=4949.46	CPU0time_idle=72852.16	ram_available=1228029952	ram_percent=41.5	swap_used=12263424	swap_percent=0.6	bytes_sent=19855	 bytes_recv=234902	 packets_sent=136	 packets_recv=201	 errin=0	 errout=0	 dropin=0	 dropout=0	read_count=0	 write_count=0	 read_bytes=0	 write_bytes=0	
Time=14:17:35	CPU0 Usage=2.0	CPU0time_system=4949.5	CPU0time_idle=72854.09	ram_available=1228029952	ram_percent=41.5	swap_used=12263424	swap_percent=0.6	bytes_sent=9384	 bytes_recv=118663	 packets_sent=65	 packets_recv=101	 errin=0	 errout=0	 dropin=0	 dropout=0	read_count=0	 write_count=2	 read_bytes=0	 write_bytes=8192	
Time=14:17:37	CPU0 Usage=6.0	CPU0time_system=4949.59	CPU0time_idle=72855.96	ram_available=1227845632	ram_percent=41.5	swap_used=12263424	swap_percent=0.6	bytes_sent=23017	 bytes_recv=281715	 packets_sent=159	 packets_recv=228	 errin=0	 errout=0	 dropin=0	 dropout=0	read_count=0	 write_count=0	 read_bytes=0	 write_bytes=0	
Time=14:17:39	CPU0 Usage=4.5	CPU0time_system=4949.68	CPU0time_idle=72857.87	ram_available=1227784192	ram_percent=41.5	swap_used=12263424	swap_percent=0.6	bytes_sent=8136	 bytes_recv=102622	 packets_sent=55	 packets_recv=86	 errin=0	 errout=0	 dropin=0	 dropout=0	read_count=0	 write_count=0	 read_bytes=0	 write_bytes=0	
Time=14:17:41	CPU0 Usage=4.6	CPU0time_system=4949.75	CPU0time_idle=72859.75	ram_available=1227337728	ram_percent=41.5	swap_used=12263424	swap_percent=0.6	bytes_sent=19241	 bytes_recv=234083	 packets_sent=131	 packets_recv=197	 errin=0	 errout=0	 dropin=0	 dropout=0	read_count=0	 write_count=21	 read_bytes=0	 write_bytes=90112	
Time=14:17:43	CPU0 Usage=3.0	CPU0time_system=4949.82	CPU0time_idle=72861.66	ram_available=1227337728	ram_percent=41.5	swap_used=12263424	swap_percent=0.6	bytes_sent=11382	 bytes_recv=142040	 packets_sent=81	 packets_recv=123	 errin=0	 errout=0	 dropin=0	 dropout=0	read_count=0	 write_count=0	 read_bytes=0	 write_bytes=0	
Time=14:17:45	CPU0 Usage=4.0	CPU0time_system=4949.89	CPU0time_idle=72863.58	ram_available=1227177984	ram_percent=41.5	swap_used=12263424	swap_percent=0.6	bytes_sent=5660	 bytes_recv=69148	 packets_sent=39	 packets_recv=62	 errin=0	 errout=0	 dropin=0	 dropout=0	read_count=0	 write_count=0	 read_bytes=0	 write_bytes=0	
Time=14:17:47	CPU0 Usage=3.0	CPU0time_system=4949.95	CPU0time_idle=72865.5	ram_available=1227051008	ram_percent=41.5	swap_used=12263424	swap_percent=0.6	bytes_sent=10580	 bytes_recv=119482	 packets_sent=74	 packets_recv=104	 errin=0	 errout=0	 dropin=0	 dropout=0	read_count=0	 write_count=0	 read_bytes=0	 write_bytes=0	
Time=14:17:49	CPU0 Usage=2.5	CPU0time_system=4949.99	CPU0time_idle=72867.42	ram_available=1226858496	ram_percent=41.5	swap_used=12263424	swap_percent=0.6	bytes_sent=5704	 bytes_recv=62805	 packets_sent=38	 packets_recv=55	 errin=0	 errout=0	 dropin=0	 dropout=0	read_count=0	 write_count=0	 read_bytes=0	 write_bytes=0	
Time=14:17:51	CPU0 Usage=6.0	CPU0time_system=4950.1	CPU0time_idle=72869.3	ram_available=1226510336	ram_percent=41.5	swap_used=12263424	swap_percent=0.6	bytes_sent=18875	 bytes_recv=238209	 packets_sent=131	 packets_recv=204	 errin=0	 errout=0	 dropin=0	 dropout=0	read_count=0	 write_count=0	 read_bytes=0	 write_bytes=0	
Time=14:17:53	CPU0 Usage=3.6	CPU0time_system=4950.17	CPU0time_idle=72871.2	ram_available=1226350592	ram_percent=41.5	swap_used=12263424	swap_percent=0.6	bytes_sent=16207	 bytes_recv=187107	 packets_sent=109	 packets_recv=160	 errin=0	 errout=0	 dropin=0	 dropout=0	read_count=0	 write_count=0	 read_bytes=0	 write_bytes=0	
Time=14:17:55	CPU0 Usage=4.0	CPU0time_system=4950.24	CPU0time_idle=72873.1	ram_available=1226014720	ram_percent=41.5	swap_used=12263424	swap_percent=0.6	bytes_sent=12193	 bytes_recv=151568	 packets_sent=83	 packets_recv=122	 errin=0	 errout=0	 dropin=0	 dropout=0	read_count=0	 write_count=0	 read_bytes=0	 write_bytes=0	
Time=14:17:57	CPU0 Usage=3.5	CPU0time_system=4950.3	CPU0time_idle=72875.01	ram_available=1225887744	ram_percent=41.6	swap_used=12263424	swap_percent=0.6	bytes_sent=21835	 bytes_recv=89720	 packets_sent=59	 packets_recv=84	 errin=0	 errout=0	 dropin=0	 dropout=0	read_count=0	 write_count=0	 read_bytes=0	 write_bytes=0	
Time=14:17:59	CPU0 Usage=3.5	CPU0time_system=4950.36	CPU0time_idle=72876.92	ram_available=1225793536	ram_percent=41.6	swap_used=12263424	swap_percent=0.6	bytes_sent=9074	 bytes_recv=109227	 packets_sent=62	 packets_recv=96	 errin=0	 errout=0	 dropin=0	 dropout=0	read_count=0	 write_count=5	 read_bytes=0	 write_bytes=24576	
Time=14:18:01	CPU0 Usage=4.5	CPU0time_system=4950.44	CPU0time_idle=72878.82	ram_available=1225707520	ram_percent=41.6	swap_used=12263424	swap_percent=0.6	bytes_sent=10816	 bytes_recv=132907	 packets_sent=76	 packets_recv=114	 errin=0	 errout=0	 dropin=0	 dropout=0	read_count=0	 write_count=0	 read_bytes=0	 write_bytes=0	
Time=14:18:03	CPU0 Usage=3.5	CPU0time_system=4950.5	CPU0time_idle=72880.75	ram_available=1225547776	ram_percent=41.6	swap_used=12263424	swap_percent=0.6	bytes_sent=3974	 bytes_recv=45927	 packets_sent=27	 packets_recv=41	 errin=0	 errout=0	 dropin=0	 dropout=0	read_count=0	 write_count=0	 read_bytes=0	 write_bytes=0	
Time=14:18:05	CPU0 Usage=4.0	CPU0time_system=4950.58	CPU0time_idle=72882.67	ram_available=1225580544	ram_percent=41.6	swap_used=12263424	swap_percent=0.6	bytes_sent=5867	 bytes_recv=68246	 packets_sent=38	 packets_recv=58	 errin=0	 errout=0	 dropin=0	 dropout=0	read_count=0	 write_count=0	 read_bytes=0	 write_bytes=0	
Time=14:18:07	CPU0 Usage=3.1	CPU0time_system=4950.63	CPU0time_idle=72884.54	ram_available=1225039872	ram_percent=41.6	swap_used=12263424	swap_percent=0.6	bytes_sent=22825	 bytes_recv=277290	 packets_sent=155	 packets_recv=233	 errin=0	 errout=0	 dropin=0	 dropout=0	read_count=0	 write_count=0	 read_bytes=0	 write_bytes=0	
Time=14:18:09	CPU0 Usage=2.5	CPU0time_system=4950.67	CPU0time_idle=72886.46	ram_available=1224847360	ram_percent=41.6	swap_used=12263424	swap_percent=0.6	bytes_sent=10852	 bytes_recv=136242	 packets_sent=72	 packets_recv=114	 errin=0	 errout=0	 dropin=0	 dropout=0	read_count=0	 write_count=0	 read_bytes=0	 write_bytes=0	
Time=14:18:11	CPU0 Usage=5.5	CPU0time_system=4950.76	CPU0time_idle=72888.35	ram_available=1224708096	ram_percent=41.6	swap_used=12263424	swap_percent=0.6	bytes_sent=17413	 bytes_recv=211140	 packets_sent=121	 packets_recv=175	 errin=0	 errout=0	 dropin=0	 dropout=0	read_count=0	 write_count=0	 read_bytes=0	 write_bytes=0	
Time=14:18:13	CPU0 Usage=2.5	CPU0time_system=4950.81	CPU0time_idle=72890.27	ram_available=1224515584	ram_percent=41.6	swap_used=12263424	swap_percent=0.6	bytes_sent=9765	 bytes_recv=114795	 packets_sent=68	 packets_recv=101	 errin=0	 errout=0	 dropin=0	 dropout=0	read_count=0	 write_count=0	 read_bytes=0	 write_bytes=0	
Time=14:18:15	CPU0 Usage=4.5	CPU0time_system=4950.89	CPU0time_idle=72892.16	ram_available=1224134656	ram_percent=41.6	swap_used=12263424	swap_percent=0.6	bytes_sent=17594	 bytes_recv=216177	 packets_sent=119	 packets_recv=178	 errin=0	 errout=0	 dropin=0	 dropout=0	read_count=0	 write_count=0	 read_bytes=0	 write_bytes=0	
Time=14:18:17	CPU0 Usage=3.5	CPU0time_system=4950.96	CPU0time_idle=72894.08	ram_available=1224007680	ram_percent=41.6	swap_used=12263424	swap_percent=0.6	bytes_sent=8132	 bytes_recv=99382	 packets_sent=55	 packets_recv=84	 errin=0	 errout=0	 dropin=0	 dropout=0	read_count=0	 write_count=0	 read_bytes=0	 write_bytes=0	
Time=14:18:19	CPU0 Usage=3.0	CPU0time_system=4951.02	CPU0time_idle=72896.01	ram_available=1224007680	ram_percent=41.6	swap_used=12263424	swap_percent=0.6	bytes_sent=2772	 bytes_recv=33559	 packets_sent=19	 packets_recv=29	 errin=0	 errout=0	 dropin=0	 dropout=0	read_count=0	 write_count=0	 read_bytes=0	 write_bytes=0	
Time=14:18:21	CPU0 Usage=5.6	CPU0time_system=4951.12	CPU0time_idle=72897.86	ram_available=1223401472	ram_percent=41.7	swap_used=12263424	swap_percent=0.6	bytes_sent=31341	 bytes_recv=378892	 packets_sent=214	 packets_recv=319	 errin=0	 errout=0	 dropin=0	 dropout=0	read_count=0	 write_count=0	 read_bytes=0	 write_bytes=0	
Time=14:18:23	CPU0 Usage=3.5	CPU0time_system=4951.17	CPU0time_idle=72899.78	ram_available=1223340032	ram_percent=41.7	swap_used=12263424	swap_percent=0.6	bytes_sent=7402	 bytes_recv=86370	 packets_sent=51	 packets_recv=72	 errin=0	 errout=0	 dropin=0	 dropout=0	read_count=0	 write_count=0	 read_bytes=0	 write_bytes=0	
Time=14:18:25	CPU0 Usage=4.5	CPU0time_system=4951.26	CPU0time_idle=72901.69	ram_available=1223020544	ram_percent=41.7	swap_used=12263424	swap_percent=0.6	bytes_sent=12191	 bytes_recv=153821	 packets_sent=85	 packets_recv=130	 errin=0	 errout=0	 dropin=0	 dropout=0	read_count=0	 write_count=0	 read_bytes=0	 write_bytes=0	
Time=14:18:27	CPU0 Usage=4.5	CPU0time_system=4951.34	CPU0time_idle=72903.59	ram_available=1222725632	ram_percent=41.7	swap_used=12263424	swap_percent=0.6	bytes_sent=14083	 bytes_recv=169551	 packets_sent=93	 packets_recv=136	 errin=0	 errout=0	 dropin=0	 dropout=0	read_count=0	 write_count=0	 read_bytes=0	 write_bytes=0	
Time=14:18:29	CPU0 Usage=5.0	CPU0time_system=4951.42	CPU0time_idle=72905.5	ram_available=1222602752	ram_percent=41.7	swap_used=12263424	swap_percent=0.6	bytes_sent=10131	 bytes_recv=121227	 packets_sent=66	 packets_recv=105	 errin=0	 errout=0	 dropin=0	 dropout=0	read_count=0	 write_count=0	 read_bytes=0	 write_bytes=0	
Time=14:18:31	CPU0 Usage=5.1	CPU0time_system=4951.52	CPU0time_idle=72907.37	ram_available=1234378752	ram_percent=41.1	swap_used=12263424	swap_percent=0.6	bytes_sent=18689	 bytes_recv=230307	 packets_sent=129	 packets_recv=190	 errin=0	 errout=0	 dropin=0	 dropout=0	read_count=0	 write_count=0	 read_bytes=0	 write_bytes=0	
Time=14:18:33	CPU0 Usage=5.0	CPU0time_system=4951.61	CPU0time_idle=72909.29	ram_available=1234378752	ram_percent=41.1	swap_used=12263424	swap_percent=0.6	bytes_sent=8163	 bytes_recv=94721	 packets_sent=53	 packets_recv=77	 errin=0	 errout=0	 dropin=0	 dropout=0	read_count=0	 write_count=0	 read_bytes=0	 write_bytes=0	
Time=14:18:35	CPU0 Usage=4.5	CPU0time_system=4951.69	CPU0time_idle=72911.18	ram_available=1234354176	ram_percent=41.2	swap_used=12263424	swap_percent=0.6	bytes_sent=17176	 bytes_recv=208368	 packets_sent=117	 packets_recv=179	 errin=0	 errout=0	 dropin=0	 dropout=0	read_count=0	 write_count=2	 read_bytes=0	 write_bytes=8192	
Time=14:18:37	CPU0 Usage=5.1	CPU0time_system=4951.77	CPU0time_idle=72913.06	ram_available=1234092032	ram_percent=41.2	swap_used=12263424	swap_percent=0.6	bytes_sent=23106	 bytes_recv=283930	 packets_sent=159	 packets_recv=242	 errin=0	 errout=0	 dropin=0	 dropout=0	read_count=0	 write_count=0	 read_bytes=0	 write_bytes=0	
Time=14:18:39	CPU0 Usage=4.1	CPU0time_system=4951.84	CPU0time_idle=72914.95	ram_available=1233805312	ram_percent=41.2	swap_used=12263424	swap_percent=0.6	bytes_sent=14086	 bytes_recv=172829	 packets_sent=98	 packets_recv=146	 errin=0	 errout=0	 dropin=0	 dropout=0	read_count=0	 write_count=0	 read_bytes=0	 write_bytes=0	
Time=14:18:41	CPU0 Usage=2.0	CPU0time_system=4951.88	CPU0time_idle=72916.87	ram_available=1233805312	ram_percent=41.2	swap_used=12263424	swap_percent=0.6	bytes_sent=4302	 bytes_recv=45476	 packets_sent=29	 packets_recv=43	 errin=0	 errout=0	 dropin=0	 dropout=0	read_count=0	 write_count=0	 read_bytes=0	 write_bytes=0	
Time=14:18:43	CPU0 Usage=5.1	CPU0time_system=4951.97	CPU0time_idle=72918.75	ram_available=1233526784	ram_percent=41.2	swap_used=12263424	swap_percent=0.6	bytes_sent=22202	 bytes_recv=272014	 packets_sent=156	 packets_recv=229	 errin=0	 errout=0	 dropin=0	 dropout=0	read_count=0	 write_count=0	 read_bytes=0	 write_bytes=0	
Time=14:18:45	CPU0 Usage=5.1	CPU0time_system=4952.05	CPU0time_idle=72920.62	ram_available=1232986112	ram_percent=41.2	swap_used=12263424	swap_percent=0.6	bytes_sent=24345	 bytes_recv=294856	 packets_sent=167	 packets_recv=244	 errin=0	 errout=0	 dropin=0	 dropout=0	read_count=0	 write_count=0	 read_bytes=0	 write_bytes=0	
Time=14:18:47	CPU0 Usage=4.5	CPU0time_system=4952.14	CPU0time_idle=72922.54	ram_available=1232891904	ram_percent=41.2	swap_used=12263424	swap_percent=0.6	bytes_sent=7223	 bytes_recv=91496	 packets_sent=49	 packets_recv=75	 errin=0	 errout=0	 dropin=0	 dropout=0	read_count=0	 write_count=0	 read_bytes=0	 write_bytes=0	
Time=14:18:49	CPU0 Usage=3.6	CPU0time_system=4952.21	CPU0time_idle=72924.44	ram_available=1232605184	ram_percent=41.2	swap_used=12263424	swap_percent=0.6	bytes_sent=23523	 bytes_recv=115929	 packets_sent=69	 packets_recv=103	 errin=0	 errout=0	 dropin=0	 dropout=0	read_count=0	 write_count=0	 read_bytes=0	 write_bytes=0	
Time=14:18:51	CPU0 Usage=6.5	CPU0time_system=4952.32	CPU0time_idle=72926.3	ram_available=1231863808	ram_percent=41.3	swap_used=12263424	swap_percent=0.6	bytes_sent=29156	 bytes_recv=357987	 packets_sent=195	 packets_recv=300	 errin=0	 errout=0	 dropin=0	 dropout=0	read_count=0	 write_count=0	 read_bytes=0	 write_bytes=0	
Time=14:18:53	CPU0 Usage=5.5	CPU0time_system=4952.42	CPU0time_idle=72928.2	ram_available=1231769600	ram_percent=41.3	swap_used=12263424	swap_percent=0.6	bytes_sent=9479	 bytes_recv=119742	 packets_sent=63	 packets_recv=101	 errin=0	 errout=0	 dropin=0	 dropout=0	read_count=0	 write_count=0	 read_bytes=0	 write_bytes=0	
Time=14:18:55	CPU0 Usage=4.5	CPU0time_system=4952.49	CPU0time_idle=72930.11	ram_available=1231708160	ram_percent=41.3	swap_used=12263424	swap_percent=0.6	bytes_sent=12088	 bytes_recv=140516	 packets_sent=80	 packets_recv=113	 errin=0	 errout=0	 dropin=0	 dropout=0	read_count=0	 write_count=0	 read_bytes=0	 write_bytes=0	
Time=14:18:57	CPU0 Usage=2.5	CPU0time_system=4952.54	CPU0time_idle=72932.04	ram_available=1231642624	ram_percent=41.3	swap_used=12263424	swap_percent=0.6	bytes_sent=1429	 bytes_recv=18353	 packets_sent=11	 packets_recv=17	 errin=0	 errout=0	 dropin=0	 dropout=0	read_count=0	 write_count=0	 read_bytes=0	 write_bytes=0	
Time=14:18:59	CPU0 Usage=4.0	CPU0time_system=4952.6	CPU0time_idle=72933.95	ram_available=1231323136	ram_percent=41.3	swap_used=12263424	swap_percent=0.6	bytes_sent=8398	 bytes_recv=98688	 packets_sent=55	 packets_recv=81	 errin=0	 errout=0	 dropin=0	 dropout=0	read_count=0	 write_count=0	 read_bytes=0	 write_bytes=0	
Time=14:19:01	CPU0 Usage=5.6	CPU0time_system=4952.69	CPU0time_idle=72935.82	ram_available=1230942208	ram_percent=41.3	swap_used=12263424	swap_percent=0.6	bytes_sent=23057	 bytes_recv=263276	 packets_sent=157	 packets_recv=232	 errin=0	 errout=0	 dropin=0	 dropout=0	read_count=0	 write_count=0	 read_bytes=0	 write_bytes=0	
Time=14:19:03	CPU0 Usage=4.5	CPU0time_system=4952.78	CPU0time_idle=72937.74	ram_available=1230880768	ram_percent=41.3	swap_used=12263424	swap_percent=0.6	bytes_sent=10066	 bytes_recv=122065	 packets_sent=70	 packets_recv=101	 errin=0	 errout=0	 dropin=0	 dropout=0	read_count=0	 write_count=0	 read_bytes=0	 write_bytes=0	
Time=14:19:05	CPU0 Usage=3.0	CPU0time_system=4952.83	CPU0time_idle=72939.65	ram_available=1230577664	ram_percent=41.3	swap_used=12263424	swap_percent=0.6	bytes_sent=13208	 bytes_recv=164397	 packets_sent=90	 packets_recv=136	 errin=0	 errout=0	 dropin=0	 dropout=0	read_count=0	 write_count=0	 read_bytes=0	 write_bytes=0	
Time=14:19:07	CPU0 Usage=1.0	CPU0time_system=4952.85	CPU0time_idle=72941.58	ram_available=1230499840	ram_percent=41.3	swap_used=12263424	swap_percent=0.6	bytes_sent=4966	 bytes_recv=59586	 packets_sent=34	 packets_recv=51	 errin=0	 errout=0	 dropin=0	 dropout=0	read_count=0	 write_count=0	 read_bytes=0	 write_bytes=0	
Time=14:19:09	CPU0 Usage=2.6	CPU0time_system=4952.9	CPU0time_idle=72943.48	ram_available=1230278656	ram_percent=41.3	swap_used=12263424	swap_percent=0.6	bytes_sent=12547	 bytes_recv=155636	 packets_sent=82	 packets_recv=133	 errin=0	 errout=0	 dropin=0	 dropout=0	read_count=0	 write_count=0	 read_bytes=0	 write_bytes=0	
Time=14:19:11	CPU0 Usage=3.6	CPU0time_system=4952.96	CPU0time_idle=72945.38	ram_available=1229799424	ram_percent=41.4	swap_used=12263424	swap_percent=0.6	bytes_sent=17109	 bytes_recv=196965	 packets_sent=118	 packets_recv=167	 errin=0	 errout=0	 dropin=0	 dropout=0	read_count=0	 write_count=0	 read_bytes=0	 write_bytes=0	
Time=14:19:13	CPU0 Usage=3.6	CPU0time_system=4953.02	CPU0time_idle=72947.28	ram_available=1229578240	ram_percent=41.4	swap_used=12263424	swap_percent=0.6	bytes_sent=14622	 bytes_recv=171924	 packets_sent=99	 packets_recv=148	 errin=0	 errout=0	 dropin=0	 dropout=0	read_count=0	 write_count=0	 read_bytes=0	 write_bytes=0	
Time=14:19:15	CPU0 Usage=4.0	CPU0time_system=4953.1	CPU0time_idle=72949.18	ram_available=1229312000	ram_percent=41.4	swap_used=12263424	swap_percent=0.6	bytes_sent=11831	 bytes_recv=154997	 packets_sent=81	 packets_recv=124	 errin=0	 errout=0	 dropin=0	 dropout=0	read_count=0	 write_count=0	 read_bytes=0	 write_bytes=0	
Time=14:19:17	CPU0 Usage=4.5	CPU0time_system=4953.18	CPU0time_idle=72951.07	ram_available=1228779520	ram_percent=41.4	swap_used=12263424	swap_percent=0.6	bytes_sent=19720	 bytes_recv=246547	 packets_sent=133	 packets_recv=205	 errin=0	 errout=0	 dropin=0	 dropout=0	read_count=0	 write_count=0	 read_bytes=0	 write_bytes=0	
Time=14:19:19	CPU0 Usage=5.0	CPU0time_system=4953.25	CPU0time_idle=72952.98	ram_available=1228652544	ram_percent=41.4	swap_used=12263424	swap_percent=0.6	bytes_sent=12398	 bytes_recv=151158	 packets_sent=83	 packets_recv=127	 errin=0	 errout=0	 dropin=0	 dropout=0	read_count=0	 write_count=0	 read_bytes=0	 write_bytes=0	
Time=14:19:21	CPU0 Usage=2.6	CPU0time_system=4953.29	CPU0time_idle=72954.88	ram_available=1228398592	ram_percent=41.4	swap_used=12263424	swap_percent=0.6	bytes_sent=11668	 bytes_recv=144578	 packets_sent=81	 packets_recv=119	 errin=0	 errout=0	 dropin=0	 dropout=0	read_count=0	 write_count=0	 read_bytes=0	 write_bytes=0	
Time=14:19:23	CPU0 Usage=3.5	CPU0time_system=4953.36	CPU0time_idle=72956.79	ram_available=1228140544	ram_percent=41.4	swap_used=12263424	swap_percent=0.6	bytes_sent=11364	 bytes_recv=134522	 packets_sent=79	 packets_recv=118	 errin=0	 errout=0	 dropin=0	 dropout=0	read_count=0	 write_count=0	 read_bytes=0	 write_bytes=0	
Time=14:19:25	CPU0 Usage=2.5	CPU0time_system=4953.4	CPU0time_idle=72958.71	ram_available=1228013568	ram_percent=41.5	swap_used=12263424	swap_percent=0.6	bytes_sent=7399	 bytes_recv=92519	 packets_sent=51	 packets_recv=83	 errin=0	 errout=0	 dropin=0	 dropout=0	read_count=0	 write_count=0	 read_bytes=0	 write_bytes=0	
Time=14:19:27	CPU0 Usage=2.0	CPU0time_system=4953.44	CPU0time_idle=72960.63	ram_available=1227792384	ram_percent=41.5	swap_used=12263424	swap_percent=0.6	bytes_sent=8881	 bytes_recv=111145	 packets_sent=59	 packets_recv=88	 errin=0	 errout=0	 dropin=0	 dropout=0	read_count=0	 write_count=0	 read_bytes=0	 write_bytes=0	
Time=14:19:29	CPU0 Usage=5.0	CPU0time_system=4953.52	CPU0time_idle=72962.54	ram_available=1227538432	ram_percent=41.5	swap_used=12263424	swap_percent=0.6	bytes_sent=11441	 bytes_recv=139973	 packets_sent=77	 packets_recv=123	 errin=0	 errout=0	 dropin=0	 dropout=0	read_count=0	 write_count=0	 read_bytes=0	 write_bytes=0	
Time=14:19:31	CPU0 Usage=5.1	CPU0time_system=4953.61	CPU0time_idle=72964.41	ram_available=1227124736	ram_percent=41.5	swap_used=12263424	swap_percent=0.6	bytes_sent=21740	 bytes_recv=268112	 packets_sent=146	 packets_recv=222	 errin=0	 errout=0	 dropin=0	 dropout=0	read_count=0	 write_count=0	 read_bytes=0	 write_bytes=0	
Time=14:19:33	CPU0 Usage=4.1	CPU0time_system=4953.68	CPU0time_idle=72966.3	ram_available=1226842112	ram_percent=41.5	swap_used=12263424	swap_percent=0.6	bytes_sent=16932	 bytes_recv=209642	 packets_sent=117	 packets_recv=178	 errin=0	 errout=0	 dropin=0	 dropout=0	read_count=0	 write_count=0	 read_bytes=0	 write_bytes=0	
Time=14:19:35	CPU0 Usage=3.6	CPU0time_system=4953.74	CPU0time_idle=72968.2	ram_available=1226780672	ram_percent=41.5	swap_used=12263424	swap_percent=0.6	bytes_sent=12033	 bytes_recv=152731	 packets_sent=83	 packets_recv=127	 errin=0	 errout=0	 dropin=0	 dropout=0	read_count=0	 write_count=0	 read_bytes=0	 write_bytes=0	
Time=14:19:37	CPU0 Usage=3.0	CPU0time_system=4953.8	CPU0time_idle=72970.11	ram_available=1226493952	ram_percent=41.5	swap_used=12263424	swap_percent=0.6	bytes_sent=9550	 bytes_recv=115159	 packets_sent=66	 packets_recv=98	 errin=0	 errout=0	 dropin=0	 dropout=0	read_count=0	 write_count=0	 read_bytes=0	 write_bytes=0	
Time=14:19:39	CPU0 Usage=4.0	CPU0time_system=4953.87	CPU0time_idle=72972.01	ram_available=1226366976	ram_percent=41.5	swap_used=12263424	swap_percent=0.6	bytes_sent=28437	 bytes_recv=168128	 packets_sent=102	 packets_recv=142	 errin=0	 errout=0	 dropin=0	 dropout=0	read_count=0	 write_count=0	 read_bytes=0	 write_bytes=0	
Time=14:19:41	CPU0 Usage=4.1	CPU0time_system=4953.94	CPU0time_idle=72973.9	ram_available=1226047488	ram_percent=41.5	swap_used=12263424	swap_percent=0.6	bytes_sent=14507	 bytes_recv=176003	 packets_sent=101	 packets_recv=148	 errin=0	 errout=0	 dropin=0	 dropout=0	read_count=0	 write_count=0	 read_bytes=0	 write_bytes=0	
Time=14:19:43	CPU0 Usage=5.0	CPU0time_system=4954.02	CPU0time_idle=72975.8	ram_available=1225826304	ram_percent=41.6	swap_used=12263424	swap_percent=0.6	bytes_sent=14946	 bytes_recv=173825	 packets_sent=102	 packets_recv=145	 errin=0	 errout=0	 dropin=0	 dropout=0	read_count=0	 write_count=0	 read_bytes=0	 write_bytes=0	
Time=14:19:45	CPU0 Usage=2.0	CPU0time_system=4954.06	CPU0time_idle=72977.74	ram_available=1225859072	ram_percent=41.6	swap_used=12263424	swap_percent=0.6	bytes_sent=1662	 bytes_recv=19976	 packets_sent=11	 packets_recv=19	 errin=0	 errout=0	 dropin=0	 dropout=0	read_count=0	 write_count=0	 read_bytes=0	 write_bytes=0	
Time=14:19:47	CPU0 Usage=5.9	CPU0time_system=4954.16	CPU0time_idle=72979.64	ram_available=1225699328	ram_percent=41.6	swap_used=12263424	swap_percent=0.6	bytes_sent=9550	 bytes_recv=119047	 packets_sent=65	 packets_recv=103	 errin=0	 errout=0	 dropin=0	 dropout=0	read_count=0	 write_count=0	 read_bytes=0	 write_bytes=0	
Time=14:19:49	CPU0 Usage=5.1	CPU0time_system=4954.26	CPU0time_idle=72981.51	ram_available=1225351168	ram_percent=41.6	swap_used=12263424	swap_percent=0.6	bytes_sent=24066	 bytes_recv=283313	 packets_sent=163	 packets_recv=239	 errin=0	 errout=0	 dropin=0	 dropout=0	read_count=0	 write_count=0	 read_bytes=0	 write_bytes=0	
Time=14:19:51	CPU0 Usage=3.0	CPU0time_system=4954.32	CPU0time_idle=72983.44	ram_available=1225383936	ram_percent=41.6	swap_used=12263424	swap_percent=0.6	bytes_sent=2400	 bytes_recv=26749	 packets_sent=16	 packets_recv=25	 errin=0	 errout=0	 dropin=0	 dropout=0	read_count=0	 write_count=0	 read_bytes=0	 write_bytes=0	
Time=14:19:53	CPU0 Usage=6.0	CPU0time_system=4954.43	CPU0time_idle=72985.32	ram_available=1225031680	ram_percent=41.6	swap_used=12263424	swap_percent=0.6	bytes_sent=18029	 bytes_recv=219610	 packets_sent=126	 packets_recv=188	 errin=0	 errout=0	 dropin=0	 dropout=0	read_count=0	 write_count=0	 read_bytes=0	 write_bytes=0	
Time=14:19:55	CPU0 Usage=3.5	CPU0time_system=4954.48	CPU0time_idle=72987.23	ram_available=1224904704	ram_percent=41.6	swap_used=12263424	swap_percent=0.6	bytes_sent=7111	 bytes_recv=84695	 packets_sent=49	 packets_recv=69	 errin=0	 errout=0	 dropin=0	 dropout=0	read_count=0	 write_count=0	 read_bytes=0	 write_bytes=0	
Time=14:19:57	CPU0 Usage=2.1	CPU0time_system=4954.51	CPU0time_idle=72989.14	ram_available=1224843264	ram_percent=41.6	swap_used=12263424	swap_percent=0.6	bytes_sent=11184	 bytes_recv=138852	 packets_sent=76	 packets_recv=114	 errin=0	 errout=0	 dropin=0	 dropout=0	read_count=0	 write_count=0	 read_bytes=0	 write_bytes=0	
Time=14:19:59	CPU0 Usage=4.6	CPU0time_system=4954.58	CPU0time_idle=72991.02	ram_available=1224331264	ram_percent=41.6	swap_used=12263424	swap_percent=0.6	bytes_sent=22635	 bytes_recv=268601	 packets_sent=154	 packets_recv=233	 errin=0	 errout=0	 dropin=0	 dropout=0	read_count=0	 write_count=0	 read_bytes=0	 write_bytes=0	
Time=14:20:01	CPU0 Usage=3.5	CPU0time_system=4954.64	CPU0time_idle=72992.93	ram_available=1224110080	ram_percent=41.6	swap_used=12263424	swap_percent=0.6	bytes_sent=12206	 bytes_recv=145889	 packets_sent=85	 packets_recv=127	 errin=0	 errout=0	 dropin=0	 dropout=0	read_count=0	 write_count=0	 read_bytes=0	 write_bytes=0	
Time=14:20:03	CPU0 Usage=3.0	CPU0time_system=4954.7	CPU0time_idle=72994.86	ram_available=1224077312	ram_percent=41.6	swap_used=12263424	swap_percent=0.6	bytes_sent=8090	 bytes_recv=97203	 packets_sent=56	 packets_recv=84	 errin=0	 errout=0	 dropin=0	 dropout=0	read_count=0	 write_count=0	 read_bytes=0	 write_bytes=0	
Time=14:20:05	CPU0 Usage=4.5	CPU0time_system=4954.78	CPU0time_idle=72996.76	ram_available=1223921664	ram_percent=41.6	swap_used=12263424	swap_percent=0.6	bytes_sent=14263	 bytes_recv=171620	 packets_sent=95	 packets_recv=147	 errin=0	 errout=0	 dropin=0	 dropout=0	read_count=0	 write_count=0	 read_bytes=0	 write_bytes=0	
Time=14:20:07	CPU0 Usage=3.6	CPU0time_system=4954.83	CPU0time_idle=72998.66	ram_available=1223766016	ram_percent=41.7	swap_used=12263424	swap_percent=0.6	bytes_sent=12146	 bytes_recv=149872	 packets_sent=83	 packets_recv=123	 errin=0	 errout=0	 dropin=0	 dropout=0	read_count=0	 write_count=0	 read_bytes=0	 write_bytes=0	
Time=14:20:09	CPU0 Usage=5.0	CPU0time_system=4954.91	CPU0time_idle=73000.56	ram_available=1223671808	ram_percent=41.7	swap_used=12263424	swap_percent=0.6	bytes_sent=16406	 bytes_recv=197090	 packets_sent=114	 packets_recv=166	 errin=0	 errout=0	 dropin=0	 dropout=0	read_count=0	 write_count=0	 read_bytes=0	 write_bytes=0	
Time=14:20:11	CPU0 Usage=4.1	CPU0time_system=4954.98	CPU0time_idle=73002.45	ram_available=1223352320	ram_percent=41.7	swap_used=12263424	swap_percent=0.6	bytes_sent=17914	 bytes_recv=213847	 packets_sent=120	 packets_recv=175	 errin=0	 errout=0	 dropin=0	 dropout=0	read_count=0	 write_count=0	 read_bytes=0	 write_bytes=0	
Time=14:20:13	CPU0 Usage=2.5	CPU0time_system=4955.02	CPU0time_idle=73004.38	ram_available=1223319552	ram_percent=41.7	swap_used=12263424	swap_percent=0.6	bytes_sent=3019	 bytes_recv=36769	 packets_sent=21	 packets_recv=34	 errin=0	 errout=0	 dropin=0	 dropout=0	read_count=0	 write_count=0	 read_bytes=0	 write_bytes=0	
Time=14:20:15	CPU0 Usage=3.0	CPU0time_system=4955.08	CPU0time_idle=73006.3	ram_available=1223127040	ram_percent=41.7	swap_used=12263424	swap_percent=0.6	bytes_sent=9051	 bytes_recv=104764	 packets_sent=64	 packets_recv=93	 errin=0	 errout=0	 dropin=0	 dropout=0	read_count=0	 write_count=0	 read_bytes=0	 write_bytes=0	
Time=14:20:17	CPU0 Usage=1.5	CPU0time_system=4955.11	CPU0time_idle=73008.24	ram_available=1223000064	ram_percent=41.7	swap_used=12263424	swap_percent=0.6	bytes_sent=3378	 bytes_recv=32605	 packets_sent=18	 packets_recv=29	 errin=0	 errout=0	 dropin=0	 dropout=0	read_count=0	 write_count=0	 read_bytes=0	 write_bytes=0	
Time=14:20:19	CPU0 Usage=4.5	CPU0time_system=4955.19	CPU0time_idle=73010.14	ram_available=1222746112	ram_percent=41.7	swap_used=12263424	swap_percent=0.6	bytes_sent=12300	 bytes_recv=149447	 packets_sent=83	 packets_recv=126	 errin=0	 errout=0	 dropin=0	 dropout=0	read_count=0	 write_count=0	 read_bytes=0	 write_bytes=0	
Time=14:20:21	CPU0 Usage=7.5	CPU0time_system=4955.31	CPU0time_idle=73011.98	ram_available=1221918720	ram_percent=41.7	swap_used=12263424	swap_percent=0.6	bytes_sent=31728	 bytes_recv=403139	 packets_sent=218	 packets_recv=339	 errin=0	 errout=0	 dropin=0	 dropout=0	read_count=0	 write_count=0	 read_bytes=0	 write_bytes=0	
Time=14:20:23	CPU0 Usage=4.1	CPU0time_system=4955.37	CPU0time_idle=73013.87	ram_available=1221730304	ram_percent=41.8	swap_used=12263424	swap_percent=0.6	bytes_sent=16937	 bytes_recv=207869	 packets_sent=118	 packets_recv=179	 errin=0	 errout=0	 dropin=0	 dropout=0	read_count=0	 write_count=0	 read_bytes=0	 write_bytes=0	
Time=14:20:25	CPU0 Usage=3.6	CPU0time_system=4955.42	CPU0time_idle=73015.77	ram_available=1221476352	ram_percent=41.8	swap_used=12263424	swap_percent=0.6	bytes_sent=13989	 bytes_recv=171758	 packets_sent=95	 packets_recv=144	 errin=0	 errout=0	 dropin=0	 dropout=0	read_count=0	 write_count=0	 read_bytes=0	 write_bytes=0	
Time=14:20:27	CPU0 Usage=2.5	CPU0time_system=4955.46	CPU0time_idle=73017.7	ram_available=1221476352	ram_percent=41.8	swap_used=12263424	swap_percent=0.6	bytes_sent=5494	 bytes_recv=64614	 packets_sent=35	 packets_recv=56	 errin=0	 errout=0	 dropin=0	 dropout=0	read_count=0	 write_count=0	 read_bytes=0	 write_bytes=0	
Time=14:20:29	CPU0 Usage=5.5	CPU0time_system=4955.53	CPU0time_idle=73019.58	ram_available=1234313216	ram_percent=41.2	swap_used=12263424	swap_percent=0.6	bytes_sent=14946	 bytes_recv=185320	 packets_sent=99	 packets_recv=159	 errin=0	 errout=0	 dropin=0	 dropout=0	read_count=0	 write_count=0	 read_bytes=0	 write_bytes=0	
Time=14:20:31	CPU0 Usage=4.5	CPU0time_system=4955.61	CPU0time_idle=73021.49	ram_available=1234313216	ram_percent=41.2	swap_used=12263424	swap_percent=0.6	bytes_sent=23953	 bytes_recv=117738	 packets_sent=69	 packets_recv=100	 errin=0	 errout=0	 dropin=0	 dropout=0	read_count=0	 write_count=0	 read_bytes=0	 write_bytes=0	
Time=14:20:33	CPU0 Usage=5.9	CPU0time_system=4955.7	CPU0time_idle=73023.39	ram_available=1234313216	ram_percent=41.2	swap_used=12263424	swap_percent=0.6	bytes_sent=13441	 bytes_recv=168370	 packets_sent=91	 packets_recv=141	 errin=0	 errout=0	 dropin=0	 dropout=0	read_count=0	 write_count=0	 read_bytes=0	 write_bytes=0	
Time=14:20:35	CPU0 Usage=5.1	CPU0time_system=4955.75	CPU0time_idle=73025.27	ram_available=1234345984	ram_percent=41.2	swap_used=12263424	swap_percent=0.6	bytes_sent=19519	 bytes_recv=232607	 packets_sent=137	 packets_recv=203	 errin=0	 errout=0	 dropin=0	 dropout=0	read_count=0	 write_count=0	 read_bytes=0	 write_bytes=0	
Time=14:20:37	CPU0 Usage=3.6	CPU0time_system=4955.79	CPU0time_idle=73027.17	ram_available=1233993728	ram_percent=41.2	swap_used=12263424	swap_percent=0.6	bytes_sent=15478	 bytes_recv=189545	 packets_sent=107	 packets_recv=165	 errin=0	 errout=0	 dropin=0	 dropout=0	read_count=0	 write_count=0	 read_bytes=0	 write_bytes=0	
Time=14:20:39	CPU0 Usage=5.0	CPU0time_system=4955.87	CPU0time_idle=73029.06	ram_available=1233772544	ram_percent=41.2	swap_used=12263424	swap_percent=0.6	bytes_sent=15071	 bytes_recv=184273	 packets_sent=103	 packets_recv=152	 errin=0	 errout=0	 dropin=0	 dropout=0	read_count=0	 write_count=0	 read_bytes=0	 write_bytes=0	
Time=14:20:41	CPU0 Usage=5.0	CPU0time_system=4955.91	CPU0time_idle=73030.96	ram_available=1233518592	ram_percent=41.2	swap_used=12263424	swap_percent=0.6	bytes_sent=12998	 bytes_recv=160515	 packets_sent=88	 packets_recv=132	 errin=0	 errout=0	 dropin=0	 dropout=0	read_count=0	 write_count=0	 read_bytes=0	 write_bytes=0	
Time=14:20:43	CPU0 Usage=4.0	CPU0time_system=4955.94	CPU0time_idle=73032.88	ram_available=1233518592	ram_percent=41.2	swap_used=12263424	swap_percent=0.6	bytes_sent=5660	 bytes_recv=68899	 packets_sent=40	 packets_recv=58	 errin=0	 errout=0	 dropin=0	 dropout=0	read_count=0	 write_count=0	 read_bytes=0	 write_bytes=0	
Time=14:20:45	CPU0 Usage=2.5	CPU0time_system=4955.96	CPU0time_idle=73034.8	ram_available=1233358848	ram_percent=41.2	swap_used=12263424	swap_percent=0.6	bytes_sent=8493	 bytes_recv=104390	 packets_sent=61	 packets_recv=91	 errin=0	 errout=0	 dropin=0	 dropout=0	read_count=0	 write_count=0	 read_bytes=0	 write_bytes=0	
Time=14:20:47	CPU0 Usage=4.5	CPU0time_system=4955.99	CPU0time_idle=73036.69	ram_available=1233170432	ram_percent=41.2	swap_used=12263424	swap_percent=0.6	bytes_sent=15356	 bytes_recv=191762	 packets_sent=105	 packets_recv=153	 errin=0	 errout=0	 dropin=0	 dropout=0	read_count=0	 write_count=0	 read_bytes=0	 write_bytes=0	
Time=14:20:49	CPU0 Usage=4.5	CPU0time_system=4956.01	CPU0time_idle=73038.58	ram_available=1232949248	ram_percent=41.2	swap_used=12263424	swap_percent=0.6	bytes_sent=17002	 bytes_recv=202103	 packets_sent=119	 packets_recv=172	 errin=0	 errout=0	 dropin=0	 dropout=0	read_count=0	 write_count=0	 read_bytes=0	 write_bytes=0	
Time=14:20:51	CPU0 Usage=3.0	CPU0time_system=4956.04	CPU0time_idle=73040.5	ram_available=1232855040	ram_percent=41.2	swap_used=12263424	swap_percent=0.6	bytes_sent=6920	 bytes_recv=90165	 packets_sent=48	 packets_recv=76	 errin=0	 errout=0	 dropin=0	 dropout=0	read_count=0	 write_count=0	 read_bytes=0	 write_bytes=0	
Time=14:20:53	CPU0 Usage=4.0	CPU0time_system=4956.11	CPU0time_idle=73042.4	ram_available=1232633856	ram_percent=41.2	swap_used=12263424	swap_percent=0.6	bytes_sent=15573	 bytes_recv=200078	 packets_sent=107	 packets_recv=164	 errin=0	 errout=0	 dropin=0	 dropout=0	read_count=0	 write_count=0	 read_bytes=0	 write_bytes=0	
Time=14:20:55	CPU0 Usage=2.5	CPU0time_system=4956.15	CPU0time_idle=73044.33	ram_available=1232637952	ram_percent=41.2	swap_used=12263424	swap_percent=0.6	bytes_sent=5037	 bytes_recv=60624	 packets_sent=35	 packets_recv=55	 errin=0	 errout=0	 dropin=0	 dropout=0	read_count=0	 write_count=0	 read_bytes=0	 write_bytes=0	
Time=14:20:57	CPU0 Usage=3.0	CPU0time_system=4956.21	CPU0time_idle=73046.25	ram_available=1232510976	ram_percent=41.2	swap_used=12263424	swap_percent=0.6	bytes_sent=8619	 bytes_recv=101256	 packets_sent=59	 packets_recv=87	 errin=0	 errout=0	 dropin=0	 dropout=0	read_count=0	 write_count=0	 read_bytes=0	 write_bytes=0	
Time=14:20:59	CPU0 Usage=5.0	CPU0time_system=4956.29	CPU0time_idle=73048.14	ram_available=1232064512	ram_percent=41.3	swap_used=12263424	swap_percent=0.6	bytes_sent=16651	 bytes_recv=200153	 packets_sent=116	 packets_recv=169	 errin=0	 errout=0	 dropin=0	 dropout=0	read_count=0	 write_count=0	 read_bytes=0	 write_bytes=0	
Time=14:21:01	CPU0 Usage=3.5	CPU0time_system=4956.36	CPU0time_idle=73050.06	ram_available=1231872000	ram_percent=41.3	swap_used=12263424	swap_percent=0.6	bytes_sent=8388	 bytes_recv=100687	 packets_sent=58	 packets_recv=87	 errin=0	 errout=0	 dropin=0	 dropout=0	read_count=0	 write_count=0	 read_bytes=0	 write_bytes=0	
Time=14:21:03	CPU0 Usage=4.0	CPU0time_system=4956.42	CPU0time_idle=73051.96	ram_available=1231712256	ram_percent=41.3	swap_used=12263424	swap_percent=0.6	bytes_sent=13483	 bytes_recv=163122	 packets_sent=92	 packets_recv=138	 errin=0	 errout=0	 dropin=0	 dropout=0	read_count=0	 write_count=0	 read_bytes=0	 write_bytes=0	
Time=14:21:05	CPU0 Usage=2.5	CPU0time_system=4956.47	CPU0time_idle=73053.89	ram_available=1231585280	ram_percent=41.3	swap_used=12263424	swap_percent=0.6	bytes_sent=4651	 bytes_recv=50667	 packets_sent=29	 packets_recv=48	 errin=0	 errout=0	 dropin=0	 dropout=0	read_count=0	 write_count=0	 read_bytes=0	 write_bytes=0	
Time=14:21:07	CPU0 Usage=4.5	CPU0time_system=4956.56	CPU0time_idle=73055.79	ram_available=1231331328	ram_percent=41.3	swap_used=12263424	swap_percent=0.6	bytes_sent=14656	 bytes_recv=176855	 packets_sent=99	 packets_recv=146	 errin=0	 errout=0	 dropin=0	 dropout=0	read_count=0	 write_count=0	 read_bytes=0	 write_bytes=0	
Time=14:21:09	CPU0 Usage=3.5	CPU0time_system=4956.62	CPU0time_idle=73057.7	ram_available=1231011840	ram_percent=41.3	swap_used=12263424	swap_percent=0.6	bytes_sent=11791	 bytes_recv=138615	 packets_sent=82	 packets_recv=128	 errin=0	 errout=0	 dropin=0	 dropout=0	read_count=0	 write_count=0	 read_bytes=0	 write_bytes=0	
Time=14:21:11	CPU0 Usage=2.5	CPU0time_system=4956.67	CPU0time_idle=73059.63	ram_available=1231044608	ram_percent=41.3	swap_used=12263424	swap_percent=0.6	bytes_sent=4026	 bytes_recv=48763	 packets_sent=26	 packets_recv=42	 errin=0	 errout=0	 dropin=0	 dropout=0	read_count=0	 write_count=0	 read_bytes=0	 write_bytes=0	
Time=14:21:13	CPU0 Usage=4.0	CPU0time_system=4956.74	CPU0time_idle=73061.54	ram_available=1230905344	ram_percent=41.3	swap_used=12263424	swap_percent=0.6	bytes_sent=9295	 bytes_recv=99909	 packets_sent=59	 packets_recv=88	 errin=0	 errout=0	 dropin=0	 dropout=0	read_count=0	 write_count=0	 read_bytes=0	 write_bytes=0	
Time=14:21:15	CPU0 Usage=7.5	CPU0time_system=4956.86	CPU0time_idle=73063.38	ram_available=1230368768	ram_percent=41.3	swap_used=12263424	swap_percent=0.6	bytes_sent=34584	 bytes_recv=423676	 packets_sent=239	 packets_recv=350	 errin=0	 errout=0	 dropin=0	 dropout=0	read_count=0	 write_count=0	 read_bytes=0	 write_bytes=0	
Time=14:21:17	CPU0 Usage=4.5	CPU0time_system=4956.92	CPU0time_idle=73065.28	ram_available=1230147584	ram_percent=41.4	swap_used=12263424	swap_percent=0.6	bytes_sent=15022	 bytes_recv=173314	 packets_sent=97	 packets_recv=151	 errin=0	 errout=0	 dropin=0	 dropout=0	read_count=0	 write_count=0	 read_bytes=0	 write_bytes=0	
Time=14:21:19	CPU0 Usage=5.5	CPU0time_system=4957.01	CPU0time_idle=73067.18	ram_available=1229959168	ram_percent=41.4	swap_used=12263424	swap_percent=0.6	bytes_sent=14883	 bytes_recv=182059	 packets_sent=102	 packets_recv=153	 errin=0	 errout=0	 dropin=0	 dropout=0	read_count=0	 write_count=0	 read_bytes=0	 write_bytes=0	
Time=14:21:21	CPU0 Usage=4.1	CPU0time_system=4957.09	CPU0time_idle=73069.06	ram_available=1229520896	ram_percent=41.4	swap_used=12263424	swap_percent=0.6	bytes_sent=32374	 bytes_recv=224618	 packets_sent=130	 packets_recv=190	 errin=0	 errout=0	 dropin=0	 dropout=0	read_count=0	 write_count=0	 read_bytes=0	 write_bytes=0	
Time=14:21:23	CPU0 Usage=4.5	CPU0time_system=4957.16	CPU0time_idle=73070.96	ram_available=1229299712	ram_percent=41.4	swap_used=12263424	swap_percent=0.6	bytes_sent=12079	 bytes_recv=151641	 packets_sent=84	 packets_recv=128	 errin=0	 errout=0	 dropin=0	 dropout=0	read_count=0	 write_count=0	 read_bytes=0	 write_bytes=0	
Time=14:21:25	CPU0 Usage=4.5	CPU0time_system=4957.22	CPU0time_idle=73072.86	ram_available=1229111296	ram_percent=41.4	swap_used=12263424	swap_percent=0.6	bytes_sent=14464	 bytes_recv=175330	 packets_sent=101	 packets_recv=150	 errin=0	 errout=0	 dropin=0	 dropout=0	read_count=0	 write_count=0	 read_bytes=0	 write_bytes=0	
Time=14:21:27	CPU0 Usage=4.1	CPU0time_system=4957.29	CPU0time_idle=73074.75	ram_available=1228664832	ram_percent=41.4	swap_used=12263424	swap_percent=0.6	bytes_sent=16277	 bytes_recv=206339	 packets_sent=110	 packets_recv=171	 errin=0	 errout=0	 dropin=0	 dropout=0	read_count=0	 write_count=0	 read_bytes=0	 write_bytes=0	
Time=14:21:29	CPU0 Usage=4.0	CPU0time_system=4957.36	CPU0time_idle=73076.65	ram_available=1228443648	ram_percent=41.4	swap_used=12263424	swap_percent=0.6	bytes_sent=14166	 bytes_recv=172318	 packets_sent=96	 packets_recv=151	 errin=0	 errout=0	 dropin=0	 dropout=0	read_count=0	 write_count=0	 read_bytes=0	 write_bytes=0	
Time=14:21:31	CPU0 Usage=3.5	CPU0time_system=4957.42	CPU0time_idle=73078.56	ram_available=1228349440	ram_percent=41.4	swap_used=12263424	swap_percent=0.6	bytes_sent=9549	 bytes_recv=118311	 packets_sent=68	 packets_recv=105	 errin=0	 errout=0	 dropin=0	 dropout=0	read_count=0	 write_count=0	 read_bytes=0	 write_bytes=0	
Time=14:21:33	CPU0 Usage=4.5	CPU0time_system=4957.5	CPU0time_idle=73080.46	ram_available=1228062720	ram_percent=41.5	swap_used=12263424	swap_percent=0.6	bytes_sent=14793	 bytes_recv=181959	 packets_sent=101	 packets_recv=151	 errin=0	 errout=0	 dropin=0	 dropout=0	read_count=0	 write_count=0	 read_bytes=0	 write_bytes=0	
Time=14:21:35	CPU0 Usage=5.0	CPU0time_system=4957.6	CPU0time_idle=73082.36	ram_available=1227808768	ram_percent=41.5	swap_used=12263424	swap_percent=0.6	bytes_sent=12791	 bytes_recv=156965	 packets_sent=86	 packets_recv=133	 errin=0	 errout=0	 dropin=0	 dropout=0	read_count=0	 write_count=0	 read_bytes=0	 write_bytes=0	
Time=14:21:37	CPU0 Usage=4.0	CPU0time_system=4957.68	CPU0time_idle=73084.26	ram_available=1227681792	ram_percent=41.5	swap_used=12263424	swap_percent=0.6	bytes_sent=13219	 bytes_recv=155439	 packets_sent=90	 packets_recv=131	 errin=0	 errout=0	 dropin=0	 dropout=0	read_count=0	 write_count=0	 read_bytes=0	 write_bytes=0	
Time=14:21:39	CPU0 Usage=4.1	CPU0time_system=4957.74	CPU0time_idle=73086.15	ram_available=1227366400	ram_percent=41.5	swap_used=12263424	swap_percent=0.6	bytes_sent=14486	 bytes_recv=171719	 packets_sent=101	 packets_recv=150	 errin=0	 errout=0	 dropin=0	 dropout=0	read_count=0	 write_count=0	 read_bytes=0	 write_bytes=0	
Time=14:21:41	CPU0 Usage=4.1	CPU0time_system=4957.8	CPU0time_idle=73088.02	ram_available=1226821632	ram_percent=41.5	swap_used=12263424	swap_percent=0.6	bytes_sent=21132	 bytes_recv=258066	 packets_sent=140	 packets_recv=210	 errin=0	 errout=0	 dropin=0	 dropout=0	read_count=0	 write_count=0	 read_bytes=0	 write_bytes=0	
Time=14:21:43	CPU0 Usage=3.5	CPU0time_system=4957.86	CPU0time_idle=73089.94	ram_available=1226661888	ram_percent=41.5	swap_used=12263424	swap_percent=0.6	bytes_sent=4982	 bytes_recv=60410	 packets_sent=37	 packets_recv=57	 errin=0	 errout=0	 dropin=0	 dropout=0	read_count=0	 write_count=0	 read_bytes=0	 write_bytes=0	
Time=14:21:45	CPU0 Usage=4.1	CPU0time_system=4957.92	CPU0time_idle=73091.82	ram_available=1226424320	ram_percent=41.5	swap_used=12263424	swap_percent=0.6	bytes_sent=17670	 bytes_recv=204214	 packets_sent=117	 packets_recv=175	 errin=0	 errout=0	 dropin=0	 dropout=0	read_count=0	 write_count=0	 read_bytes=0	 write_bytes=0	
Time=14:21:47	CPU0 Usage=3.5	CPU0time_system=4957.98	CPU0time_idle=73093.73	ram_available=1226297344	ram_percent=41.5	swap_used=12263424	swap_percent=0.6	bytes_sent=11469	 bytes_recv=133471	 packets_sent=78	 packets_recv=118	 errin=0	 errout=0	 dropin=0	 dropout=0	read_count=0	 write_count=0	 read_bytes=0	 write_bytes=0	
Time=14:21:49	CPU0 Usage=2.5	CPU0time_system=4958.03	CPU0time_idle=73095.65	ram_available=1226203136	ram_percent=41.5	swap_used=12263424	swap_percent=0.6	bytes_sent=7594	 bytes_recv=81874	 packets_sent=50	 packets_recv=71	 errin=0	 errout=0	 dropin=0	 dropout=0	read_count=0	 write_count=0	 read_bytes=0	 write_bytes=0	
Time=14:21:51	CPU0 Usage=3.5	CPU0time_system=4958.09	CPU0time_idle=73097.56	ram_available=1225981952	ram_percent=41.5	swap_used=12263424	swap_percent=0.6	bytes_sent=12491	 bytes_recv=156065	 packets_sent=85	 packets_recv=130	 errin=0	 errout=0	 dropin=0	 dropout=0	read_count=0	 write_count=0	 read_bytes=0	 write_bytes=0	
Time=14:21:53	CPU0 Usage=3.5	CPU0time_system=4958.15	CPU0time_idle=73099.48	ram_available=1225814016	ram_percent=41.6	swap_used=12263424	swap_percent=0.6	bytes_sent=10921	 bytes_recv=131603	 packets_sent=74	 packets_recv=111	 errin=0	 errout=0	 dropin=0	 dropout=0	read_count=0	 write_count=0	 read_bytes=0	 write_bytes=0	
Time=14:21:55	CPU0 Usage=2.5	CPU0time_system=4958.19	CPU0time_idle=73101.4	ram_available=1225555968	ram_percent=41.6	swap_used=12263424	swap_percent=0.6	bytes_sent=5663	 bytes_recv=71975	 packets_sent=38	 packets_recv=60	 errin=0	 errout=0	 dropin=0	 dropout=0	read_count=0	 write_count=0	 read_bytes=0	 write_bytes=0	
Time=14:21:57	CPU0 Usage=4.6	CPU0time_system=4958.27	CPU0time_idle=73103.27	ram_available=1225052160	ram_percent=41.6	swap_used=12263424	swap_percent=0.6	bytes_sent=26815	 bytes_recv=335640	 packets_sent=185	 packets_recv=280	 errin=0	 errout=0	 dropin=0	 dropout=0	read_count=0	 write_count=0	 read_bytes=0	 write_bytes=0	
Time=14:21:59	CPU0 Usage=5.5	CPU0time_system=4958.36	CPU0time_idle=73105.15	ram_available=1224830976	ram_percent=41.6	swap_used=12263424	swap_percent=0.6	bytes_sent=18918	 bytes_recv=219510	 packets_sent=126	 packets_recv=182	 errin=0	 errout=0	 dropin=0	 dropout=0	read_count=0	 write_count=0	 read_bytes=0	 write_bytes=0	
Time=14:22:01	CPU0 Usage=2.6	CPU0time_system=4958.4	CPU0time_idle=73107.06	ram_available=1224736768	ram_percent=41.6	swap_used=12263424	swap_percent=0.6	bytes_sent=8245	 bytes_recv=108741	 packets_sent=58	 packets_recv=91	 errin=0	 errout=0	 dropin=0	 dropout=0	read_count=0	 write_count=0	 read_bytes=0	 write_bytes=0	
Time=14:22:03	CPU0 Usage=3.5	CPU0time_system=4958.46	CPU0time_idle=73108.98	ram_available=1224675328	ram_percent=41.6	swap_used=12263424	swap_percent=0.6	bytes_sent=9801	 bytes_recv=119301	 packets_sent=65	 packets_recv=101	 errin=0	 errout=0	 dropin=0	 dropout=0	read_count=0	 write_count=0	 read_bytes=0	 write_bytes=0	
Time=14:22:05	CPU0 Usage=3.0	CPU0time_system=4958.51	CPU0time_idle=73110.89	ram_available=1224355840	ram_percent=41.6	swap_used=12263424	swap_percent=0.6	bytes_sent=10966	 bytes_recv=138665	 packets_sent=76	 packets_recv=116	 errin=0	 errout=0	 dropin=0	 dropout=0	read_count=0	 write_count=0	 read_bytes=0	 write_bytes=0	
Time=14:22:07	CPU0 Usage=6.6	CPU0time_system=4958.61	CPU0time_idle=73112.74	ram_available=1223753728	ram_percent=41.7	swap_used=12263424	swap_percent=0.6	bytes_sent=29347	 bytes_recv=358103	 packets_sent=198	 packets_recv=291	 errin=0	 errout=0	 dropin=0	 dropout=0	read_count=0	 write_count=0	 read_bytes=0	 write_bytes=0	
Time=14:22:09	CPU0 Usage=4.0	CPU0time_system=4958.69	CPU0time_idle=73114.65	ram_available=1223618560	ram_percent=41.7	swap_used=12263424	swap_percent=0.6	bytes_sent=9990	 bytes_recv=115956	 packets_sent=66	 packets_recv=98	 errin=0	 errout=0	 dropin=0	 dropout=0	read_count=0	 write_count=0	 read_bytes=0	 write_bytes=0	
Time=14:22:11	CPU0 Usage=5.5	CPU0time_system=4958.78	CPU0time_idle=73116.54	ram_available=1223299072	ram_percent=41.7	swap_used=12263424	swap_percent=0.6	bytes_sent=20252	 bytes_recv=243070	 packets_sent=140	 packets_recv=209	 errin=0	 errout=0	 dropin=0	 dropout=0	read_count=0	 write_count=0	 read_bytes=0	 write_bytes=0	
Time=14:22:13	CPU0 Usage=4.5	CPU0time_system=4958.86	CPU0time_idle=73118.43	ram_available=1222852608	ram_percent=41.7	swap_used=12263424	swap_percent=0.6	bytes_sent=29837	 bytes_recv=183580	 packets_sent=113	 packets_recv=164	 errin=0	 errout=0	 dropin=0	 dropout=0	read_count=0	 write_count=0	 read_bytes=0	 write_bytes=0	
Time=14:22:15	CPU0 Usage=3.5	CPU0time_system=4958.93	CPU0time_idle=73120.34	ram_available=1222565888	ram_percent=41.7	swap_used=12263424	swap_percent=0.6	bytes_sent=11064	 bytes_recv=132382	 packets_sent=75	 packets_recv=115	 errin=0	 errout=0	 dropin=0	 dropout=0	read_count=0	 write_count=0	 read_bytes=0	 write_bytes=0	
Time=14:22:17	CPU0 Usage=3.1	CPU0time_system=4958.98	CPU0time_idle=73122.23	ram_available=1233809408	ram_percent=41.2	swap_used=12263424	swap_percent=0.6	bytes_sent=12709	 bytes_recv=156115	 packets_sent=87	 packets_recv=126	 errin=0	 errout=0	 dropin=0	 dropout=0	read_count=0	 write_count=0	 read_bytes=0	 write_bytes=0	
Time=14:22:19	CPU0 Usage=6.9	CPU0time_system=4959.09	CPU0time_idle=73124.11	ram_available=1233776640	ram_percent=41.2	swap_used=12263424	swap_percent=0.6	bytes_sent=19409	 bytes_recv=241401	 packets_sent=133	 packets_recv=198	 errin=0	 errout=0	 dropin=0	 dropout=0	read_count=0	 write_count=0	 read_bytes=0	 write_bytes=0	
Time=14:22:21	CPU0 Usage=3.6	CPU0time_system=4959.16	CPU0time_idle=73126.01	ram_available=1233776640	ram_percent=41.2	swap_used=12263424	swap_percent=0.6	bytes_sent=13060	 bytes_recv=153272	 packets_sent=88	 packets_recv=139	 errin=0	 errout=0	 dropin=0	 dropout=0	read_count=0	 write_count=0	 read_bytes=0	 write_bytes=0	
Time=14:22:23	CPU0 Usage=2.5	CPU0time_system=4959.21	CPU0time_idle=73127.94	ram_available=1233711104	ram_percent=41.2	swap_used=12263424	swap_percent=0.6	bytes_sent=4718	 bytes_recv=57851	 packets_sent=33	 packets_recv=46	 errin=0	 errout=0	 dropin=0	 dropout=0	read_count=0	 write_count=0	 read_bytes=0	 write_bytes=0	
Time=14:22:25	CPU0 Usage=3.6	CPU0time_system=4959.26	CPU0time_idle=73129.84	ram_available=1233743872	ram_percent=41.2	swap_used=12263424	swap_percent=0.6	bytes_sent=10949	 bytes_recv=134381	 packets_sent=76	 packets_recv=109	 errin=0	 errout=0	 dropin=0	 dropout=0	read_count=0	 write_count=0	 read_bytes=0	 write_bytes=0	
Time=14:22:27	CPU0 Usage=6.5	CPU0time_system=4959.36	CPU0time_idle=73131.7	ram_available=1233743872	ram_percent=41.2	swap_used=12263424	swap_percent=0.6	bytes_sent=27600	 bytes_recv=331308	 packets_sent=183	 packets_recv=269	 errin=0	 errout=0	 dropin=0	 dropout=0	read_count=0	 write_count=0	 read_bytes=0	 write_bytes=0	
Time=14:22:29	CPU0 Usage=5.5	CPU0time_system=4959.46	CPU0time_idle=73133.59	ram_available=1233555456	ram_percent=41.2	swap_used=12263424	swap_percent=0.6	bytes_sent=17997	 bytes_recv=224685	 packets_sent=125	 packets_recv=185	 errin=0	 errout=0	 dropin=0	 dropout=0	read_count=0	 write_count=0	 read_bytes=0	 write_bytes=0	
Time=14:22:31	CPU0 Usage=4.5	CPU0time_system=4959.54	CPU0time_idle=73135.5	ram_available=1233362944	ram_percent=41.2	swap_used=12263424	swap_percent=0.6	bytes_sent=8188	 bytes_recv=99293	 packets_sent=57	 packets_recv=84	 errin=0	 errout=0	 dropin=0	 dropout=0	read_count=0	 write_count=0	 read_bytes=0	 write_bytes=0	
Time=14:22:33	CPU0 Usage=4.1	CPU0time_system=4959.62	CPU0time_idle=73137.39	ram_available=1233010688	ram_percent=41.2	swap_used=12263424	swap_percent=0.6	bytes_sent=18410	 bytes_recv=224530	 packets_sent=127	 packets_recv=186	 errin=0	 errout=0	 dropin=0	 dropout=0	read_count=0	 write_count=0	 read_bytes=0	 write_bytes=0	
Time=14:22:35	CPU0 Usage=3.5	CPU0time_system=4959.69	CPU0time_idle=73139.3	ram_available=1232916480	ram_percent=41.2	swap_used=12263424	swap_percent=0.6	bytes_sent=6561	 bytes_recv=81687	 packets_sent=47	 packets_recv=71	 errin=0	 errout=0	 dropin=0	 dropout=0	read_count=0	 write_count=0	 read_bytes=0	 write_bytes=0	
Time=14:22:37	CPU0 Usage=4.1	CPU0time_system=4959.77	CPU0time_idle=73141.18	ram_available=1232633856	ram_percent=41.2	swap_used=12263424	swap_percent=0.6	bytes_sent=21386	 bytes_recv=261039	 packets_sent=144	 packets_recv=216	 errin=0	 errout=0	 dropin=0	 dropout=0	read_count=0	 write_count=0	 read_bytes=0	 write_bytes=0	
Time=14:22:39	CPU0 Usage=3.5	CPU0time_system=4959.83	CPU0time_idle=73143.11	ram_available=1232601088	ram_percent=41.2	swap_used=12263424	swap_percent=0.6	bytes_sent=1844	 bytes_recv=14261	 packets_sent=10	 packets_recv=15	 errin=0	 errout=0	 dropin=0	 dropout=0	read_count=0	 write_count=0	 read_bytes=0	 write_bytes=0	
Time=14:22:41	CPU0 Usage=5.0	CPU0time_system=4959.92	CPU0time_idle=73145.0	ram_available=1232347136	ram_percent=41.2	swap_used=12263424	swap_percent=0.6	bytes_sent=14504	 bytes_recv=175474	 packets_sent=96	 packets_recv=146	 errin=0	 errout=0	 dropin=0	 dropout=0	read_count=0	 write_count=0	 read_bytes=0	 write_bytes=0	
Time=14:22:43	CPU0 Usage=3.6	CPU0time_system=4959.98	CPU0time_idle=73146.88	ram_available=1231900672	ram_percent=41.3	swap_used=12263424	swap_percent=0.6	bytes_sent=22691	 bytes_recv=272987	 packets_sent=158	 packets_recv=236	 errin=0	 errout=0	 dropin=0	 dropout=0	read_count=0	 write_count=0	 read_bytes=0	 write_bytes=0	
Time=14:22:45	CPU0 Usage=4.5	CPU0time_system=4960.06	CPU0time_idle=73148.78	ram_available=1231613952	ram_percent=41.3	swap_used=12263424	swap_percent=0.6	bytes_sent=17222	 bytes_recv=202235	 packets_sent=118	 packets_recv=174	 errin=0	 errout=0	 dropin=0	 dropout=0	read_count=0	 write_count=0	 read_bytes=0	 write_bytes=0	
Time=14:22:47	CPU0 Usage=5.0	CPU0time_system=4960.13	CPU0time_idle=73150.68	ram_available=1231425536	ram_percent=41.3	swap_used=12263424	swap_percent=0.6	bytes_sent=14632	 bytes_recv=183164	 packets_sent=100	 packets_recv=155	 errin=0	 errout=0	 dropin=0	 dropout=0	read_count=0	 write_count=0	 read_bytes=0	 write_bytes=0	
Time=14:22:49	CPU0 Usage=4.0	CPU0time_system=4960.2	CPU0time_idle=73152.58	ram_available=1231216640	ram_percent=41.3	swap_used=12263424	swap_percent=0.6	bytes_sent=15553	 bytes_recv=190660	 packets_sent=106	 packets_recv=160	 errin=0	 errout=0	 dropin=0	 dropout=0	read_count=0	 write_count=0	 read_bytes=0	 write_bytes=0	
Time=14:22:51	CPU0 Usage=4.0	CPU0time_system=4960.27	CPU0time_idle=73154.49	ram_available=1230966784	ram_percent=41.3	swap_used=12263424	swap_percent=0.6	bytes_sent=10794	 bytes_recv=131292	 packets_sent=73	 packets_recv=109	 errin=0	 errout=0	 dropin=0	 dropout=0	read_count=0	 write_count=0	 read_bytes=0	 write_bytes=0	
Time=14:22:53	CPU0 Usage=2.5	CPU0time_system=4960.31	CPU0time_idle=73156.42	ram_available=1230999552	ram_percent=41.3	swap_used=12263424	swap_percent=0.6	bytes_sent=3722	 bytes_recv=48620	 packets_sent=26	 packets_recv=46	 errin=0	 errout=0	 dropin=0	 dropout=0	read_count=0	 write_count=0	 read_bytes=0	 write_bytes=0	
Time=14:22:55	CPU0 Usage=4.0	CPU0time_system=4960.39	CPU0time_idle=73158.34	ram_available=1230745600	ram_percent=41.3	swap_used=12263424	swap_percent=0.6	bytes_sent=10977	 bytes_recv=137461	 packets_sent=75	 packets_recv=110	 errin=0	 errout=0	 dropin=0	 dropout=0	read_count=0	 write_count=0	 read_bytes=0	 write_bytes=0	
Time=14:22:57	CPU0 Usage=4.1	CPU0time_system=4960.45	CPU0time_idle=73160.23	ram_available=1230487552	ram_percent=41.3	swap_used=12263424	swap_percent=0.6	bytes_sent=16154	 bytes_recv=185579	 packets_sent=109	 packets_recv=155	 errin=0	 errout=0	 dropin=0	 dropout=0	read_count=0	 write_count=0	 read_bytes=0	 write_bytes=0	
Time=14:22:59	CPU0 Usage=4.0	CPU0time_system=4960.52	CPU0time_idle=73162.14	ram_available=1230331904	ram_percent=41.3	swap_used=12263424	swap_percent=0.6	bytes_sent=10386	 bytes_recv=123136	 packets_sent=70	 packets_recv=104	 errin=0	 errout=0	 dropin=0	 dropout=0	read_count=0	 write_count=0	 read_bytes=0	 write_bytes=0	
Time=14:23:01	CPU0 Usage=4.6	CPU0time_system=4960.6	CPU0time_idle=73164.0	ram_available=1229729792	ram_percent=41.4	swap_used=12263424	swap_percent=0.6	bytes_sent=27579	 bytes_recv=340028	 packets_sent=190	 packets_recv=286	 errin=0	 errout=0	 dropin=0	 dropout=0	read_count=0	 write_count=0	 read_bytes=0	 write_bytes=0	
Time=14:23:03	CPU0 Usage=4.0	CPU0time_system=4960.67	CPU0time_idle=73165.91	ram_available=1229635584	ram_percent=41.4	swap_used=12263424	swap_percent=0.6	bytes_sent=22887	 bytes_recv=98675	 packets_sent=62	 packets_recv=85	 errin=0	 errout=0	 dropin=0	 dropout=0	read_count=0	 write_count=0	 read_bytes=0	 write_bytes=0	
Time=14:23:05	CPU0 Usage=4.5	CPU0time_system=4960.74	CPU0time_idle=73167.82	ram_available=1229348864	ram_percent=41.4	swap_used=12263424	swap_percent=0.6	bytes_sent=11270	 bytes_recv=133652	 packets_sent=79	 packets_recv=118	 errin=0	 errout=0	 dropin=0	 dropout=0	read_count=0	 write_count=0	 read_bytes=0	 write_bytes=0	
Time=14:23:07	CPU0 Usage=3.6	CPU0time_system=4960.8	CPU0time_idle=73169.72	ram_available=1229127680	ram_percent=41.4	swap_used=12263424	swap_percent=0.6	bytes_sent=14022	 bytes_recv=169338	 packets_sent=97	 packets_recv=145	 errin=0	 errout=0	 dropin=0	 dropout=0	read_count=0	 write_count=0	 read_bytes=0	 write_bytes=0	
Time=14:23:09	CPU0 Usage=4.0	CPU0time_system=4960.88	CPU0time_idle=73171.62	ram_available=1229033472	ram_percent=41.4	swap_used=12263424	swap_percent=0.6	bytes_sent=12278	 bytes_recv=140512	 packets_sent=82	 packets_recv=119	 errin=0	 errout=0	 dropin=0	 dropout=0	read_count=0	 write_count=0	 read_bytes=0	 write_bytes=0	
Time=14:23:11	CPU0 Usage=5.5	CPU0time_system=4960.99	CPU0time_idle=73173.52	ram_available=1228587008	ram_percent=41.4	swap_used=12263424	swap_percent=0.6	bytes_sent=14228	 bytes_recv=178812	 packets_sent=95	 packets_recv=151	 errin=0	 errout=0	 dropin=0	 dropout=0	read_count=0	 write_count=0	 read_bytes=0	 write_bytes=0	
Time=14:23:13	CPU0 Usage=4.6	CPU0time_system=4961.07	CPU0time_idle=73175.4	ram_available=1228333056	ram_percent=41.4	swap_used=12263424	swap_percent=0.6	bytes_sent=18527	 bytes_recv=228871	 packets_sent=127	 packets_recv=188	 errin=0	 errout=0	 dropin=0	 dropout=0	read_count=0	 write_count=0	 read_bytes=0	 write_bytes=0	
Time=14:23:15	CPU0 Usage=5.0	CPU0time_system=4961.16	CPU0time_idle=73177.3	ram_available=1228177408	ram_percent=41.4	swap_used=12263424	swap_percent=0.6	bytes_sent=15716	 bytes_recv=195180	 packets_sent=110	 packets_recv=163	 errin=0	 errout=0	 dropin=0	 dropout=0	read_count=0	 write_count=0	 read_bytes=0	 write_bytes=0	
Time=14:23:17	CPU0 Usage=5.0	CPU0time_system=4961.24	CPU0time_idle=73179.2	ram_available=1227857920	ram_percent=41.5	swap_used=12263424	swap_percent=0.6	bytes_sent=10557	 bytes_recv=134925	 packets_sent=72	 packets_recv=113	 errin=0	 errout=0	 dropin=0	 dropout=0	read_count=0	 write_count=0	 read_bytes=0	 write_bytes=0	
Time=14:23:19	CPU0 Usage=4.0	CPU0time_system=4961.32	CPU0time_idle=73181.12	ram_available=1227669504	ram_percent=41.5	swap_used=12263424	swap_percent=0.6	bytes_sent=8116	 bytes_recv=92751	 packets_sent=54	 packets_recv=82	 errin=0	 errout=0	 dropin=0	 dropout=0	read_count=0	 write_count=0	 read_bytes=0	 write_bytes=0	
Time=14:23:21	CPU0 Usage=4.6	CPU0time_system=4961.39	CPU0time_idle=73183.0	ram_available=1227190272	ram_percent=41.5	swap_used=12263424	swap_percent=0.6	bytes_sent=19619	 bytes_recv=245375	 packets_sent=133	 packets_recv=204	 errin=0	 errout=0	 dropin=0	 dropout=0	read_count=0	 write_count=0	 read_bytes=0	 write_bytes=0	
Time=14:23:23	CPU0 Usage=3.5	CPU0time_system=4961.46	CPU0time_idle=73184.92	ram_available=1226997760	ram_percent=41.5	swap_used=12263424	swap_percent=0.6	bytes_sent=8717	 bytes_recv=104286	 packets_sent=62	 packets_recv=92	 errin=0	 errout=0	 dropin=0	 dropout=0	read_count=0	 write_count=0	 read_bytes=0	 write_bytes=0	
Time=14:23:25	CPU0 Usage=4.0	CPU0time_system=4961.54	CPU0time_idle=73186.82	ram_available=1226936320	ram_percent=41.5	swap_used=12263424	swap_percent=0.6	bytes_sent=8934	 bytes_recv=106359	 packets_sent=60	 packets_recv=85	 errin=0	 errout=0	 dropin=0	 dropout=0	read_count=0	 write_count=0	 read_bytes=0	 write_bytes=0	
Time=14:23:27	CPU0 Usage=6.4	CPU0time_system=4961.65	CPU0time_idle=73188.71	ram_available=1226682368	ram_percent=41.5	swap_used=12263424	swap_percent=0.6	bytes_sent=17831	 bytes_recv=213669	 packets_sent=121	 packets_recv=176	 errin=0	 errout=0	 dropin=0	 dropout=0	read_count=0	 write_count=0	 read_bytes=0	 write_bytes=0	
Time=14:23:29	CPU0 Usage=5.6	CPU0time_system=4961.75	CPU0time_idle=73190.58	ram_available=1226264576	ram_percent=41.5	swap_used=12263424	swap_percent=0.6	bytes_sent=21433	 bytes_recv=258275	 packets_sent=146	 packets_recv=220	 errin=0	 errout=0	 dropin=0	 dropout=0	read_count=0	 write_count=0	 read_bytes=0	 write_bytes=0	
Time=14:23:31	CPU0 Usage=3.0	CPU0time_system=4961.8	CPU0time_idle=73192.5	ram_available=1226268672	ram_percent=41.5	swap_used=12263424	swap_percent=0.6	bytes_sent=6457	 bytes_recv=85829	 packets_sent=45	 packets_recv=72	 errin=0	 errout=0	 dropin=0	 dropout=0	read_count=0	 write_count=0	 read_bytes=0	 write_bytes=0	
Time=14:23:33	CPU0 Usage=7.0	CPU0time_system=4961.92	CPU0time_idle=73194.36	ram_available=1225695232	ram_percent=41.6	swap_used=12263424	swap_percent=0.6	bytes_sent=26286	 bytes_recv=321077	 packets_sent=180	 packets_recv=267	 errin=0	 errout=0	 dropin=0	 dropout=0	read_count=0	 write_count=0	 read_bytes=0	 write_bytes=0	
Time=14:23:35	CPU0 Usage=3.0	CPU0time_system=4961.98	CPU0time_idle=73196.29	ram_available=1225793536	ram_percent=41.6	swap_used=12263424	swap_percent=0.6	bytes_sent=3522	 bytes_recv=44366	 packets_sent=24	 packets_recv=36	 errin=0	 errout=0	 dropin=0	 dropout=0	read_count=0	 write_count=0	 read_bytes=0	 write_bytes=0	
Time=14:23:37	CPU0 Usage=4.1	CPU0time_system=4962.04	CPU0time_idle=73198.17	ram_available=1225506816	ram_percent=41.6	swap_used=12263424	swap_percent=0.6	bytes_sent=18679	 bytes_recv=225309	 packets_sent=132	 packets_recv=195	 errin=0	 errout=0	 dropin=0	 dropout=0	read_count=0	 write_count=0	 read_bytes=0	 write_bytes=0	
Time=14:23:39	CPU0 Usage=1.5	CPU0time_system=4962.07	CPU0time_idle=73200.09	ram_available=1225379840	ram_percent=41.6	swap_used=12263424	swap_percent=0.6	bytes_sent=9194	 bytes_recv=107427	 packets_sent=63	 packets_recv=89	 errin=0	 errout=0	 dropin=0	 dropout=0	read_count=0	 write_count=0	 read_bytes=0	 write_bytes=0	
Time=14:23:41	CPU0 Usage=3.5	CPU0time_system=4962.14	CPU0time_idle=73202.01	ram_available=1225125888	ram_percent=41.6	swap_used=12263424	swap_percent=0.6	bytes_sent=8843	 bytes_recv=108847	 packets_sent=58	 packets_recv=91	 errin=0	 errout=0	 dropin=0	 dropout=0	read_count=0	 write_count=0	 read_bytes=0	 write_bytes=0	
Time=14:23:43	CPU0 Usage=3.6	CPU0time_system=4962.2	CPU0time_idle=73203.89	ram_available=1224871936	ram_percent=41.6	swap_used=12263424	swap_percent=0.6	bytes_sent=23048	 bytes_recv=283881	 packets_sent=160	 packets_recv=241	 errin=0	 errout=0	 dropin=0	 dropout=0	read_count=0	 write_count=0	 read_bytes=0	 write_bytes=0	
Time=14:23:45	CPU0 Usage=2.0	CPU0time_system=4962.24	CPU0time_idle=73205.82	ram_available=1224744960	ram_percent=41.6	swap_used=12263424	swap_percent=0.6	bytes_sent=3117	 bytes_recv=39751	 packets_sent=21	 packets_recv=34	 errin=0	 errout=0	 dropin=0	 dropout=0	read_count=0	 write_count=0	 read_bytes=0	 write_bytes=0	
Time=14:23:47	CPU0 Usage=2.5	CPU0time_system=4962.28	CPU0time_idle=73207.74	ram_available=1224458240	ram_percent=41.6	swap_used=12263424	swap_percent=0.6	bytes_sent=9104	 bytes_recv=119291	 packets_sent=63	 packets_recv=101	 errin=0	 errout=0	 dropin=0	 dropout=0	read_count=0	 write_count=0	 read_bytes=0	 write_bytes=0	
Time=14:23:49	CPU0 Usage=5.0	CPU0time_system=4962.35	CPU0time_idle=73209.63	ram_available=1223950336	ram_percent=41.6	swap_used=12263424	swap_percent=0.6	bytes_sent=16884	 bytes_recv=216900	 packets_sent=113	 packets_recv=176	 errin=0	 errout=0	 dropin=0	 dropout=0	read_count=0	 write_count=0	 read_bytes=0	 write_bytes=0	
Time=14:23:51	CPU0 Usage=3.0	CPU0time_system=4962.4	CPU0time_idle=73211.54	ram_available=1223729152	ram_percent=41.7	swap_used=12263424	swap_percent=0.6	bytes_sent=11578	 bytes_recv=139588	 packets_sent=80	 packets_recv=113	 errin=0	 errout=0	 dropin=0	 dropout=0	read_count=0	 write_count=0	 read_bytes=0	 write_bytes=0	
Time=14:23:53	CPU0 Usage=5.5	CPU0time_system=4962.5	CPU0time_idle=73213.42	ram_available=1223606272	ram_percent=41.7	swap_used=12263424	swap_percent=0.6	bytes_sent=35703	 bytes_recv=263416	 packets_sent=155	 packets_recv=225	 errin=0	 errout=0	 dropin=0	 dropout=0	read_count=0	 write_count=0	 read_bytes=0	 write_bytes=0	
Time=14:23:55	CPU0 Usage=2.5	CPU0time_system=4962.54	CPU0time_idle=73215.34	ram_available=1223446528	ram_percent=41.7	swap_used=12263424	swap_percent=0.6	bytes_sent=7329	 bytes_recv=87126	 packets_sent=50	 packets_recv=71	 errin=0	 errout=0	 dropin=0	 dropout=0	read_count=0	 write_count=0	 read_bytes=0	 write_bytes=0	
Time=14:23:57	CPU0 Usage=2.5	CPU0time_system=4962.58	CPU0time_idle=73217.26	ram_available=1223159808	ram_percent=41.7	swap_used=12263424	swap_percent=0.6	bytes_sent=8078	 bytes_recv=92556	 packets_sent=54	 packets_recv=81	 errin=0	 errout=0	 dropin=0	 dropout=0	read_count=0	 write_count=0	 read_bytes=0	 write_bytes=0	
Time=14:23:59	CPU0 Usage=4.0	CPU0time_system=4962.65	CPU0time_idle=73219.16	ram_available=1223032832	ram_percent=41.7	swap_used=12263424	swap_percent=0.6	bytes_sent=10898	 bytes_recv=132965	 packets_sent=75	 packets_recv=108	 errin=0	 errout=0	 dropin=0	 dropout=0	read_count=0	 write_count=0	 read_bytes=0	 write_bytes=0	
Time=14:24:01	CPU0 Usage=4.6	CPU0time_system=4962.72	CPU0time_idle=73221.04	ram_available=1222733824	ram_percent=41.7	swap_used=12263424	swap_percent=0.6	bytes_sent=18187	 bytes_recv=227884	 packets_sent=124	 packets_recv=184	 errin=0	 errout=0	 dropin=0	 dropout=0	read_count=0	 write_count=0	 read_bytes=0	 write_bytes=0	
Time=14:24:03	CPU0 Usage=4.1	CPU0time_system=4962.78	CPU0time_idle=73222.93	ram_available=1222221824	ram_percent=41.7	swap_used=12263424	swap_percent=0.6	bytes_sent=16113	 bytes_recv=204784	 packets_sent=111	 packets_recv=171	 errin=0	 errout=0	 dropin=0	 dropout=0	read_count=0	 write_count=0	 read_bytes=0	 write_bytes=0	
Time=14:24:05	CPU0 Usage=5.0	CPU0time_system=4962.87	CPU0time_idle=73224.84	ram_available=1221967872	ram_percent=41.7	swap_used=12263424	swap_percent=0.6	bytes_sent=10347	 bytes_recv=128825	 packets_sent=73	 packets_recv=107	 errin=0	 errout=0	 dropin=0	 dropout=0	read_count=0	 write_count=0	 read_bytes=0	 write_bytes=0	
Time=14:24:07	CPU0 Usage=4.0	CPU0time_system=4962.94	CPU0time_idle=73226.76	ram_available=1221840896	ram_percent=41.7	swap_used=12263424	swap_percent=0.6	bytes_sent=4603	 bytes_recv=56696	 packets_sent=30	 packets_recv=46	 errin=0	 errout=0	 dropin=0	 dropout=0	read_count=0	 write_count=0	 read_bytes=0	 write_bytes=0	
Time=14:24:09	CPU0 Usage=4.0	CPU0time_system=4963.02	CPU0time_idle=73228.66	ram_available=1221554176	ram_percent=41.8	swap_used=12263424	swap_percent=0.6	bytes_sent=13588	 bytes_recv=167640	 packets_sent=94	 packets_recv=145	 errin=0	 errout=0	 dropin=0	 dropout=0	read_count=0	 write_count=0	 read_bytes=0	 write_bytes=0	
Time=14:24:11	CPU0 Usage=4.0	CPU0time_system=4963.09	CPU0time_idle=73230.56	ram_available=1221365760	ram_percent=41.8	swap_used=12263424	swap_percent=0.6	bytes_sent=13574	 bytes_recv=165131	 packets_sent=91	 packets_recv=137	 errin=0	 errout=0	 dropin=0	 dropout=0	read_count=0	 write_count=0	 read_bytes=0	 write_bytes=0	
Time=14:24:13	CPU0 Usage=5.6	CPU0time_system=4963.17	CPU0time_idle=73232.43	ram_available=1234161664	ram_percent=41.2	swap_used=12263424	swap_percent=0.6	bytes_sent=17870	 bytes_recv=220577	 packets_sent=125	 packets_recv=195	 errin=0	 errout=0	 dropin=0	 dropout=0	read_count=0	 write_count=0	 read_bytes=0	 write_bytes=0	
Time=14:24:15	CPU0 Usage=5.5	CPU0time_system=4963.26	CPU0time_idle=73234.32	ram_available=1234235392	ram_percent=41.2	swap_used=12263424	swap_percent=0.6	bytes_sent=15636	 bytes_recv=201114	 packets_sent=107	 packets_recv=163	 errin=0	 errout=0	 dropin=0	 dropout=0	read_count=0	 write_count=0	 read_bytes=0	 write_bytes=0	
Time=14:24:17	CPU0 Usage=4.5	CPU0time_system=4963.34	CPU0time_idle=73236.23	ram_available=1234219008	ram_percent=41.2	swap_used=12263424	swap_percent=0.6	bytes_sent=10340	 bytes_recv=123291	 packets_sent=71	 packets_recv=105	 errin=0	 errout=0	 dropin=0	 dropout=0	read_count=0	 write_count=0	 read_bytes=0	 write_bytes=0	
Time=14:24:19	CPU0 Usage=5.5	CPU0time_system=4963.43	CPU0time_idle=73238.13	ram_available=1234235392	ram_percent=41.2	swap_used=12263424	swap_percent=0.6	bytes_sent=13011	 bytes_recv=158053	 packets_sent=91	 packets_recv=135	 errin=0	 errout=0	 dropin=0	 dropout=0	read_count=0	 write_count=0	 read_bytes=0	 write_bytes=0	
Time=14:24:21	CPU0 Usage=5.0	CPU0time_system=4963.5	CPU0time_idle=73240.03	ram_available=1234202624	ram_percent=41.2	swap_used=12263424	swap_percent=0.6	bytes_sent=12363	 bytes_recv=154004	 packets_sent=84	 packets_recv=130	 errin=0	 errout=0	 dropin=0	 dropout=0	read_count=0	 write_count=0	 read_bytes=0	 write_bytes=0	
Time=14:24:23	CPU0 Usage=13.7	CPU0time_system=4963.63	CPU0time_idle=73241.7	ram_available=1225871360	ram_percent=41.6	swap_used=12263424	swap_percent=0.6	bytes_sent=22361	 bytes_recv=278709	 packets_sent=153	 packets_recv=229	 errin=0	 errout=0	 dropin=0	 dropout=0	read_count=156	 write_count=0	 read_bytes=638976	 write_bytes=0	
Time=14:24:25	CPU0 Usage=17.0	CPU0time_system=4963.72	CPU0time_idle=73243.36	ram_available=1216188416	ram_percent=42.0	swap_used=12263424	swap_percent=0.6	bytes_sent=3026	 bytes_recv=34269	 packets_sent=20	 packets_recv=30	 errin=0	 errout=0	 dropin=0	 dropout=0	read_count=0	 write_count=0	 read_bytes=0	 write_bytes=0	
Time=14:24:27	CPU0 Usage=22.2	CPU0time_system=4963.77	CPU0time_idle=73244.9	ram_available=1208315904	ram_percent=42.4	swap_used=12263424	swap_percent=0.6	bytes_sent=11864	 bytes_recv=135466	 packets_sent=80	 packets_recv=121	 errin=0	 errout=0	 dropin=0	 dropout=0	read_count=0	 write_count=0	 read_bytes=0	 write_bytes=0	
Time=14:24:29	CPU0 Usage=85.5	CPU0time_system=4963.82	CPU0time_idle=73245.19	ram_available=1202192384	ram_percent=42.7	swap_used=12263424	swap_percent=0.6	bytes_sent=6001	 bytes_recv=71102	 packets_sent=40	 packets_recv=61	 errin=0	 errout=0	 dropin=0	 dropout=0	read_count=0	 write_count=10	 read_bytes=0	 write_bytes=65536	
Time=14:24:31	CPU0 Usage=95.5	CPU0time_system=4963.84	CPU0time_idle=73245.28	ram_available=1196130304	ram_percent=43.0	swap_used=12263424	swap_percent=0.6	bytes_sent=8847	 bytes_recv=109495	 packets_sent=60	 packets_recv=92	 errin=0	 errout=0	 dropin=0	 dropout=0	read_count=0	 write_count=0	 read_bytes=0	 write_bytes=0	
Time=14:24:33	CPU0 Usage=97.0	CPU0time_system=4963.89	CPU0time_idle=73245.34	ram_available=1191747584	ram_percent=43.2	swap_used=12263424	swap_percent=0.6	bytes_sent=23600	 bytes_recv=287885	 packets_sent=163	 packets_recv=253	 errin=0	 errout=0	 dropin=0	 dropout=0	read_count=0	 write_count=0	 read_bytes=0	 write_bytes=0	
Time=14:24:35	CPU0 Usage=97.0	CPU0time_system=4963.91	CPU0time_idle=73245.4	ram_available=1187676160	ram_percent=43.4	swap_used=12263424	swap_percent=0.6	bytes_sent=13158	 bytes_recv=163291	 packets_sent=90	 packets_recv=131	 errin=0	 errout=0	 dropin=0	 dropout=0	read_count=0	 write_count=0	 read_bytes=0	 write_bytes=0	
Time=14:24:37	CPU0 Usage=97.0	CPU0time_system=4963.94	CPU0time_idle=73245.46	ram_available=1183232000	ram_percent=43.6	swap_used=12263424	swap_percent=0.6	bytes_sent=13051	 bytes_recv=159143	 packets_sent=91	 packets_recv=142	 errin=0	 errout=0	 dropin=0	 dropout=0	read_count=0	 write_count=0	 read_bytes=0	 write_bytes=0	
Time=14:24:39	CPU0 Usage=98.5	CPU0time_system=4963.96	CPU0time_idle=73245.49	ram_available=1180979200	ram_percent=43.7	swap_used=12263424	swap_percent=0.6	bytes_sent=20782	 bytes_recv=254398	 packets_sent=141	 packets_recv=213	 errin=0	 errout=0	 dropin=0	 dropout=0	read_count=0	 write_count=0	 read_bytes=0	 write_bytes=0	
Time=14:24:41	CPU0 Usage=98.5	CPU0time_system=4963.98	CPU0time_idle=73245.52	ram_available=1178853376	ram_percent=43.8	swap_used=12263424	swap_percent=0.6	bytes_sent=13049	 bytes_recv=160325	 packets_sent=91	 packets_recv=138	 errin=0	 errout=0	 dropin=0	 dropout=0	read_count=0	 write_count=0	 read_bytes=0	 write_bytes=0	
Time=14:24:43	CPU0 Usage=98.5	CPU0time_system=4964.0	CPU0time_idle=73245.55	ram_available=1176440832	ram_percent=43.9	swap_used=12263424	swap_percent=0.6	bytes_sent=12519	 bytes_recv=156209	 packets_sent=85	 packets_recv=131	 errin=0	 errout=0	 dropin=0	 dropout=0	read_count=0	 write_count=0	 read_bytes=0	 write_bytes=0	
Time=14:24:45	CPU0 Usage=98.5	CPU0time_system=4964.04	CPU0time_idle=73245.58	ram_available=1174093824	ram_percent=44.0	swap_used=12263424	swap_percent=0.6	bytes_sent=33195	 bytes_recv=240809	 packets_sent=136	 packets_recv=202	 errin=0	 errout=0	 dropin=0	 dropout=0	read_count=0	 write_count=0	 read_bytes=0	 write_bytes=0	
Time=14:24:47	CPU0 Usage=99.0	CPU0time_system=4964.05	CPU0time_idle=73245.6	ram_available=1171996672	ram_percent=44.1	swap_used=12263424	swap_percent=0.6	bytes_sent=7372	 bytes_recv=87722	 packets_sent=50	 packets_recv=74	 errin=0	 errout=0	 dropin=0	 dropout=0	read_count=0	 write_count=0	 read_bytes=0	 write_bytes=0	
Time=14:24:49	CPU0 Usage=98.0	CPU0time_system=4964.07	CPU0time_idle=73245.64	ram_available=1169870848	ram_percent=44.2	swap_used=12263424	swap_percent=0.6	bytes_sent=7477	 bytes_recv=88642	 packets_sent=52	 packets_recv=74	 errin=0	 errout=0	 dropin=0	 dropout=0	read_count=0	 write_count=0	 read_bytes=0	 write_bytes=0	
Time=14:24:51	CPU0 Usage=99.0	CPU0time_system=4964.12	CPU0time_idle=73245.66	ram_available=1167486976	ram_percent=44.3	swap_used=12263424	swap_percent=0.6	bytes_sent=30699	 bytes_recv=361869	 packets_sent=213	 packets_recv=313	 errin=0	 errout=0	 dropin=0	 dropout=0	read_count=0	 write_count=0	 read_bytes=0	 write_bytes=0	
Time=14:24:53	CPU0 Usage=98.0	CPU0time_system=4964.13	CPU0time_idle=73245.7	ram_available=1165144064	ram_percent=44.5	swap_used=12263424	swap_percent=0.6	bytes_sent=32464	 bytes_recv=406592	 packets_sent=221	 packets_recv=333	 errin=0	 errout=0	 dropin=0	 dropout=0	read_count=0	 write_count=0	 read_bytes=0	 write_bytes=0	
Time=14:24:55	CPU0 Usage=100.0	CPU0time_system=4964.13	CPU0time_idle=73245.7	ram_available=1164406784	ram_percent=44.5	swap_used=12263424	swap_percent=0.6	bytes_sent=32569	 bytes_recv=390437	 packets_sent=225	 packets_recv=328	 errin=0	 errout=0	 dropin=0	 dropout=0	read_count=0	 write_count=0	 read_bytes=0	 write_bytes=0	
Time=14:24:57	CPU0 Usage=20.5	CPU0time_system=4964.18	CPU0time_idle=73247.28	ram_available=1162502144	ram_percent=44.6	swap_used=12263424	swap_percent=0.6	bytes_sent=2074	 bytes_recv=24124	 packets_sent=13	 packets_recv=23	 errin=0	 errout=0	 dropin=0	 dropout=0	read_count=0	 write_count=0	 read_bytes=0	 write_bytes=0	
Time=14:24:59	CPU0 Usage=5.1	CPU0time_system=4964.25	CPU0time_idle=73249.15	ram_available=1162153984	ram_percent=44.6	swap_used=12263424	swap_percent=0.6	bytes_sent=17732	 bytes_recv=226827	 packets_sent=120	 packets_recv=187	 errin=0	 errout=0	 dropin=0	 dropout=0	read_count=0	 write_count=0	 read_bytes=0	 write_bytes=0	
Time=14:25:01	CPU0 Usage=6.1	CPU0time_system=4964.34	CPU0time_idle=73251.01	ram_available=1161805824	ram_percent=44.6	swap_used=12263424	swap_percent=0.6	bytes_sent=27020	 bytes_recv=331667	 packets_sent=186	 packets_recv=275	 errin=0	 errout=0	 dropin=0	 dropout=0	read_count=0	 write_count=0	 read_bytes=0	 write_bytes=0	
Time=14:25:03	CPU0 Usage=4.0	CPU0time_system=4964.4	CPU0time_idle=73252.92	ram_available=1161486336	ram_percent=44.6	swap_used=12263424	swap_percent=0.6	bytes_sent=12248	 bytes_recv=142921	 packets_sent=80	 packets_recv=122	 errin=0	 errout=0	 dropin=0	 dropout=0	read_count=0	 write_count=11	 read_bytes=0	 write_bytes=49152	
Time=14:25:05	CPU0 Usage=5.1	CPU0time_system=4964.48	CPU0time_idle=73254.8	ram_available=1161072640	ram_percent=44.6	swap_used=12263424	swap_percent=0.6	bytes_sent=18155	 bytes_recv=221690	 packets_sent=119	 packets_recv=182	 errin=0	 errout=0	 dropin=0	 dropout=0	read_count=0	 write_count=0	 read_bytes=0	 write_bytes=0	
Time=14:25:07	CPU0 Usage=2.5	CPU0time_system=4964.53	CPU0time_idle=73256.74	ram_available=1160978432	ram_percent=44.6	swap_used=12263424	swap_percent=0.6	bytes_sent=4954	 bytes_recv=60459	 packets_sent=34	 packets_recv=51	 errin=0	 errout=0	 dropin=0	 dropout=0	read_count=0	 write_count=0	 read_bytes=0	 write_bytes=0	
Time=14:25:09	CPU0 Usage=5.6	CPU0time_system=4964.62	CPU0time_idle=73258.61	ram_available=1160790016	ram_percent=44.7	swap_used=12263424	swap_percent=0.6	bytes_sent=24058	 bytes_recv=283126	 packets_sent=164	 packets_recv=246	 errin=0	 errout=0	 dropin=0	 dropout=0	read_count=0	 write_count=0	 read_bytes=0	 write_bytes=0	
Time=14:25:11	CPU0 Usage=3.0	CPU0time_system=4964.68	CPU0time_idle=73260.52	ram_available=1160536064	ram_percent=44.7	swap_used=12263424	swap_percent=0.6	bytes_sent=12892	 bytes_recv=156507	 packets_sent=87	 packets_recv=131	 errin=0	 errout=0	 dropin=0	 dropout=0	read_count=0	 write_count=0	 read_bytes=0	 write_bytes=0	
Time=14:25:13	CPU0 Usage=3.0	CPU0time_system=4964.73	CPU0time_idle=73262.45	ram_available=1160441856	ram_percent=44.7	swap_used=12263424	swap_percent=0.6	bytes_sent=4806	 bytes_recv=55420	 packets_sent=33	 packets_recv=52	 errin=0	 errout=0	 dropin=0	 dropout=0	read_count=0	 write_count=0	 read_bytes=0	 write_bytes=0	
Time=14:25:15	CPU0 Usage=4.0	CPU0time_system=4964.8	CPU0time_idle=73264.36	ram_available=1160314880	ram_percent=44.7	swap_used=12263424	swap_percent=0.6	bytes_sent=13881	 bytes_recv=168289	 packets_sent=94	 packets_recv=144	 errin=0	 errout=0	 dropin=0	 dropout=0	read_count=0	 write_count=0	 read_bytes=0	 write_bytes=0	
Time=14:25:17	CPU0 Usage=5.0	CPU0time_system=4964.9	CPU0time_idle=73266.26	ram_available=1160060928	ram_percent=44.7	swap_used=12263424	swap_percent=0.6	bytes_sent=13743	 bytes_recv=162264	 packets_sent=91	 packets_recv=140	 errin=0	 errout=0	 dropin=0	 dropout=0	read_count=0	 write_count=0	 read_bytes=0	 write_bytes=0	
Time=14:25:19	CPU0 Usage=3.0	CPU0time_system=4964.95	CPU0time_idle=73268.19	ram_available=1159933952	ram_percent=44.7	swap_used=12263424	swap_percent=0.6	bytes_sent=7133	 bytes_recv=88074	 packets_sent=49	 packets_recv=73	 errin=0	 errout=0	 dropin=0	 dropout=0	read_count=0	 write_count=0	 read_bytes=0	 write_bytes=0	
Time=14:25:21	CPU0 Usage=4.1	CPU0time_system=4965.02	CPU0time_idle=73270.08	ram_available=1159487488	ram_percent=44.7	swap_used=12263424	swap_percent=0.6	bytes_sent=16695	 bytes_recv=206305	 packets_sent=117	 packets_recv=174	 errin=0	 errout=0	 dropin=0	 dropout=0	read_count=0	 write_count=0	 read_bytes=0	 write_bytes=0	
Time=14:25:23	CPU0 Usage=3.5	CPU0time_system=4965.08	CPU0time_idle=73272.0	ram_available=1159393280	ram_percent=44.7	swap_used=12263424	swap_percent=0.6	bytes_sent=8558	 bytes_recv=91637	 packets_sent=59	 packets_recv=80	 errin=0	 errout=0	 dropin=0	 dropout=0	read_count=0	 write_count=0	 read_bytes=0	 write_bytes=0	
Time=14:25:25	CPU0 Usage=4.5	CPU0time_system=4965.16	CPU0time_idle=73273.92	ram_available=1159266304	ram_percent=44.7	swap_used=12263424	swap_percent=0.6	bytes_sent=11054	 bytes_recv=148516	 packets_sent=78	 packets_recv=125	 errin=0	 errout=0	 dropin=0	 dropout=0	read_count=0	 write_count=0	 read_bytes=0	 write_bytes=0	
Time=14:25:27	CPU0 Usage=5.0	CPU0time_system=4965.25	CPU0time_idle=73275.82	ram_available=1158852608	ram_percent=44.8	swap_used=12263424	swap_percent=0.6	bytes_sent=16686	 bytes_recv=202874	 packets_sent=111	 packets_recv=166	 errin=0	 errout=0	 dropin=0	 dropout=0	read_count=0	 write_count=0	 read_bytes=0	 write_bytes=0	
Time=14:25:29	CPU0 Usage=4.0	CPU0time_system=4965.32	CPU0time_idle=73277.72	ram_available=1158729728	ram_percent=44.8	swap_used=12263424	swap_percent=0.6	bytes_sent=14500	 bytes_recv=177749	 packets_sent=102	 packets_recv=148	 errin=0	 errout=0	 dropin=0	 dropout=0	read_count=0	 write_count=0	 read_bytes=0	 write_bytes=0	
Time=14:25:31	CPU0 Usage=5.0	CPU0time_system=4965.4	CPU0time_idle=73279.62	ram_available=1158443008	ram_percent=44.8	swap_used=12263424	swap_percent=0.6	bytes_sent=13937	 bytes_recv=173682	 packets_sent=95	 packets_recv=145	 errin=0	 errout=0	 dropin=0	 dropout=0	read_count=0	 write_count=0	 read_bytes=0	 write_bytes=0	
Time=14:25:33	CPU0 Usage=4.0	CPU0time_system=4965.48	CPU0time_idle=73281.54	ram_available=1158217728	ram_percent=44.8	swap_used=12263424	swap_percent=0.6	bytes_sent=9357	 bytes_recv=112277	 packets_sent=66	 packets_recv=97	 errin=0	 errout=0	 dropin=0	 dropout=0	read_count=0	 write_count=0	 read_bytes=0	 write_bytes=0	
Time=14:25:35	CPU0 Usage=3.0	CPU0time_system=4965.54	CPU0time_idle=73283.45	ram_available=1157898240	ram_percent=44.8	swap_used=12263424	swap_percent=0.6	bytes_sent=27658	 bytes_recv=163003	 packets_sent=95	 packets_recv=135	 errin=0	 errout=0	 dropin=0	 dropout=0	read_count=0	 write_count=0	 read_bytes=0	 write_bytes=0	
Time=14:25:37	CPU0 Usage=5.0	CPU0time_system=4965.63	CPU0time_idle=73285.35	ram_available=1157840896	ram_percent=44.8	swap_used=12263424	swap_percent=0.6	bytes_sent=15204	 bytes_recv=184946	 packets_sent=103	 packets_recv=156	 errin=0	 errout=0	 dropin=0	 dropout=0	read_count=0	 write_count=0	 read_bytes=0	 write_bytes=0	
Time=14:25:39	CPU0 Usage=4.5	CPU0time_system=4965.7	CPU0time_idle=73287.26	ram_available=1157681152	ram_percent=44.8	swap_used=12263424	swap_percent=0.6	bytes_sent=9695	 bytes_recv=115822	 packets_sent=66	 packets_recv=97	 errin=0	 errout=0	 dropin=0	 dropout=0	read_count=0	 write_count=0	 read_bytes=0	 write_bytes=0	
Time=14:25:41	CPU0 Usage=6.1	CPU0time_system=4965.8	CPU0time_idle=73289.12	ram_available=1157074944	ram_percent=44.8	swap_used=12263424	swap_percent=0.6	bytes_sent=28126	 bytes_recv=340677	 packets_sent=201	 packets_recv=295	 errin=0	 errout=0	 dropin=0	 dropout=0	read_count=0	 write_count=0	 read_bytes=0	 write_bytes=0	
Time=14:25:43	CPU0 Usage=3.5	CPU0time_system=4965.86	CPU0time_idle=73291.06	ram_available=1156947968	ram_percent=44.8	swap_used=12263424	swap_percent=0.6	bytes_sent=5287	 bytes_recv=62816	 packets_sent=38	 packets_recv=54	 errin=0	 errout=0	 dropin=0	 dropout=0	read_count=0	 write_count=0	 read_bytes=0	 write_bytes=0	
Time=14:25:45	CPU0 Usage=3.1	CPU0time_system=4965.92	CPU0time_idle=73292.96	ram_available=1156788224	ram_percent=44.8	swap_used=12263424	swap_percent=0.6	bytes_sent=11575	 bytes_recv=142384	 packets_sent=80	 packets_recv=120	 errin=0	 errout=0	 dropin=0	 dropout=0	read_count=0	 write_count=0	 read_bytes=0	 write_bytes=0	
Time=14:25:47	CPU0 Usage=4.5	CPU0time_system=4965.98	CPU0time_idle=73294.86	ram_available=1156599808	ram_percent=44.9	swap_used=12263424	swap_percent=0.6	bytes_sent=17009	 bytes_recv=206705	 packets_sent=116	 packets_recv=173	 errin=0	 errout=0	 dropin=0	 dropout=0	read_count=0	 write_count=0	 read_bytes=0	 write_bytes=0	
Time=14:25:49	CPU0 Usage=4.5	CPU0time_system=4966.05	CPU0time_idle=73296.78	ram_available=1156505600	ram_percent=44.9	swap_used=12263424	swap_percent=0.6	bytes_sent=9468	 bytes_recv=114094	 packets_sent=65	 packets_recv=97	 errin=0	 errout=0	 dropin=0	 dropout=0	read_count=0	 write_count=0	 read_bytes=0	 write_bytes=0	
Time=14:25:51	CPU0 Usage=3.0	CPU0time_system=4966.09	CPU0time_idle=73298.7	ram_available=1156124672	ram_percent=44.9	swap_used=12263424	swap_percent=0.6	bytes_sent=8402	 bytes_recv=99617	 packets_sent=59	 packets_recv=85	 errin=0	 errout=0	 dropin=0	 dropout=0	read_count=0	 write_count=0	 read_bytes=0	 write_bytes=0	
Time=14:25:53	CPU0 Usage=3.5	CPU0time_system=4966.15	CPU0time_idle=73300.61	ram_available=1155997696	ram_percent=44.9	swap_used=12263424	swap_percent=0.6	bytes_sent=11698	 bytes_recv=129695	 packets_sent=77	 packets_recv=112	 errin=0	 errout=0	 dropin=0	 dropout=0	read_count=0	 write_count=0	 read_bytes=0	 write_bytes=0	
Time=14:25:55	CPU0 Usage=3.5	CPU0time_system=4966.21	CPU0time_idle=73302.53	ram_available=1155710976	ram_percent=44.9	swap_used=12263424	swap_percent=0.6	bytes_sent=10553	 bytes_recv=125543	 packets_sent=72	 packets_recv=108	 errin=0	 errout=0	 dropin=0	 dropout=0	read_count=0	 write_count=0	 read_bytes=0	 write_bytes=0	
Time=14:25:57	CPU0 Usage=3.0	CPU0time_system=4966.25	CPU0time_idle=73304.45	ram_available=1155522560	ram_percent=44.9	swap_used=12263424	swap_percent=0.6	bytes_sent=4852	 bytes_recv=53901	 packets_sent=33	 packets_recv=47	 errin=0	 errout=0	 dropin=0	 dropout=0	read_count=0	 write_count=5	 read_bytes=0	 write_bytes=24576	
Time=14:25:59	CPU0 Usage=5.0	CPU0time_system=4966.33	CPU0time_idle=73306.34	ram_available=1166041088	ram_percent=44.4	swap_used=12263424	swap_percent=0.6	bytes_sent=10723	 bytes_recv=125602	 packets_sent=70	 packets_recv=103	 errin=0	 errout=0	 dropin=0	 dropout=0	read_count=0	 write_count=0	 read_bytes=0	 write_bytes=0	
Time=14:26:01	CPU0 Usage=4.5	CPU0time_system=4966.4	CPU0time_idle=73308.25	ram_available=1166077952	ram_percent=44.4	swap_used=12263424	swap_percent=0.6	bytes_sent=14384	 bytes_recv=169528	 packets_sent=103	 packets_recv=148	 errin=0	 errout=0	 dropin=0	 dropout=0	read_count=0	 write_count=0	 read_bytes=0	 write_bytes=0	
Time=14:26:03	CPU0 Usage=4.5	CPU0time_system=4966.46	CPU0time_idle=73310.17	ram_available=1165979648	ram_percent=44.4	swap_used=12263424	swap_percent=0.6	bytes_sent=9192	 bytes_recv=112551	 packets_sent=65	 packets_recv=95	 errin=0	 errout=0	 dropin=0	 dropout=0	read_count=0	 write_count=0	 read_bytes=0	 write_bytes=0	
Time=14:26:05	CPU0 Usage=4.0	CPU0time_system=4966.52	CPU0time_idle=73312.08	ram_available=1166045184	ram_percent=44.4	swap_used=12263424	swap_percent=0.6	bytes_sent=13192	 bytes_recv=156893	 packets_sent=89	 packets_recv=130	 errin=0	 errout=0	 dropin=0	 dropout=0	read_count=0	 write_count=0	 read_bytes=0	 write_bytes=0	
Time=14:26:07	CPU0 Usage=5.0	CPU0time_system=4966.59	CPU0time_idle=73314.0	ram_available=1166053376	ram_percent=44.4	swap_used=12263424	swap_percent=0.6	bytes_sent=10199	 bytes_recv=123630	 packets_sent=71	 packets_recv=102	 errin=0	 errout=0	 dropin=0	 dropout=0	read_count=0	 write_count=5	 read_bytes=0	 write_bytes=24576	
Time=14:26:09	CPU0 Usage=5.0	CPU0time_system=4966.66	CPU0time_idle=73315.92	ram_available=1166118912	ram_percent=44.4	swap_used=12263424	swap_percent=0.6	bytes_sent=11080	 bytes_recv=131926	 packets_sent=73	 packets_recv=109	 errin=0	 errout=0	 dropin=0	 dropout=0	read_count=0	 write_count=0	 read_bytes=0	 write_bytes=0	
Time=14:26:11	CPU0 Usage=5.0	CPU0time_system=4966.74	CPU0time_idle=73317.81	ram_available=1166118912	ram_percent=44.4	swap_used=12263424	swap_percent=0.6	bytes_sent=16953	 bytes_recv=202026	 packets_sent=118	 packets_recv=176	 errin=0	 errout=0	 dropin=0	 dropout=0	read_count=0	 write_count=0	 read_bytes=0	 write_bytes=0	
Time=14:26:13	CPU0 Usage=3.6	CPU0time_system=4966.78	CPU0time_idle=73319.7	ram_available=1166118912	ram_percent=44.4	swap_used=12263424	swap_percent=0.6	bytes_sent=19042	 bytes_recv=241407	 packets_sent=130	 packets_recv=201	 errin=0	 errout=0	 dropin=0	 dropout=0	read_count=0	 write_count=0	 read_bytes=0	 write_bytes=0	
Time=14:26:15	CPU0 Usage=5.0	CPU0time_system=4966.86	CPU0time_idle=73321.6	ram_available=1166069760	ram_percent=44.4	swap_used=12263424	swap_percent=0.6	bytes_sent=14138	 bytes_recv=171525	 packets_sent=100	 packets_recv=151	 errin=0	 errout=0	 dropin=0	 dropout=0	read_count=0	 write_count=5	 read_bytes=0	 write_bytes=24576	
Time=14:26:17	CPU0 Usage=5.5	CPU0time_system=4966.92	CPU0time_idle=73323.5	ram_available=1165709312	ram_percent=44.4	swap_used=12263424	swap_percent=0.6	bytes_sent=19376	 bytes_recv=228062	 packets_sent=127	 packets_recv=193	 errin=0	 errout=0	 dropin=0	 dropout=0	read_count=0	 write_count=0	 read_bytes=0	 write_bytes=0	
Time=14:26:19	CPU0 Usage=4.0	CPU0time_system=4966.96	CPU0time_idle=73325.4	ram_available=1165520896	ram_percent=44.4	swap_used=12263424	swap_percent=0.6	bytes_sent=15634	 bytes_recv=188534	 packets_sent=108	 packets_recv=166	 errin=0	 errout=0	 dropin=0	 dropout=0	read_count=0	 write_count=0	 read_bytes=0	 write_bytes=0	
Time=14:26:21	CPU0 Usage=3.6	CPU0time_system=4967.01	CPU0time_idle=73327.3	ram_available=1165365248	ram_percent=44.4	swap_used=12263424	swap_percent=0.6	bytes_sent=11639	 bytes_recv=142432	 packets_sent=79	 packets_recv=122	 errin=0	 errout=0	 dropin=0	 dropout=0	read_count=0	 write_count=2	 read_bytes=0	 write_bytes=16384	
Time=14:26:23	CPU0 Usage=12.6	CPU0time_system=4967.12	CPU0time_idle=73329.04	ram_available=1222610944	ram_percent=41.7	swap_used=12263424	swap_percent=0.6	bytes_sent=10478	 bytes_recv=136119	 packets_sent=70	 packets_recv=112	 errin=0	 errout=0	 dropin=0	 dropout=0	read_count=0	 write_count=0	 read_bytes=0	 write_bytes=0	
Time=14:26:25	CPU0 Usage=16.7	CPU0time_system=4967.16	CPU0time_idle=73330.69	ram_available=1212895232	ram_percent=42.2	swap_used=12263424	swap_percent=0.6	bytes_sent=7381	 bytes_recv=88209	 packets_sent=53	 packets_recv=76	 errin=0	 errout=0	 dropin=0	 dropout=0	read_count=0	 write_count=8	 read_bytes=0	 write_bytes=49152	
Time=14:26:27	CPU0 Usage=25.5	CPU0time_system=4967.21	CPU0time_idle=73332.18	ram_available=1205030912	ram_percent=42.5	swap_used=12263424	swap_percent=0.6	bytes_sent=27725	 bytes_recv=160737	 packets_sent=97	 packets_recv=140	 errin=0	 errout=0	 dropin=0	 dropout=0	read_count=0	 write_count=0	 read_bytes=0	 write_bytes=0	
Time=14:26:29	CPU0 Usage=87.0	CPU0time_system=4967.25	CPU0time_idle=73332.44	ram_available=1198899200	ram_percent=42.8	swap_used=12263424	swap_percent=0.6	bytes_sent=20309	 bytes_recv=245008	 packets_sent=133	 packets_recv=200	 errin=0	 errout=0	 dropin=0	 dropout=0	read_count=0	 write_count=0	 read_bytes=0	 write_bytes=0	
Time=14:26:31	CPU0 Usage=95.5	CPU0time_system=4967.27	CPU0time_idle=73332.53	ram_available=1193091072	ram_percent=43.1	swap_used=12263424	swap_percent=0.6	bytes_sent=7302	 bytes_recv=80643	 packets_sent=49	 packets_recv=69	 errin=0	 errout=0	 dropin=0	 dropout=0	read_count=0	 write_count=8	 read_bytes=0	 write_bytes=32768	
Time=14:26:33	CPU0 Usage=97.0	CPU0time_system=4967.3	CPU0time_idle=73332.59	ram_available=1188929536	ram_percent=43.3	swap_used=12263424	swap_percent=0.6	bytes_sent=9025	 bytes_recv=104150	 packets_sent=59	 packets_recv=87	 errin=0	 errout=0	 dropin=0	 dropout=0	read_count=0	 write_count=0	 read_bytes=0	 write_bytes=0	
Time=14:26:35	CPU0 Usage=97.0	CPU0time_system=4967.31	CPU0time_idle=73332.65	ram_available=1185026048	ram_percent=43.5	swap_used=12263424	swap_percent=0.6	bytes_sent=4135	 bytes_recv=53474	 packets_sent=30	 packets_recv=46	 errin=0	 errout=0	 dropin=0	 dropout=0	read_count=0	 write_count=0	 read_bytes=0	 write_bytes=0	
Time=14:26:37	CPU0 Usage=97.5	CPU0time_system=4967.36	CPU0time_idle=73332.7	ram_available=1180672000	ram_percent=43.7	swap_used=12263424	swap_percent=0.6	bytes_sent=19587	 bytes_recv=236121	 packets_sent=131	 packets_recv=198	 errin=0	 errout=0	 dropin=0	 dropout=0	read_count=0	 write_count=0	 read_bytes=0	 write_bytes=0	
Time=14:26:39	CPU0 Usage=98.5	CPU0time_system=4967.37	CPU0time_idle=73332.73	ram_available=1178607616	ram_percent=43.8	swap_used=12263424	swap_percent=0.6	bytes_sent=7843	 bytes_recv=96477	 packets_sent=54	 packets_recv=81	 errin=0	 errout=0	 dropin=0	 dropout=0	read_count=0	 write_count=0	 read_bytes=0	 write_bytes=0	
Time=14:26:41	CPU0 Usage=98.5	CPU0time_system=4967.4	CPU0time_idle=73332.76	ram_available=1176244224	ram_percent=43.9	swap_used=12263424	swap_percent=0.6	bytes_sent=21354	 bytes_recv=265332	 packets_sent=150	 packets_recv=227	 errin=0	 errout=0	 dropin=0	 dropout=0	read_count=0	 write_count=0	 read_bytes=0	 write_bytes=0	
Time=14:26:44	CPU0 Usage=98.5	CPU0time_system=4967.41	CPU0time_idle=73332.79	ram_available=1174306816	ram_percent=44.0	swap_used=12263424	swap_percent=0.6	bytes_sent=1183	 bytes_recv=12359	 packets_sent=9	 packets_recv=13	 errin=0	 errout=0	 dropin=0	 dropout=0	read_count=0	 write_count=0	 read_bytes=0	 write_bytes=0	
Time=14:26:46	CPU0 Usage=98.5	CPU0time_system=4967.45	CPU0time_idle=73332.82	ram_available=1171738624	ram_percent=44.1	swap_used=12263424	swap_percent=0.6	bytes_sent=31440	 bytes_recv=392448	 packets_sent=216	 packets_recv=330	 errin=0	 errout=0	 dropin=0	 dropout=0	read_count=0	 write_count=0	 read_bytes=0	 write_bytes=0	
Time=14:26:48	CPU0 Usage=98.5	CPU0time_system=4967.46	CPU0time_idle=73332.85	ram_available=1169645568	ram_percent=44.2	swap_used=12263424	swap_percent=0.6	bytes_sent=16273	 bytes_recv=199348	 packets_sent=112	 packets_recv=163	 errin=0	 errout=0	 dropin=0	 dropout=0	read_count=0	 write_count=0	 read_bytes=0	 write_bytes=0	
Time=14:26:50	CPU0 Usage=98.5	CPU0time_system=4967.47	CPU0time_idle=73332.88	ram_available=1167581184	ram_percent=44.3	swap_used=12263424	swap_percent=0.6	bytes_sent=66	 bytes_recv=2285	 packets_sent=1	 packets_recv=2	 errin=0	 errout=0	 dropin=0	 dropout=0	read_count=0	 write_count=0	 read_bytes=0	 write_bytes=0	
Time=14:26:52	CPU0 Usage=98.5	CPU0time_system=4967.48	CPU0time_idle=73332.91	ram_available=1165520896	ram_percent=44.4	swap_used=12263424	swap_percent=0.6	bytes_sent=11120	 bytes_recv=142117	 packets_sent=77	 packets_recv=119	 errin=0	 errout=0	 dropin=0	 dropout=0	read_count=0	 write_count=0	 read_bytes=0	 write_bytes=0	
Time=14:26:54	CPU0 Usage=98.5	CPU0time_system=4967.49	CPU0time_idle=73332.94	ram_available=1163456512	ram_percent=44.5	swap_used=12263424	swap_percent=0.6	bytes_sent=8787	 bytes_recv=102477	 packets_sent=59	 packets_recv=88	 errin=0	 errout=0	 dropin=0	 dropout=0	read_count=0	 write_count=0	 read_bytes=0	 write_bytes=0	
Time=14:26:56	CPU0 Usage=100.0	CPU0time_system=4967.5	CPU0time_idle=73332.94	ram_available=1163300864	ram_percent=44.5	swap_used=12263424	swap_percent=0.6	bytes_sent=20063	 bytes_recv=243513	 packets_sent=142	 packets_recv=206	 errin=0	 errout=0	 dropin=0	 dropout=0	read_count=0	 write_count=0	 read_bytes=0	 write_bytes=0	
Time=14:26:58	CPU0 Usage=6.1	CPU0time_system=4967.52	CPU0time_idle=73334.79	ram_available=1161203712	ram_percent=44.6	swap_used=12263424	swap_percent=0.6	bytes_sent=4664	 bytes_recv=54070	 packets_sent=31	 packets_recv=46	 errin=0	 errout=0	 dropin=0	 dropout=0	read_count=0	 write_count=0	 read_bytes=0	 write_bytes=0	
Time=14:27:00	CPU0 Usage=4.6	CPU0time_system=4967.55	CPU0time_idle=73336.66	ram_available=1160728576	ram_percent=44.7	swap_used=12263424	swap_percent=0.6	bytes_sent=23996	 bytes_recv=286750	 packets_sent=165	 packets_recv=241	 errin=0	 errout=0	 dropin=0	 dropout=0	read_count=0	 write_count=0	 read_bytes=0	 write_bytes=0	
Time=14:27:02	CPU0 Usage=6.5	CPU0time_system=4967.57	CPU0time_idle=73338.54	ram_available=1160380416	ram_percent=44.7	swap_used=12263424	swap_percent=0.6	bytes_sent=19480	 bytes_recv=245108	 packets_sent=132	 packets_recv=200	 errin=0	 errout=0	 dropin=0	 dropout=0	read_count=0	 write_count=0	 read_bytes=0	 write_bytes=0	
Time=14:27:04	CPU0 Usage=4.0	CPU0time_system=4967.59	CPU0time_idle=73340.46	ram_available=1160126464	ram_percent=44.7	swap_used=12263424	swap_percent=0.6	bytes_sent=8017	 bytes_recv=104523	 packets_sent=55	 packets_recv=84	 errin=0	 errout=0	 dropin=0	 dropout=0	read_count=0	 write_count=0	 read_bytes=0	 write_bytes=0	
Time=14:27:06	CPU0 Usage=4.0	CPU0time_system=4967.65	CPU0time_idle=73342.37	ram_available=1159933952	ram_percent=44.7	swap_used=12263424	swap_percent=0.6	bytes_sent=11713	 bytes_recv=137897	 packets_sent=80	 packets_recv=118	 errin=0	 errout=0	 dropin=0	 dropout=0	read_count=0	 write_count=0	 read_bytes=0	 write_bytes=0	
Time=14:27:08	CPU0 Usage=4.5	CPU0time_system=4967.72	CPU0time_idle=73344.28	ram_available=1159806976	ram_percent=44.7	swap_used=12263424	swap_percent=0.6	bytes_sent=12191	 bytes_recv=143947	 packets_sent=83	 packets_recv=122	 errin=0	 errout=0	 dropin=0	 dropout=0	read_count=0	 write_count=0	 read_bytes=0	 write_bytes=0	
Time=14:27:10	CPU0 Usage=4.0	CPU0time_system=4967.8	CPU0time_idle=73346.18	ram_available=1159520256	ram_percent=44.7	swap_used=12263424	swap_percent=0.6	bytes_sent=17027	 bytes_recv=206469	 packets_sent=118	 packets_recv=179	 errin=0	 errout=0	 dropin=0	 dropout=0	read_count=0	 write_count=0	 read_bytes=0	 write_bytes=0	
Time=14:27:12	CPU0 Usage=4.5	CPU0time_system=4967.87	CPU0time_idle=73348.08	ram_available=1159294976	ram_percent=44.7	swap_used=12263424	swap_percent=0.6	bytes_sent=12253	 bytes_recv=140399	 packets_sent=77	 packets_recv=121	 errin=0	 errout=0	 dropin=0	 dropout=0	read_count=0	 write_count=0	 read_bytes=0	 write_bytes=0	
Time=14:27:14	CPU0 Usage=4.5	CPU0time_system=4967.94	CPU0time_idle=73350.01	ram_available=1159139328	ram_percent=44.7	swap_used=12263424	swap_percent=0.6	bytes_sent=9095	 bytes_recv=110655	 packets_sent=64	 packets_recv=101	 errin=0	 errout=0	 dropin=0	 dropout=0	read_count=0	 write_count=0	 read_bytes=0	 write_bytes=0	
Time=14:27:16	CPU0 Usage=3.5	CPU0time_system=4968.01	CPU0time_idle=73351.93	ram_available=1158979584	ram_percent=44.7	swap_used=12263424	swap_percent=0.6	bytes_sent=9327	 bytes_recv=124792	 packets_sent=64	 packets_recv=101	 errin=0	 errout=0	 dropin=0	 dropout=0	read_count=0	 write_count=0	 read_bytes=0	 write_bytes=0	
Time=14:27:18	CPU0 Usage=4.5	CPU0time_system=4968.09	CPU0time_idle=73353.84	ram_available=1158627328	ram_percent=44.8	swap_used=12263424	swap_percent=0.6	bytes_sent=27728	 bytes_recv=158208	 packets_sent=99	 packets_recv=139	 errin=0	 errout=0	 dropin=0	 dropout=0	read_count=0	 write_count=0	 read_bytes=0	 write_bytes=0	
Time=14:27:20	CPU0 Usage=3.5	CPU0time_system=4968.15	CPU0time_idle=73355.75	ram_available=1158500352	ram_percent=44.8	swap_used=12263424	swap_percent=0.6	bytes_sent=10522	 bytes_recv=121712	 packets_sent=72	 packets_recv=108	 errin=0	 errout=0	 dropin=0	 dropout=0	read_count=0	 write_count=0	 read_bytes=0	 write_bytes=0	
Time=14:27:22	CPU0 Usage=5.0	CPU0time_system=4968.24	CPU0time_idle=73357.65	ram_available=1158311936	ram_percent=44.8	swap_used=12263424	swap_percent=0.6	bytes_sent=15071	 bytes_recv=185999	 packets_sent=106	 packets_recv=160	 errin=0	 errout=0	 dropin=0	 dropout=0	read_count=0	 write_count=0	 read_bytes=0	 write_bytes=0	
Time=14:27:24	CPU0 Usage=6.5	CPU0time_system=4968.34	CPU0time_idle=73359.52	ram_available=1157869568	ram_percent=44.8	swap_used=12263424	swap_percent=0.6	bytes_sent=24685	 bytes_recv=304659	 packets_sent=169	 packets_recv=252	 errin=0	 errout=0	 dropin=0	 dropout=0	read_count=0	 write_count=0	 read_bytes=0	 write_bytes=0	
Time=14:27:26	CPU0 Usage=4.0	CPU0time_system=4968.41	CPU0time_idle=73361.42	ram_available=1157648384	ram_percent=44.8	swap_used=12263424	swap_percent=0.6	bytes_sent=15554	 bytes_recv=192284	 packets_sent=105	 packets_recv=159	 errin=0	 errout=0	 dropin=0	 dropout=0	read_count=0	 write_count=0	 read_bytes=0	 write_bytes=0	
Time=14:27:28	CPU0 Usage=3.0	CPU0time_system=4968.47	CPU0time_idle=73363.35	ram_available=1157521408	ram_percent=44.8	swap_used=12263424	swap_percent=0.6	bytes_sent=6336	 bytes_recv=69996	 packets_sent=42	 packets_recv=61	 errin=0	 errout=0	 dropin=0	 dropout=0	read_count=0	 write_count=0	 read_bytes=0	 write_bytes=0	
Time=14:27:30	CPU0 Usage=5.6	CPU0time_system=4968.57	CPU0time_idle=73365.2	ram_available=1156788224	ram_percent=44.8	swap_used=12263424	swap_percent=0.6	bytes_sent=26191	 bytes_recv=304631	 packets_sent=177	 packets_recv=256	 errin=0	 errout=0	 dropin=0	 dropout=0	read_count=0	 write_count=0	 read_bytes=0	 write_bytes=0	
Time=14:27:32	CPU0 Usage=3.5	CPU0time_system=4968.62	CPU0time_idle=73367.12	ram_available=1156689920	ram_percent=44.9	swap_used=12263424	swap_percent=0.6	bytes_sent=11614	 bytes_recv=142948	 packets_sent=76	 packets_recv=123	 errin=0	 errout=0	 dropin=0	 dropout=0	read_count=0	 write_count=0	 read_bytes=0	 write_bytes=0	
Time=14:27:34	CPU0 Usage=3.0	CPU0time_system=4968.68	CPU0time_idle=73369.05	ram_available=1156722688	ram_percent=44.9	swap_used=12263424	swap_percent=0.6	bytes_sent=5825	 bytes_recv=63704	 packets_sent=38	 packets_recv=56	 errin=0	 errout=0	 dropin=0	 dropout=0	read_count=0	 write_count=0	 read_bytes=0	 write_bytes=0	
Time=14:27:36	CPU0 Usage=2.5	CPU0time_system=4968.73	CPU0time_idle=73370.97	ram_available=1156595712	ram_percent=44.9	swap_used=12263424	swap_percent=0.6	bytes_sent=9925	 bytes_recv=120961	 packets_sent=64	 packets_recv=101	 errin=0	 errout=0	 dropin=0	 dropout=0	read_count=0	 write_count=0	 read_bytes=0	 write_bytes=0	
Time=14:27:38	CPU0 Usage=4.0	CPU0time_system=4968.79	CPU0time_idle=73372.89	ram_available=1156435968	ram_percent=44.9	swap_used=12263424	swap_percent=0.6	bytes_sent=8556	 bytes_recv=103799	 packets_sent=59	 packets_recv=94	 errin=0	 errout=0	 dropin=0	 dropout=0	read_count=0	 write_count=0	 read_bytes=0	 write_bytes=0	
Time=14:27:40	CPU0 Usage=6.5	CPU0time_system=4968.89	CPU0time_idle=73374.75	ram_available=1153814528	ram_percent=45.0	swap_used=12263424	swap_percent=0.6	bytes_sent=27521	 bytes_recv=342191	 packets_sent=189	 packets_recv=285	 errin=0	 errout=0	 dropin=0	 dropout=0	read_count=0	 write_count=0	 read_bytes=0	 write_bytes=0	
Time=14:27:42	CPU0 Usage=4.0	CPU0time_system=4968.96	CPU0time_idle=73376.67	ram_available=1153654784	ram_percent=45.0	swap_used=12263424	swap_percent=0.6	bytes_sent=9875	 bytes_recv=119479	 packets_sent=67	 packets_recv=101	 errin=0	 errout=0	 dropin=0	 dropout=0	read_count=0	 write_count=0	 read_bytes=0	 write_bytes=0	
Time=14:27:44	CPU0 Usage=2.5	CPU0time_system=4969.01	CPU0time_idle=73378.59	ram_available=1153593344	ram_percent=45.0	swap_used=12263424	swap_percent=0.6	bytes_sent=8685	 bytes_recv=101593	 packets_sent=59	 packets_recv=85	 errin=0	 errout=0	 dropin=0	 dropout=0	read_count=0	 write_count=0	 read_bytes=0	 write_bytes=0	
Time=14:27:46	CPU0 Usage=5.0	CPU0time_system=4969.1	CPU0time_idle=73380.49	ram_available=1153245184	ram_percent=45.0	swap_used=12263424	swap_percent=0.6	bytes_sent=17374	 bytes_recv=217283	 packets_sent=119	 packets_recv=180	 errin=0	 errout=0	 dropin=0	 dropout=0	read_count=0	 write_count=0	 read_bytes=0	 write_bytes=0	
Time=14:27:48	CPU0 Usage=4.0	CPU0time_system=4969.18	CPU0time_idle=73382.4	ram_available=1153052672	ram_percent=45.0	swap_used=12263424	swap_percent=0.6	bytes_sent=9817	 bytes_recv=121651	 packets_sent=66	 packets_recv=102	 errin=0	 errout=0	 dropin=0	 dropout=0	read_count=0	 write_count=0	 read_bytes=0	 write_bytes=0	
Time=14:27:50	CPU0 Usage=3.0	CPU0time_system=4969.23	CPU0time_idle=73384.33	ram_available=1152798720	ram_percent=45.0	swap_used=12263424	swap_percent=0.6	bytes_sent=7421	 bytes_recv=93453	 packets_sent=52	 packets_recv=78	 errin=0	 errout=0	 dropin=0	 dropout=0	read_count=0	 write_count=0	 read_bytes=0	 write_bytes=0	
Time=14:27:52	CPU0 Usage=5.1	CPU0time_system=4969.32	CPU0time_idle=73386.21	ram_available=1152450560	ram_percent=45.1	swap_used=12263424	swap_percent=0.6	bytes_sent=21385	 bytes_recv=258148	 packets_sent=144	 packets_recv=224	 errin=0	 errout=0	 dropin=0	 dropout=0	read_count=0	 write_count=0	 read_bytes=0	 write_bytes=0	
Time=14:27:54	CPU0 Usage=4.5	CPU0time_system=4969.4	CPU0time_idle=73388.11	ram_available=1164464128	ram_percent=44.5	swap_used=12263424	swap_percent=0.6	bytes_sent=12399	 bytes_recv=156921	 packets_sent=85	 packets_recv=127	 errin=0	 errout=0	 dropin=0	 dropout=0	read_count=0	 write_count=0	 read_bytes=0	 write_bytes=0	
Time=14:27:56	CPU0 Usage=2.5	CPU0time_system=4969.45	CPU0time_idle=73390.04	ram_available=1164431360	ram_percent=44.5	swap_used=12263424	swap_percent=0.6	bytes_sent=7572	 bytes_recv=92613	 packets_sent=54	 packets_recv=80	 errin=0	 errout=0	 dropin=0	 dropout=0	read_count=0	 write_count=0	 read_bytes=0	 write_bytes=0	
Time=14:27:58	CPU0 Usage=4.5	CPU0time_system=4969.51	CPU0time_idle=73391.94	ram_available=1164431360	ram_percent=44.5	swap_used=12263424	swap_percent=0.6	bytes_sent=13185	 bytes_recv=162317	 packets_sent=90	 packets_recv=138	 errin=0	 errout=0	 dropin=0	 dropout=0	read_count=0	 write_count=0	 read_bytes=0	 write_bytes=0	
Time=14:28:00	CPU0 Usage=3.0	CPU0time_system=4969.56	CPU0time_idle=73393.85	ram_available=1164464128	ram_percent=44.5	swap_used=12263424	swap_percent=0.6	bytes_sent=11394	 bytes_recv=131010	 packets_sent=74	 packets_recv=112	 errin=0	 errout=0	 dropin=0	 dropout=0	read_count=0	 write_count=0	 read_bytes=0	 write_bytes=0	
Time=14:28:02	CPU0 Usage=4.0	CPU0time_system=4969.64	CPU0time_idle=73395.78	ram_available=1164464128	ram_percent=44.5	swap_used=12263424	swap_percent=0.6	bytes_sent=7128	 bytes_recv=91514	 packets_sent=48	 packets_recv=76	 errin=0	 errout=0	 dropin=0	 dropout=0	read_count=0	 write_count=0	 read_bytes=0	 write_bytes=0	
Time=14:28:04	CPU0 Usage=2.0	CPU0time_system=4969.68	CPU0time_idle=73397.72	ram_available=1164431360	ram_percent=44.5	swap_used=12263424	swap_percent=0.6	bytes_sent=1177	 bytes_recv=13215	 packets_sent=8	 packets_recv=13	 errin=0	 errout=0	 dropin=0	 dropout=0	read_count=0	 write_count=0	 read_bytes=0	 write_bytes=0	
Time=14:28:06	CPU0 Usage=7.1	CPU0time_system=4969.8	CPU0time_idle=73399.56	ram_available=1164365824	ram_percent=44.5	swap_used=12263424	swap_percent=0.6	bytes_sent=36487	 bytes_recv=427100	 packets_sent=252	 packets_recv=360	 errin=0	 errout=0	 dropin=0	 dropout=0	read_count=0	 write_count=0	 read_bytes=0	 write_bytes=0	
Time=14:28:08	CPU0 Usage=2.5	CPU0time_system=4969.84	CPU0time_idle=73401.5	ram_available=1164271616	ram_percent=44.5	swap_used=12263424	swap_percent=0.6	bytes_sent=4296	 bytes_recv=47587	 packets_sent=29	 packets_recv=40	 errin=0	 errout=0	 dropin=0	 dropout=0	read_count=0	 write_count=0	 read_bytes=0	 write_bytes=0	
Time=14:28:10	CPU0 Usage=5.1	CPU0time_system=4969.93	CPU0time_idle=73403.38	ram_available=1163825152	ram_percent=44.5	swap_used=12263424	swap_percent=0.6	bytes_sent=36880	 bytes_recv=271699	 packets_sent=155	 packets_recv=231	 errin=0	 errout=0	 dropin=0	 dropout=0	read_count=0	 write_count=0	 read_bytes=0	 write_bytes=0	
Time=14:28:12	CPU0 Usage=4.0	CPU0time_system=4970.01	CPU0time_idle=73405.3	ram_available=1163603968	ram_percent=44.5	swap_used=12263424	swap_percent=0.6	bytes_sent=7673	 bytes_recv=97649	 packets_sent=52	 packets_recv=81	 errin=0	 errout=0	 dropin=0	 dropout=0	read_count=0	 write_count=0	 read_bytes=0	 write_bytes=0	
Time=14:28:14	CPU0 Usage=4.5	CPU0time_system=4970.1	CPU0time_idle=73407.22	ram_available=1163509760	ram_percent=44.5	swap_used=12263424	swap_percent=0.6	bytes_sent=11895	 bytes_recv=141346	 packets_sent=80	 packets_recv=118	 errin=0	 errout=0	 dropin=0	 dropout=0	read_count=0	 write_count=0	 read_bytes=0	 write_bytes=0	
Time=14:28:16	CPU0 Usage=5.0	CPU0time_system=4970.19	CPU0time_idle=73409.12	ram_available=1163223040	ram_percent=44.5	swap_used=12263424	swap_percent=0.6	bytes_sent=13509	 bytes_recv=164881	 packets_sent=90	 packets_recv=143	 errin=0	 errout=0	 dropin=0	 dropout=0	read_count=0	 write_count=0	 read_bytes=0	 write_bytes=0	
Time=14:28:18	CPU0 Usage=3.5	CPU0time_system=4970.25	CPU0time_idle=73411.06	ram_available=1163112448	ram_percent=44.5	swap_used=12263424	swap_percent=0.6	bytes_sent=5107	 bytes_recv=61807	 packets_sent=34	 packets_recv=53	 errin=0	 errout=0	 dropin=0	 dropout=0	read_count=0	 write_count=0	 read_bytes=0	 write_bytes=0	
Time=14:28:20	CPU0 Usage=3.6	CPU0time_system=4970.32	CPU0time_idle=73412.96	ram_available=1162809344	ram_percent=44.6	swap_used=12263424	swap_percent=0.6	bytes_sent=13637	 bytes_recv=168278	 packets_sent=94	 packets_recv=142	 errin=0	 errout=0	 dropin=0	 dropout=0	read_count=0	 write_count=0	 read_bytes=0	 write_bytes=0	
Time=14:28:22	CPU0 Usage=6.4	CPU0time_system=4970.44	CPU0time_idle=73414.85	ram_available=1162428416	ram_percent=44.6	swap_used=12263424	swap_percent=0.6	bytes_sent=20411	 bytes_recv=249238	 packets_sent=139	 packets_recv=208	 errin=0	 errout=0	 dropin=0	 dropout=0	read_count=0	 write_count=0	 read_bytes=0	 write_bytes=0	
Time=14:28:24	CPU0 Usage=12.5	CPU0time_system=4970.56	CPU0time_idle=73416.6	ram_available=1220038656	ram_percent=41.8	swap_used=12263424	swap_percent=0.6	bytes_sent=4279	 bytes_recv=51941	 packets_sent=30	 packets_recv=45	 errin=0	 errout=0	 dropin=0	 dropout=0	read_count=0	 write_count=0	 read_bytes=0	 write_bytes=0	
Time=14:28:26	CPU0 Usage=19.4	CPU0time_system=4970.7	CPU0time_idle=73418.22	ram_available=1210191872	ram_percent=42.3	swap_used=12263424	swap_percent=0.6	bytes_sent=18297	 bytes_recv=228217	 packets_sent=127	 packets_recv=189	 errin=0	 errout=0	 dropin=0	 dropout=0	read_count=0	 write_count=0	 read_bytes=0	 write_bytes=0	
Time=14:28:28	CPU0 Usage=22.6	CPU0time_system=4970.77	CPU0time_idle=73419.76	ram_available=1202507776	ram_percent=42.7	swap_used=12263424	swap_percent=0.6	bytes_sent=7082	 bytes_recv=76539	 packets_sent=49	 packets_recv=67	 errin=0	 errout=0	 dropin=0	 dropout=0	read_count=0	 write_count=0	 read_bytes=0	 write_bytes=0	
Time=14:28:30	CPU0 Usage=86.4	CPU0time_system=4970.81	CPU0time_idle=73420.03	ram_available=1196605440	ram_percent=43.0	swap_used=12263424	swap_percent=0.6	bytes_sent=12256	 bytes_recv=151586	 packets_sent=85	 packets_recv=133	 errin=0	 errout=0	 dropin=0	 dropout=0	read_count=0	 write_count=0	 read_bytes=0	 write_bytes=0	
Time=14:28:32	CPU0 Usage=95.5	CPU0time_system=4970.85	CPU0time_idle=73420.12	ram_available=1190502400	ram_percent=43.2	swap_used=12263424	swap_percent=0.6	bytes_sent=12615	 bytes_recv=163277	 packets_sent=87	 packets_recv=138	 errin=0	 errout=0	 dropin=0	 dropout=0	read_count=0	 write_count=0	 read_bytes=0	 write_bytes=0	
Time=14:28:34	CPU0 Usage=97.5	CPU0time_system=4970.89	CPU0time_idle=73420.17	ram_available=1186340864	ram_percent=43.4	swap_used=12263424	swap_percent=0.6	bytes_sent=17406	 bytes_recv=214404	 packets_sent=118	 packets_recv=186	 errin=0	 errout=0	 dropin=0	 dropout=0	read_count=0	 write_count=0	 read_bytes=0	 write_bytes=0	
Time=14:28:36	CPU0 Usage=97.0	CPU0time_system=4970.93	CPU0time_idle=73420.23	ram_available=1182277632	ram_percent=43.6	swap_used=12263424	swap_percent=0.6	bytes_sent=12963	 bytes_recv=158865	 packets_sent=87	 packets_recv=128	 errin=0	 errout=0	 dropin=0	 dropout=0	read_count=0	 write_count=0	 read_bytes=0	 write_bytes=0	
Time=14:28:38	CPU0 Usage=97.5	CPU0time_system=4970.95	CPU0time_idle=73420.28	ram_available=1178505216	ram_percent=43.8	swap_used=12263424	swap_percent=0.6	bytes_sent=5670	 bytes_recv=65585	 packets_sent=37	 packets_recv=55	 errin=0	 errout=0	 dropin=0	 dropout=0	read_count=0	 write_count=0	 read_bytes=0	 write_bytes=0	
Time=14:28:40	CPU0 Usage=98.0	CPU0time_system=4970.96	CPU0time_idle=73420.32	ram_available=1176412160	ram_percent=43.9	swap_used=12263424	swap_percent=0.6	bytes_sent=12901	 bytes_recv=150782	 packets_sent=88	 packets_recv=129	 errin=0	 errout=0	 dropin=0	 dropout=0	read_count=0	 write_count=0	 read_bytes=0	 write_bytes=0	
Time=14:28:42	CPU0 Usage=99.0	CPU0time_system=4970.99	CPU0time_idle=73420.34	ram_available=1174220800	ram_percent=44.0	swap_used=12263424	swap_percent=0.6	bytes_sent=9787	 bytes_recv=121019	 packets_sent=67	 packets_recv=104	 errin=0	 errout=0	 dropin=0	 dropout=0	read_count=0	 write_count=0	 read_bytes=0	 write_bytes=0	
Time=14:28:44	CPU0 Usage=98.5	CPU0time_system=4971.02	CPU0time_idle=73420.37	ram_available=1171898368	ram_percent=44.1	swap_used=12263424	swap_percent=0.6	bytes_sent=21216	 bytes_recv=254019	 packets_sent=143	 packets_recv=207	 errin=0	 errout=0	 dropin=0	 dropout=0	read_count=0	 write_count=0	 read_bytes=0	 write_bytes=0	
Time=14:28:46	CPU0 Usage=98.5	CPU0time_system=4971.02	CPU0time_idle=73420.4	ram_available=1170059264	ram_percent=44.2	swap_used=12263424	swap_percent=0.6	bytes_sent=5085	 bytes_recv=59691	 packets_sent=35	 packets_recv=50	 errin=0	 errout=0	 dropin=0	 dropout=0	read_count=0	 write_count=0	 read_bytes=0	 write_bytes=0	
Time=14:28:48	CPU0 Usage=98.5	CPU0time_system=4971.05	CPU0time_idle=73420.43	ram_available=1167933440	ram_percent=44.3	swap_used=12263424	swap_percent=0.6	bytes_sent=14245	 bytes_recv=167846	 packets_sent=98	 packets_recv=148	 errin=0	 errout=0	 dropin=0	 dropout=0	read_count=0	 write_count=0	 read_bytes=0	 write_bytes=0	
Time=14:28:50	CPU0 Usage=98.5	CPU0time_system=4971.06	CPU0time_idle=73420.46	ram_available=1165836288	ram_percent=44.4	swap_used=12263424	swap_percent=0.6	bytes_sent=5202	 bytes_recv=59249	 packets_sent=36	 packets_recv=54	 errin=0	 errout=0	 dropin=0	 dropout=0	read_count=0	 write_count=0	 read_bytes=0	 write_bytes=0	
Time=14:28:52	CPU0 Usage=99.0	CPU0time_system=4971.08	CPU0time_idle=73420.48	ram_available=1163517952	ram_percent=44.5	swap_used=12263424	swap_percent=0.6	bytes_sent=23002	 bytes_recv=284293	 packets_sent=155	 packets_recv=232	 errin=0	 errout=0	 dropin=0	 dropout=0	read_count=0	 write_count=0	 read_bytes=0	 write_bytes=0	
Time=14:28:54	CPU0 Usage=98.0	CPU0time_system=4971.11	CPU0time_idle=73420.52	ram_available=1161265152	ram_percent=44.6	swap_used=12263424	swap_percent=0.6	bytes_sent=11384	 bytes_recv=137021	 packets_sent=80	 packets_recv=118	 errin=0	 errout=0	 dropin=0	 dropout=0	read_count=0	 write_count=0	 read_bytes=0	 write_bytes=0	
Time=14:28:56	CPU0 Usage=100.0	CPU0time_system=4971.12	CPU0time_idle=73420.52	ram_available=1161011200	ram_percent=44.6	swap_used=12263424	swap_percent=0.6	bytes_sent=15485	 bytes_recv=189531	 packets_sent=104	 packets_recv=154	 errin=0	 errout=0	 dropin=0	 dropout=0	read_count=0	 write_count=0	 read_bytes=0	 write_bytes=0	
Time=14:28:58	CPU0 Usage=11.6	CPU0time_system=4971.21	CPU0time_idle=73422.28	ram_available=1158791168	ram_percent=44.8	swap_used=12263424	swap_percent=0.6	bytes_sent=16623	 bytes_recv=207672	 packets_sent=113	 packets_recv=177	 errin=0	 errout=0	 dropin=0	 dropout=0	read_count=0	 write_count=0	 read_bytes=0	 write_bytes=0	
Time=14:29:00	CPU0 Usage=4.1	CPU0time_system=4971.28	CPU0time_idle=73424.17	ram_available=1158504448	ram_percent=44.8	swap_used=12263424	swap_percent=0.6	bytes_sent=28804	 bytes_recv=199128	 packets_sent=115	 packets_recv=167	 errin=0	 errout=0	 dropin=0	 dropout=0	read_count=0	 write_count=0	 read_bytes=0	 write_bytes=0	
Time=14:29:02	CPU0 Usage=4.0	CPU0time_system=4971.34	CPU0time_idle=73426.1	ram_available=1158377472	ram_percent=44.8	swap_used=12263424	swap_percent=0.6	bytes_sent=9768	 bytes_recv=116184	 packets_sent=66	 packets_recv=101	 errin=0	 errout=0	 dropin=0	 dropout=0	read_count=0	 write_count=0	 read_bytes=0	 write_bytes=0	
Time=14:29:04	CPU0 Usage=2.0	CPU0time_system=4971.37	CPU0time_idle=73428.04	ram_available=1158377472	ram_percent=44.8	swap_used=12263424	swap_percent=0.6	bytes_sent=786	 bytes_recv=8062	 packets_sent=6	 packets_recv=8	 errin=0	 errout=0	 dropin=0	 dropout=0	read_count=0	 write_count=0	 read_bytes=0	 write_bytes=0	
Time=14:29:06	CPU0 Usage=5.0	CPU0time_system=4971.43	CPU0time_idle=73429.94	ram_available=1158283264	ram_percent=44.8	swap_used=12263424	swap_percent=0.6	bytes_sent=12521	 bytes_recv=152462	 packets_sent=87	 packets_recv=127	 errin=0	 errout=0	 dropin=0	 dropout=0	read_count=0	 write_count=0	 read_bytes=0	 write_bytes=0	
Time=14:29:08	CPU0 Usage=4.0	CPU0time_system=4971.5	CPU0time_idle=73431.84	ram_available=1158127616	ram_percent=44.8	swap_used=12263424	swap_percent=0.6	bytes_sent=14090	 bytes_recv=174106	 packets_sent=97	 packets_recv=145	 errin=0	 errout=0	 dropin=0	 dropout=0	read_count=0	 write_count=0	 read_bytes=0	 write_bytes=0	
Time=14:29:10	CPU0 Usage=3.5	CPU0time_system=4971.57	CPU0time_idle=73433.75	ram_available=1157808128	ram_percent=44.8	swap_used=12263424	swap_percent=0.6	bytes_sent=13610	 bytes_recv=160820	 packets_sent=94	 packets_recv=136	 errin=0	 errout=0	 dropin=0	 dropout=0	read_count=0	 write_count=0	 read_bytes=0	 write_bytes=0	
Time=14:29:12	CPU0 Usage=5.6	CPU0time_system=4971.66	CPU0time_idle=73435.62	ram_available=1157361664	ram_percent=44.8	swap_used=12263424	swap_percent=0.6	bytes_sent=22730	 bytes_recv=277823	 packets_sent=159	 packets_recv=231	 errin=0	 errout=0	 dropin=0	 dropout=0	read_count=0	 write_count=0	 read_bytes=0	 write_bytes=0	
Time=14:29:14	CPU0 Usage=3.0	CPU0time_system=4971.72	CPU0time_idle=73437.55	ram_available=1157201920	ram_percent=44.8	swap_used=12263424	swap_percent=0.6	bytes_sent=8746	 bytes_recv=105097	 packets_sent=60	 packets_recv=88	 errin=0	 errout=0	 dropin=0	 dropout=0	read_count=0	 write_count=0	 read_bytes=0	 write_bytes=0	
Time=14:29:16	CPU0 Usage=4.5	CPU0time_system=4971.79	CPU0time_idle=73439.45	ram_available=1157046272	ram_percent=44.8	swap_used=12263424	swap_percent=0.6	bytes_sent=14667	 bytes_recv=178602	 packets_sent=98	 packets_recv=148	 errin=0	 errout=0	 dropin=0	 dropout=0	read_count=0	 write_count=0	 read_bytes=0	 write_bytes=0	
Time=14:29:18	CPU0 Usage=5.6	CPU0time_system=4971.89	CPU0time_idle=73441.31	ram_available=1156440064	ram_percent=44.9	swap_used=12263424	swap_percent=0.6	bytes_sent=27973	 bytes_recv=334461	 packets_sent=189	 packets_recv=285	 errin=0	 errout=0	 dropin=0	 dropout=0	read_count=0	 write_count=0	 read_bytes=0	 write_bytes=0	
Time=14:29:20	CPU0 Usage=6.0	CPU0time_system=4972.0	CPU0time_idle=73443.18	ram_available=1155825664	ram_percent=44.9	swap_used=12263424	swap_percent=0.6	bytes_sent=14198	 bytes_recv=179207	 packets_sent=97	 packets_recv=145	 errin=0	 errout=0	 dropin=0	 dropout=0	read_count=0	 write_count=0	 read_bytes=0	 write_bytes=0	
Time=14:29:22	CPU0 Usage=7.5	CPU0time_system=4972.14	CPU0time_idle=73445.04	ram_available=1155923968	ram_percent=44.9	swap_used=12263424	swap_percent=0.6	bytes_sent=26544	 bytes_recv=331092	 packets_sent=181	 packets_recv=268	 errin=0	 errout=0	 dropin=0	 dropout=0	read_count=0	 write_count=0	 read_bytes=0	 write_bytes=0	
Time=14:29:24	CPU0 Usage=3.0	CPU0time_system=4972.2	CPU0time_idle=73446.95	ram_available=1155604480	ram_percent=44.9	swap_used=12263424	swap_percent=0.6	bytes_sent=14550	 bytes_recv=187645	 packets_sent=101	 packets_recv=156	 errin=0	 errout=0	 dropin=0	 dropout=0	read_count=0	 write_count=0	 read_bytes=0	 write_bytes=0	
Time=14:29:26	CPU0 Usage=3.5	CPU0time_system=4972.27	CPU0time_idle=73448.86	ram_available=1155575808	ram_percent=44.9	swap_used=12263424	swap_percent=0.6	bytes_sent=10497	 bytes_recv=131547	 packets_sent=72	 packets_recv=107	 errin=0	 errout=0	 dropin=0	 dropout=0	read_count=0	 write_count=0	 read_bytes=0	 write_bytes=0	
Time=14:29:28	CPU0 Usage=3.5	CPU0time_system=4972.33	CPU0time_idle=73450.78	ram_available=1155256320	ram_percent=44.9	swap_used=12263424	swap_percent=0.6	bytes_sent=11719	 bytes_recv=146573	 packets_sent=82	 packets_recv=124	 errin=0	 errout=0	 dropin=0	 dropout=0	read_count=0	 write_count=0	 read_bytes=0	 write_bytes=0	
Time=14:29:30	CPU0 Usage=6.6	CPU0time_system=4972.45	CPU0time_idle=73452.62	ram_available=1154576384	ram_percent=45.0	swap_used=12263424	swap_percent=0.6	bytes_sent=17480	 bytes_recv=211123	 packets_sent=119	 packets_recv=178	 errin=0	 errout=0	 dropin=0	 dropout=0	read_count=0	 write_count=0	 read_bytes=0	 write_bytes=0	
Time=14:29:32	CPU0 Usage=6.1	CPU0time_system=4972.56	CPU0time_idle=73454.48	ram_available=1154224128	ram_percent=45.0	swap_used=12263424	swap_percent=0.6	bytes_sent=26036	 bytes_recv=318647	 packets_sent=177	 packets_recv=267	 errin=0	 errout=0	 dropin=0	 dropout=0	read_count=0	 write_count=0	 read_bytes=0	 write_bytes=0	
Time=14:29:34	CPU0 Usage=3.0	CPU0time_system=4972.61	CPU0time_idle=73456.4	ram_available=1154093056	ram_percent=45.0	swap_used=12263424	swap_percent=0.6	bytes_sent=10549	 bytes_recv=124606	 packets_sent=73	 packets_recv=111	 errin=0	 errout=0	 dropin=0	 dropout=0	read_count=0	 write_count=0	 read_bytes=0	 write_bytes=0	
Time=14:29:36	CPU0 Usage=2.5	CPU0time_system=4972.66	CPU0time_idle=73458.33	ram_available=1154121728	ram_percent=45.0	swap_used=12263424	swap_percent=0.6	bytes_sent=4073	 bytes_recv=55543	 packets_sent=29	 packets_recv=47	 errin=0	 errout=0	 dropin=0	 dropout=0	read_count=0	 write_count=0	 read_bytes=0	 write_bytes=0	
Time=14:29:38	CPU0 Usage=5.0	CPU0time_system=4972.74	CPU0time_idle=73460.24	ram_available=1153900544	ram_percent=45.0	swap_used=12263424	swap_percent=0.6	bytes_sent=12638	 bytes_recv=156279	 packets_sent=84	 packets_recv=125	 errin=0	 errout=0	 dropin=0	 dropout=0	read_count=0	 write_count=0	 read_bytes=0	 write_bytes=0	
Time=14:29:40	CPU0 Usage=7.6	CPU0time_system=4972.89	CPU0time_idle=73462.06	ram_available=1153298432	ram_percent=45.0	swap_used=12263424	swap_percent=0.6	bytes_sent=14140	 bytes_recv=178797	 packets_sent=95	 packets_recv=147	 errin=0	 errout=0	 dropin=0	 dropout=0	read_count=0	 write_count=0	 read_bytes=0	 write_bytes=0	
Time=14:29:42	CPU0 Usage=4.5	CPU0time_system=4972.97	CPU0time_idle=73463.96	ram_available=1153363968	ram_percent=45.0	swap_used=12263424	swap_percent=0.6	bytes_sent=10304	 bytes_recv=115539	 packets_sent=71	 packets_recv=104	 errin=0	 errout=0	 dropin=0	 dropout=0	read_count=0	 write_count=0	 read_bytes=0	 write_bytes=0	
Time=14:29:44	CPU0 Usage=5.5	CPU0time_system=4973.06	CPU0time_idle=73465.86	ram_available=1163878400	ram_percent=44.5	swap_used=12263424	swap_percent=0.6	bytes_sent=12930	 bytes_recv=155408	 packets_sent=89	 packets_recv=130	 errin=0	 errout=0	 dropin=0	 dropout=0	read_count=0	 write_count=0	 read_bytes=0	 write_bytes=0	
Time=14:29:46	CPU0 Usage=5.1	CPU0time_system=4973.15	CPU0time_idle=73467.74	ram_available=1163780096	ram_percent=44.5	swap_used=12263424	swap_percent=0.6	bytes_sent=19352	 bytes_recv=234342	 packets_sent=135	 packets_recv=199	 errin=0	 errout=0	 dropin=0	 dropout=0	read_count=0	 write_count=0	 read_bytes=0	 write_bytes=0	
Time=14:29:48	CPU0 Usage=4.5	CPU0time_system=4973.23	CPU0time_idle=73469.65	ram_available=1163780096	ram_percent=44.5	swap_used=12263424	swap_percent=0.6	bytes_sent=13763	 bytes_recv=163817	 packets_sent=95	 packets_recv=139	 errin=0	 errout=0	 dropin=0	 dropout=0	read_count=0	 write_count=0	 read_bytes=0	 write_bytes=0	
Time=14:29:50	CPU0 Usage=8.1	CPU0time_system=4973.38	CPU0time_idle=73471.46	ram_available=1163689984	ram_percent=44.5	swap_used=12263424	swap_percent=0.6	bytes_sent=32018	 bytes_recv=218079	 packets_sent=129	 packets_recv=182	 errin=0	 errout=0	 dropin=0	 dropout=0	read_count=0	 write_count=0	 read_bytes=0	 write_bytes=0	
Time=14:29:52	CPU0 Usage=4.0	CPU0time_system=4973.43	CPU0time_idle=73473.37	ram_available=1163759616	ram_percent=44.5	swap_used=12263424	swap_percent=0.6	bytes_sent=10428	 bytes_recv=116237	 packets_sent=71	 packets_recv=106	 errin=0	 errout=0	 dropin=0	 dropout=0	read_count=0	 write_count=0	 read_bytes=0	 write_bytes=0	
Time=14:29:54	CPU0 Usage=4.5	CPU0time_system=4973.51	CPU0time_idle=73475.27	ram_available=1163661312	ram_percent=44.5	swap_used=12263424	swap_percent=0.6	bytes_sent=15844	 bytes_recv=202475	 packets_sent=109	 packets_recv=165	 errin=0	 errout=0	 dropin=0	 dropout=0	read_count=0	 write_count=0	 read_bytes=0	 write_bytes=0	
Time=14:29:56	CPU0 Usage=4.0	CPU0time_system=4973.58	CPU0time_idle=73477.18	ram_available=1163759616	ram_percent=44.5	swap_used=12263424	swap_percent=0.6	bytes_sent=14200	 bytes_recv=170477	 packets_sent=97	 packets_recv=143	 errin=0	 errout=0	 dropin=0	 dropout=0	read_count=0	 write_count=0	 read_bytes=0	 write_bytes=0	
Time=14:29:58	CPU0 Usage=3.1	CPU0time_system=4973.63	CPU0time_idle=73479.08	ram_available=1163759616	ram_percent=44.5	swap_used=12263424	swap_percent=0.6	bytes_sent=12303	 bytes_recv=146705	 packets_sent=81	 packets_recv=123	 errin=0	 errout=0	 dropin=0	 dropout=0	read_count=0	 write_count=0	 read_bytes=0	 write_bytes=0	
Time=14:30:00	CPU0 Usage=6.0	CPU0time_system=4973.74	CPU0time_idle=73480.96	ram_available=1163399168	ram_percent=44.5	swap_used=12263424	swap_percent=0.6	bytes_sent=16228	 bytes_recv=197769	 packets_sent=112	 packets_recv=169	 errin=0	 errout=0	 dropin=0	 dropout=0	read_count=0	 write_count=0	 read_bytes=0	 write_bytes=0	
Time=14:30:02	CPU0 Usage=4.5	CPU0time_system=4973.83	CPU0time_idle=73482.86	ram_available=1163239424	ram_percent=44.5	swap_used=12263424	swap_percent=0.6	bytes_sent=15765	 bytes_recv=190687	 packets_sent=109	 packets_recv=155	 errin=0	 errout=0	 dropin=0	 dropout=0	read_count=0	 write_count=0	 read_bytes=0	 write_bytes=0	
Time=14:30:04	CPU0 Usage=4.5	CPU0time_system=4973.91	CPU0time_idle=73484.79	ram_available=1163304960	ram_percent=44.5	swap_used=12263424	swap_percent=0.6	bytes_sent=7283	 bytes_recv=91198	 packets_sent=49	 packets_recv=70	 errin=0	 errout=0	 dropin=0	 dropout=0	read_count=0	 write_count=0	 read_bytes=0	 write_bytes=0	
Time=14:30:06	CPU0 Usage=3.1	CPU0time_system=4973.97	CPU0time_idle=73486.69	ram_available=1163177984	ram_percent=44.5	swap_used=12263424	swap_percent=0.6	bytes_sent=14197	 bytes_recv=166133	 packets_sent=98	 packets_recv=141	 errin=0	 errout=0	 dropin=0	 dropout=0	read_count=0	 write_count=0	 read_bytes=0	 write_bytes=0	
Time=14:30:08	CPU0 Usage=4.1	CPU0time_system=4974.04	CPU0time_idle=73488.58	ram_available=1162911744	ram_percent=44.6	swap_used=12263424	swap_percent=0.6	bytes_sent=18663	 bytes_recv=222043	 packets_sent=128	 packets_recv=185	 errin=0	 errout=0	 dropin=0	 dropout=0	read_count=0	 write_count=0	 read_bytes=0	 write_bytes=0	
Time=14:30:10	CPU0 Usage=3.0	CPU0time_system=4974.07	CPU0time_idle=73490.52	ram_available=1162752000	ram_percent=44.6	swap_used=12263424	swap_percent=0.6	bytes_sent=5341	 bytes_recv=62448	 packets_sent=35	 packets_recv=55	 errin=0	 errout=0	 dropin=0	 dropout=0	read_count=0	 write_count=0	 read_bytes=0	 write_bytes=0	
Time=14:30:12	CPU0 Usage=4.5	CPU0time_system=4974.16	CPU0time_idle=73492.42	ram_available=1162493952	ram_percent=44.6	swap_used=12263424	swap_percent=0.6	bytes_sent=15009	 bytes_recv=172859	 packets_sent=100	 packets_recv=149	 errin=0	 errout=0	 dropin=0	 dropout=0	read_count=0	 write_count=0	 read_bytes=0	 write_bytes=0	
Time=14:30:14	CPU0 Usage=4.0	CPU0time_system=4974.23	CPU0time_idle=73494.33	ram_available=1162465280	ram_percent=44.6	swap_used=12263424	swap_percent=0.6	bytes_sent=10674	 bytes_recv=128564	 packets_sent=75	 packets_recv=119	 errin=0	 errout=0	 dropin=0	 dropout=0	read_count=0	 write_count=0	 read_bytes=0	 write_bytes=0	
Time=14:30:16	CPU0 Usage=6.6	CPU0time_system=4974.32	CPU0time_idle=73496.18	ram_available=1161891840	ram_percent=44.6	swap_used=12263424	swap_percent=0.6	bytes_sent=32079	 bytes_recv=394284	 packets_sent=218	 packets_recv=331	 errin=0	 errout=0	 dropin=0	 dropout=0	read_count=0	 write_count=0	 read_bytes=0	 write_bytes=0	
Time=14:30:18	CPU0 Usage=2.5	CPU0time_system=4974.37	CPU0time_idle=73498.1	ram_available=1161703424	ram_percent=44.6	swap_used=12263424	swap_percent=0.6	bytes_sent=9461	 bytes_recv=109955	 packets_sent=62	 packets_recv=91	 errin=0	 errout=0	 dropin=0	 dropout=0	read_count=0	 write_count=0	 read_bytes=0	 write_bytes=0	
Time=14:30:20	CPU0 Usage=4.0	CPU0time_system=4974.44	CPU0time_idle=73500.01	ram_available=1161543680	ram_percent=44.6	swap_used=12263424	swap_percent=0.6	bytes_sent=10617	 bytes_recv=133837	 packets_sent=74	 packets_recv=117	 errin=0	 errout=0	 dropin=0	 dropout=0	read_count=0	 write_count=0	 read_bytes=0	 write_bytes=0	
Time=14:30:22	CPU0 Usage=5.5	CPU0time_system=4974.54	CPU0time_idle=73501.91	ram_available=1161420800	ram_percent=44.6	swap_used=12263424	swap_percent=0.6	bytes_sent=14616	 bytes_recv=181380	 packets_sent=99	 packets_recv=146	 errin=0	 errout=0	 dropin=0	 dropout=0	read_count=0	 write_count=0	 read_bytes=0	 write_bytes=0	
Time=14:30:24	CPU0 Usage=12.2	CPU0time_system=4974.64	CPU0time_idle=73503.64	ram_available=1218818048	ram_percent=41.9	swap_used=12263424	swap_percent=0.6	bytes_sent=17837	 bytes_recv=221447	 packets_sent=124	 packets_recv=184	 errin=0	 errout=0	 dropin=0	 dropout=0	read_count=0	 write_count=0	 read_bytes=0	 write_bytes=0	
Time=14:30:26	CPU0 Usage=17.0	CPU0time_system=4974.72	CPU0time_idle=73505.3	ram_available=1209069568	ram_percent=42.4	swap_used=12263424	swap_percent=0.6	bytes_sent=9991	 bytes_recv=125748	 packets_sent=68	 packets_recv=105	 errin=0	 errout=0	 dropin=0	 dropout=0	read_count=0	 write_count=0	 read_bytes=0	 write_bytes=0	
Time=14:30:28	CPU0 Usage=25.1	CPU0time_system=4974.8	CPU0time_idle=73506.79	ram_available=1201164288	ram_percent=42.7	swap_used=12263424	swap_percent=0.6	bytes_sent=11731	 bytes_recv=139838	 packets_sent=79	 packets_recv=116	 errin=0	 errout=0	 dropin=0	 dropout=0	read_count=0	 write_count=0	 read_bytes=0	 write_bytes=0	
Time=14:30:30	CPU0 Usage=86.6	CPU0time_system=4974.85	CPU0time_idle=73507.06	ram_available=1195065344	ram_percent=43.0	swap_used=12263424	swap_percent=0.6	bytes_sent=11857	 bytes_recv=151514	 packets_sent=83	 packets_recv=121	 errin=0	 errout=0	 dropin=0	 dropout=0	read_count=0	 write_count=0	 read_bytes=0	 write_bytes=0	
Time=14:30:32	CPU0 Usage=96.0	CPU0time_system=4974.9	CPU0time_idle=73507.14	ram_available=1188933632	ram_percent=43.3	swap_used=12263424	swap_percent=0.6	bytes_sent=23274	 bytes_recv=283578	 packets_sent=157	 packets_recv=239	 errin=0	 errout=0	 dropin=0	 dropout=0	read_count=0	 write_count=0	 read_bytes=0	 write_bytes=0	
Time=14:30:34	CPU0 Usage=97.0	CPU0time_system=4974.92	CPU0time_idle=73507.2	ram_available=1185030144	ram_percent=43.5	swap_used=12263424	swap_percent=0.6	bytes_sent=9469	 bytes_recv=103196	 packets_sent=65	 packets_recv=93	 errin=0	 errout=0	 dropin=0	 dropout=0	read_count=0	 write_count=0	 read_bytes=0	 write_bytes=0	
Time=14:30:36	CPU0 Usage=97.0	CPU0time_system=4974.98	CPU0time_idle=73507.26	ram_available=1181126656	ram_percent=43.7	swap_used=12263424	swap_percent=0.6	bytes_sent=16785	 bytes_recv=202073	 packets_sent=117	 packets_recv=179	 errin=0	 errout=0	 dropin=0	 dropout=0	read_count=0	 write_count=0	 read_bytes=0	 write_bytes=0	
Time=14:30:38	CPU0 Usage=97.0	CPU0time_system=4975.0	CPU0time_idle=73507.32	ram_available=1177190400	ram_percent=43.9	swap_used=12263424	swap_percent=0.6	bytes_sent=3862	 bytes_recv=38585	 packets_sent=24	 packets_recv=36	 errin=0	 errout=0	 dropin=0	 dropout=0	read_count=0	 write_count=0	 read_bytes=0	 write_bytes=0	
Time=14:30:40	CPU0 Usage=98.5	CPU0time_system=4975.0	CPU0time_idle=73507.35	ram_available=1175158784	ram_percent=44.0	swap_used=12263424	swap_percent=0.6	bytes_sent=10132	 bytes_recv=120814	 packets_sent=70	 packets_recv=98	 errin=0	 errout=0	 dropin=0	 dropout=0	read_count=0	 write_count=0	 read_bytes=0	 write_bytes=0	
Time=14:30:42	CPU0 Usage=98.5	CPU0time_system=4975.04	CPU0time_idle=73507.38	ram_available=1172774912	ram_percent=44.1	swap_used=12263424	swap_percent=0.6	bytes_sent=33873	 bytes_recv=240197	 packets_sent=136	 packets_recv=202	 errin=0	 errout=0	 dropin=0	 dropout=0	read_count=0	 write_count=0	 read_bytes=0	 write_bytes=0	
Time=14:30:44	CPU0 Usage=99.0	CPU0time_system=4975.05	CPU0time_idle=73507.4	ram_available=1170644992	ram_percent=44.2	swap_used=12263424	swap_percent=0.6	bytes_sent=11453	 bytes_recv=132335	 packets_sent=77	 packets_recv=117	 errin=0	 errout=0	 dropin=0	 dropout=0	read_count=0	 write_count=0	 read_bytes=0	 write_bytes=0	
Time=14:30:46	CPU0 Usage=98.5	CPU0time_system=4975.08	CPU0time_idle=73507.43	ram_available=1168613376	ram_percent=44.3	swap_used=12263424	swap_percent=0.6	bytes_sent=4438	 bytes_recv=57262	 packets_sent=31	 packets_recv=49	 errin=0	 errout=0	 dropin=0	 dropout=0	read_count=0	 write_count=0	 read_bytes=0	 write_bytes=0	
Time=14:30:48	CPU0 Usage=98.5	CPU0time_system=4975.1	CPU0time_idle=73507.46	ram_available=1166585856	ram_percent=44.4	swap_used=12263424	swap_percent=0.6	bytes_sent=10885	 bytes_recv=133382	 packets_sent=76	 packets_recv=114	 errin=0	 errout=0	 dropin=0	 dropout=0	read_count=0	 write_count=0	 read_bytes=0	 write_bytes=0	
Time=14:30:50	CPU0 Usage=98.5	CPU0time_system=4975.12	CPU0time_idle=73507.49	ram_available=1164333056	ram_percent=44.5	swap_used=12263424	swap_percent=0.6	bytes_sent=17771	 bytes_recv=217389	 packets_sent=117	 packets_recv=179	 errin=0	 errout=0	 dropin=0	 dropout=0	read_count=0	 write_count=0	 read_bytes=0	 write_bytes=0	
Time=14:30:52	CPU0 Usage=98.5	CPU0time_system=4975.13	CPU0time_idle=73507.52	ram_available=1162268672	ram_percent=44.6	swap_used=12263424	swap_percent=0.6	bytes_sent=7756	 bytes_recv=95277	 packets_sent=54	 packets_recv=80	 errin=0	 errout=0	 dropin=0	 dropout=0	read_count=0	 write_count=0	 read_bytes=0	 write_bytes=0	
Time=14:30:54	CPU0 Usage=99.0	CPU0time_system=4975.16	CPU0time_idle=73507.54	ram_available=1160077312	ram_percent=44.7	swap_used=12263424	swap_percent=0.6	bytes_sent=13556	 bytes_recv=166556	 packets_sent=92	 packets_recv=139	 errin=0	 errout=0	 dropin=0	 dropout=0	read_count=0	 write_count=0	 read_bytes=0	 write_bytes=0	
Time=14:30:56	CPU0 Usage=100.0	CPU0time_system=4975.16	CPU0time_idle=73507.54	ram_available=1159983104	ram_percent=44.7	swap_used=12263424	swap_percent=0.6	bytes_sent=11960	 bytes_recv=148452	 packets_sent=83	 packets_recv=128	 errin=0	 errout=0	 dropin=0	 dropout=0	read_count=0	 write_count=0	 read_bytes=0	 write_bytes=0	
Time=14:30:58	CPU0 Usage=8.1	CPU0time_system=4975.21	CPU0time_idle=73509.36	ram_available=1157566464	ram_percent=44.8	swap_used=12263424	swap_percent=0.6	bytes_sent=7731	 bytes_recv=96495	 packets_sent=54	 packets_recv=83	 errin=0	 errout=0	 dropin=0	 dropout=0	read_count=0	 write_count=0	 read_bytes=0	 write_bytes=0	
Time=14:31:00	CPU0 Usage=5.0	CPU0time_system=4975.29	CPU0time_idle=73511.28	ram_available=1157439488	ram_percent=44.8	swap_used=12263424	swap_percent=0.6	bytes_sent=11644	 bytes_recv=138807	 packets_sent=81	 packets_recv=121	 errin=0	 errout=0	 dropin=0	 dropout=0	read_count=0	 write_count=0	 read_bytes=0	 write_bytes=0	
Time=14:31:02	CPU0 Usage=4.1	CPU0time_system=4975.36	CPU0time_idle=73513.17	ram_available=1157349376	ram_percent=44.8	swap_used=12263424	swap_percent=0.6	bytes_sent=16361	 bytes_recv=201576	 packets_sent=111	 packets_recv=171	 errin=0	 errout=0	 dropin=0	 dropout=0	read_count=0	 write_count=0	 read_bytes=0	 write_bytes=0	
Time=14:31:04	CPU0 Usage=4.5	CPU0time_system=4975.44	CPU0time_idle=73515.08	ram_available=1157062656	ram_percent=44.8	swap_used=12263424	swap_percent=0.6	bytes_sent=9304	 bytes_recv=120124	 packets_sent=63	 packets_recv=100	 errin=0	 errout=0	 dropin=0	 dropout=0	read_count=0	 write_count=0	 read_bytes=0	 write_bytes=0	
Time=14:31:06	CPU0 Usage=4.0	CPU0time_system=4975.5	CPU0time_idle=73517.0	ram_available=1156710400	ram_percent=44.9	swap_used=12263424	swap_percent=0.6	bytes_sent=10037	 bytes_recv=118519	 packets_sent=66	 packets_recv=99	 errin=0	 errout=0	 dropin=0	 dropout=0	read_count=0	 write_count=0	 read_bytes=0	 write_bytes=0	
Time=14:31:08	CPU0 Usage=5.6	CPU0time_system=4975.59	CPU0time_idle=73518.86	ram_available=1156362240	ram_percent=44.9	swap_used=12263424	swap_percent=0.6	bytes_sent=24107	 bytes_recv=274910	 packets_sent=165	 packets_recv=247	 errin=0	 errout=0	 dropin=0	 dropout=0	read_count=0	 write_count=0	 read_bytes=0	 write_bytes=0	
Time=14:31:10	CPU0 Usage=3.5	CPU0time_system=4975.65	CPU0time_idle=73520.79	ram_available=1156169728	ram_percent=44.9	swap_used=12263424	swap_percent=0.6	bytes_sent=6564	 bytes_recv=87529	 packets_sent=46	 packets_recv=75	 errin=0	 errout=0	 dropin=0	 dropout=0	read_count=0	 write_count=0	 read_bytes=0	 write_bytes=0	
Time=14:31:12	CPU0 Usage=4.0	CPU0time_system=4975.72	CPU0time_idle=73522.72	ram_available=1156009984	ram_percent=44.9	swap_used=12263424	swap_percent=0.6	bytes_sent=6899	 bytes_recv=87346	 packets_sent=48	 packets_recv=71	 errin=0	 errout=0	 dropin=0	 dropout=0	read_count=0	 write_count=0	 read_bytes=0	 write_bytes=0	
Time=14:31:14	CPU0 Usage=5.1	CPU0time_system=4975.81	CPU0time_idle=73524.59	ram_available=1155665920	ram_percent=44.9	swap_used=12263424	swap_percent=0.6	bytes_sent=23334	 bytes_recv=284431	 packets_sent=158	 packets_recv=245	 errin=0	 errout=0	 dropin=0	 dropout=0	read_count=0	 write_count=0	 read_bytes=0	 write_bytes=0	
Time=14:31:16	CPU0 Usage=4.0	CPU0time_system=4975.89	CPU0time_idle=73526.51	ram_available=1155604480	ram_percent=44.9	swap_used=12263424	swap_percent=0.6	bytes_sent=8677	 bytes_recv=106846	 packets_sent=59	 packets_recv=88	 errin=0	 errout=0	 dropin=0	 dropout=0	read_count=0	 write_count=0	 read_bytes=0	 write_bytes=0	
Time=14:31:18	CPU0 Usage=5.0	CPU0time_system=4975.98	CPU0time_idle=73528.42	ram_available=1155284992	ram_percent=44.9	swap_used=12263424	swap_percent=0.6	bytes_sent=13183	 bytes_recv=160356	 packets_sent=91	 packets_recv=133	 errin=0	 errout=0	 dropin=0	 dropout=0	read_count=0	 write_count=0	 read_bytes=0	 write_bytes=0	
Time=14:31:20	CPU0 Usage=5.1	CPU0time_system=4976.07	CPU0time_idle=73530.3	ram_available=1154904064	ram_percent=44.9	swap_used=12263424	swap_percent=0.6	bytes_sent=19119	 bytes_recv=236730	 packets_sent=127	 packets_recv=195	 errin=0	 errout=0	 dropin=0	 dropout=0	read_count=0	 write_count=0	 read_bytes=0	 write_bytes=0	
Time=14:31:22	CPU0 Usage=4.5	CPU0time_system=4976.16	CPU0time_idle=73532.2	ram_available=1154392064	ram_percent=45.0	swap_used=12263424	swap_percent=0.6	bytes_sent=17290	 bytes_recv=208970	 packets_sent=118	 packets_recv=186	 errin=0	 errout=0	 dropin=0	 dropout=0	read_count=0	 write_count=0	 read_bytes=0	 write_bytes=0	
Time=14:31:24	CPU0 Usage=3.6	CPU0time_system=4976.22	CPU0time_idle=73534.1	ram_available=1154265088	ram_percent=45.0	swap_used=12263424	swap_percent=0.6	bytes_sent=14297	 bytes_recv=177044	 packets_sent=97	 packets_recv=147	 errin=0	 errout=0	 dropin=0	 dropout=0	read_count=0	 write_count=0	 read_bytes=0	 write_bytes=0	
Time=14:31:26	CPU0 Usage=4.6	CPU0time_system=4976.31	CPU0time_idle=73535.98	ram_available=1153728512	ram_percent=45.0	swap_used=12263424	swap_percent=0.6	bytes_sent=20230	 bytes_recv=260606	 packets_sent=140	 packets_recv=221	 errin=0	 errout=0	 dropin=0	 dropout=0	read_count=0	 write_count=0	 read_bytes=0	 write_bytes=0	
Time=14:31:28	CPU0 Usage=3.0	CPU0time_system=4976.36	CPU0time_idle=73537.92	ram_available=1153695744	ram_percent=45.0	swap_used=12263424	swap_percent=0.6	bytes_sent=4799	 bytes_recv=57932	 packets_sent=33	 packets_recv=46	 errin=0	 errout=0	 dropin=0	 dropout=0	read_count=0	 write_count=0	 read_bytes=0	 write_bytes=0	
Time=14:31:30	CPU0 Usage=6.5	CPU0time_system=4976.46	CPU0time_idle=73539.8	ram_available=1153413120	ram_percent=45.0	swap_used=12263424	swap_percent=0.6	bytes_sent=20957	 bytes_recv=252804	 packets_sent=147	 packets_recv=213	 errin=0	 errout=0	 dropin=0	 dropout=0	read_count=0	 write_count=0	 read_bytes=0	 write_bytes=0	
Time=14:31:32	CPU0 Usage=3.5	CPU0time_system=4976.53	CPU0time_idle=73541.72	ram_available=1153318912	ram_percent=45.0	swap_used=12263424	swap_percent=0.6	bytes_sent=23968	 bytes_recv=115114	 packets_sent=72	 packets_recv=103	 errin=0	 errout=0	 dropin=0	 dropout=0	read_count=0	 write_count=0	 read_bytes=0	 write_bytes=0	
Time=14:31:34	CPU0 Usage=5.6	CPU0time_system=4976.62	CPU0time_idle=73543.59	ram_available=1152872448	ram_percent=45.0	swap_used=12263424	swap_percent=0.6	bytes_sent=25066	 bytes_recv=307618	 packets_sent=173	 packets_recv=257	 errin=0	 errout=0	 dropin=0	 dropout=0	read_count=0	 write_count=0	 read_bytes=0	 write_bytes=0	
Time=14:31:36	CPU0 Usage=4.0	CPU0time_system=4976.7	CPU0time_idle=73545.51	ram_available=1152745472	ram_percent=45.0	swap_used=12263424	swap_percent=0.6	bytes_sent=7721	 bytes_recv=99942	 packets_sent=53	 packets_recv=83	 errin=0	 errout=0	 dropin=0	 dropout=0	read_count=0	 write_count=0	 read_bytes=0	 write_bytes=0	
Time=14:31:38	CPU0 Usage=6.5	CPU0time_system=4976.81	CPU0time_idle=73547.38	ram_available=1164922880	ram_percent=44.5	swap_used=12263424	swap_percent=0.6	bytes_sent=21138	 bytes_recv=255946	 packets_sent=146	 packets_recv=215	 errin=0	 errout=0	 dropin=0	 dropout=0	read_count=0	 write_count=0	 read_bytes=0	 write_bytes=0	
Time=14:31:40	CPU0 Usage=3.5	CPU0time_system=4976.87	CPU0time_idle=73549.29	ram_available=1164996608	ram_percent=44.5	swap_used=12263424	swap_percent=0.6	bytes_sent=10828	 bytes_recv=138005	 packets_sent=73	 packets_recv=113	 errin=0	 errout=0	 dropin=0	 dropout=0	read_count=0	 write_count=0	 read_bytes=0	 write_bytes=0	
Time=14:31:42	CPU0 Usage=1.5	CPU0time_system=4976.9	CPU0time_idle=73551.23	ram_available=1165062144	ram_percent=44.5	swap_used=12263424	swap_percent=0.6	bytes_sent=3073	 bytes_recv=35965	 packets_sent=21	 packets_recv=29	 errin=0	 errout=0	 dropin=0	 dropout=0	read_count=0	 write_count=0	 read_bytes=0	 write_bytes=0	
Time=14:31:44	CPU0 Usage=6.5	CPU0time_system=4977.01	CPU0time_idle=73553.09	ram_available=1164898304	ram_percent=44.5	swap_used=12263424	swap_percent=0.6	bytes_sent=28350	 bytes_recv=333168	 packets_sent=192	 packets_recv=285	 errin=0	 errout=0	 dropin=0	 dropout=0	read_count=0	 write_count=0	 read_bytes=0	 write_bytes=0	
Time=14:31:46	CPU0 Usage=4.5	CPU0time_system=4977.1	CPU0time_idle=73554.98	ram_available=1164804096	ram_percent=44.5	swap_used=12263424	swap_percent=0.6	bytes_sent=20745	 bytes_recv=255129	 packets_sent=141	 packets_recv=214	 errin=0	 errout=0	 dropin=0	 dropout=0	read_count=0	 write_count=0	 read_bytes=0	 write_bytes=0	
Time=14:31:48	CPU0 Usage=3.1	CPU0time_system=4977.16	CPU0time_idle=73556.88	ram_available=1164484608	ram_percent=44.5	swap_used=12263424	swap_percent=0.6	bytes_sent=14705	 bytes_recv=172776	 packets_sent=98	 packets_recv=148	 errin=0	 errout=0	 dropin=0	 dropout=0	read_count=0	 write_count=0	 read_bytes=0	 write_bytes=0	
Time=14:31:50	CPU0 Usage=2.5	CPU0time_system=4977.21	CPU0time_idle=73558.81	ram_available=1164292096	ram_percent=44.5	swap_used=12263424	swap_percent=0.6	bytes_sent=5769	 bytes_recv=68703	 packets_sent=40	 packets_recv=60	 errin=0	 errout=0	 dropin=0	 dropout=0	read_count=0	 write_count=0	 read_bytes=0	 write_bytes=0	
Time=14:31:52	CPU0 Usage=5.5	CPU0time_system=4977.3	CPU0time_idle=73560.71	ram_available=1163784192	ram_percent=44.5	swap_used=12263424	swap_percent=0.6	bytes_sent=17151	 bytes_recv=208772	 packets_sent=112	 packets_recv=172	 errin=0	 errout=0	 dropin=0	 dropout=0	read_count=0	 write_count=0	 read_bytes=0	 write_bytes=0	
Time=14:31:54	CPU0 Usage=6.0	CPU0time_system=4977.4	CPU0time_idle=73562.58	ram_available=1163309056	ram_percent=44.5	swap_used=12263424	swap_percent=0.6	bytes_sent=24975	 bytes_recv=307442	 packets_sent=169	 packets_recv=258	 errin=0	 errout=0	 dropin=0	 dropout=0	read_count=0	 write_count=0	 read_bytes=0	 write_bytes=0	
Time=14:31:56	CPU0 Usage=3.5	CPU0time_system=4977.45	CPU0time_idle=73564.5	ram_available=1163132928	ram_percent=44.5	swap_used=12263424	swap_percent=0.6	bytes_sent=8689	 bytes_recv=101419	 packets_sent=59	 packets_recv=92	 errin=0	 errout=0	 dropin=0	 dropout=0	read_count=0	 write_count=0	 read_bytes=0	 write_bytes=0	
Time=14:31:58	CPU0 Usage=4.0	CPU0time_system=4977.51	CPU0time_idle=73566.4	ram_available=1162915840	ram_percent=44.6	swap_used=12263424	swap_percent=0.6	bytes_sent=15438	 bytes_recv=179574	 packets_sent=102	 packets_recv=151	 errin=0	 errout=0	 dropin=0	 dropout=0	read_count=0	 write_count=0	 read_bytes=0	 write_bytes=0	
Time=14:32:00	CPU0 Usage=4.5	CPU0time_system=4977.58	CPU0time_idle=73568.3	ram_available=1162854400	ram_percent=44.6	swap_used=12263424	swap_percent=0.6	bytes_sent=12883	 bytes_recv=168379	 packets_sent=88	 packets_recv=136	 errin=0	 errout=0	 dropin=0	 dropout=0	read_count=0	 write_count=0	 read_bytes=0	 write_bytes=0	
Time=14:32:02	CPU0 Usage=4.0	CPU0time_system=4977.65	CPU0time_idle=73570.2	ram_available=1162567680	ram_percent=44.6	swap_used=12263424	swap_percent=0.6	bytes_sent=16313	 bytes_recv=195492	 packets_sent=112	 packets_recv=167	 errin=0	 errout=0	 dropin=0	 dropout=0	read_count=0	 write_count=0	 read_bytes=0	 write_bytes=0	
Time=14:32:04	CPU0 Usage=4.0	CPU0time_system=4977.72	CPU0time_idle=73572.1	ram_available=1162280960	ram_percent=44.6	swap_used=12263424	swap_percent=0.6	bytes_sent=13504	 bytes_recv=170346	 packets_sent=94	 packets_recv=144	 errin=0	 errout=0	 dropin=0	 dropout=0	read_count=0	 write_count=0	 read_bytes=0	 write_bytes=0	
Time=14:32:06	CPU0 Usage=3.5	CPU0time_system=4977.79	CPU0time_idle=73574.02	ram_available=1162153984	ram_percent=44.6	swap_used=12263424	swap_percent=0.6	bytes_sent=10922	 bytes_recv=135092	 packets_sent=74	 packets_recv=113	 errin=0	 errout=0	 dropin=0	 dropout=0	read_count=0	 write_count=0	 read_bytes=0	 write_bytes=0	
Time=14:32:08	CPU0 Usage=3.0	CPU0time_system=4977.85	CPU0time_idle=73575.96	ram_available=1162027008	ram_percent=44.6	swap_used=12263424	swap_percent=0.6	bytes_sent=5413	 bytes_recv=56937	 packets_sent=35	 packets_recv=54	 errin=0	 errout=0	 dropin=0	 dropout=0	read_count=0	 write_count=0	 read_bytes=0	 write_bytes=0	
Time=14:32:10	CPU0 Usage=3.1	CPU0time_system=4977.91	CPU0time_idle=73577.86	ram_available=1161773056	ram_percent=44.6	swap_used=12263424	swap_percent=0.6	bytes_sent=14210	 bytes_recv=171187	 packets_sent=98	 packets_recv=145	 errin=0	 errout=0	 dropin=0	 dropout=0	read_count=0	 write_count=0	 read_bytes=0	 write_bytes=0	
Time=14:32:12	CPU0 Usage=2.0	CPU0time_system=4977.94	CPU0time_idle=73579.79	ram_available=1161613312	ram_percent=44.6	swap_used=12263424	swap_percent=0.6	bytes_sent=5969	 bytes_recv=70058	 packets_sent=41	 packets_recv=59	 errin=0	 errout=0	 dropin=0	 dropout=0	read_count=0	 write_count=0	 read_bytes=0	 write_bytes=0	
Time=14:32:14	CPU0 Usage=5.0	CPU0time_system=4978.02	CPU0time_idle=73581.7	ram_available=1161519104	ram_percent=44.6	swap_used=12263424	swap_percent=0.6	bytes_sent=13821	 bytes_recv=168981	 packets_sent=94	 packets_recv=143	 errin=0	 errout=0	 dropin=0	 dropout=0	read_count=0	 write_count=0	 read_bytes=0	 write_bytes=0	
Time=14:32:16	CPU0 Usage=4.0	CPU0time_system=4978.1	CPU0time_idle=73583.6	ram_available=1161072640	ram_percent=44.6	swap_used=12263424	swap_percent=0.6	bytes_sent=16703	 bytes_recv=194173	 packets_sent=111	 packets_recv=167	 errin=0	 errout=0	 dropin=0	 dropout=0	read_count=0	 write_count=0	 read_bytes=0	 write_bytes=0	
Time=14:32:18	CPU0 Usage=7.5	CPU0time_system=4978.23	CPU0time_idle=73585.44	ram_available=1160568832	ram_percent=44.7	swap_used=12263424	swap_percent=0.6	bytes_sent=33477	 bytes_recv=420390	 packets_sent=229	 packets_recv=349	 errin=0	 errout=0	 dropin=0	 dropout=0	read_count=0	 write_count=0	 read_bytes=0	 write_bytes=0	
Time=14:32:20	CPU0 Usage=3.5	CPU0time_system=4978.3	CPU0time_idle=73587.37	ram_available=1160474624	ram_percent=44.7	swap_used=12263424	swap_percent=0.6	bytes_sent=6397	 bytes_recv=70629	 packets_sent=46	 packets_recv=67	 errin=0	 errout=0	 dropin=0	 dropout=0	read_count=0	 write_count=0	 read_bytes=0	 write_bytes=0	
Time=14:32:22	CPU0 Usage=4.0	CPU0time_system=4978.35	CPU0time_idle=73589.28	ram_available=1160237056	ram_percent=44.7	swap_used=12263424	swap_percent=0.6	bytes_sent=12532	 bytes_recv=147612	 packets_sent=82	 packets_recv=120	 errin=0	 errout=0	 dropin=0	 dropout=0	read_count=0	 write_count=0	 read_bytes=0	 write_bytes=0	
Time=14:32:24	CPU0 Usage=12.1	CPU0time_system=4978.46	CPU0time_idle=73591.02	ram_available=1217822720	ram_percent=41.9	swap_used=12263424	swap_percent=0.6	bytes_sent=18445	 bytes_recv=49073	 packets_sent=35	 packets_recv=46	 errin=0	 errout=0	 dropin=0	 dropout=0	read_count=0	 write_count=0	 read_bytes=0	 write_bytes=0	
Time=14:32:26	CPU0 Usage=16.2	CPU0time_system=4978.52	CPU0time_idle=73592.67	ram_available=1208107008	ram_percent=42.4	swap_used=12263424	swap_percent=0.6	bytes_sent=8702	 bytes_recv=100952	 packets_sent=61	 packets_recv=87	 errin=0	 errout=0	 dropin=0	 dropout=0	read_count=0	 write_count=0	 read_bytes=0	 write_bytes=0	
Time=14:32:28	CPU0 Usage=24.9	CPU0time_system=4978.61	CPU0time_idle=73594.18	ram_available=1200168960	ram_percent=42.8	swap_used=12263424	swap_percent=0.6	bytes_sent=12291	 bytes_recv=152232	 packets_sent=84	 packets_recv=128	 errin=0	 errout=0	 dropin=0	 dropout=0	read_count=0	 write_count=0	 read_bytes=0	 write_bytes=0	
Time=14:32:30	CPU0 Usage=86.4	CPU0time_system=4978.64	CPU0time_idle=73594.45	ram_available=1194426368	ram_percent=43.1	swap_used=12263424	swap_percent=0.6	bytes_sent=7808	 bytes_recv=92381	 packets_sent=52	 packets_recv=78	 errin=0	 errout=0	 dropin=0	 dropout=0	read_count=0	 write_count=0	 read_bytes=0	 write_bytes=0	
Time=14:32:32	CPU0 Usage=95.5	CPU0time_system=4978.67	CPU0time_idle=73594.54	ram_available=1188233216	ram_percent=43.3	swap_used=12263424	swap_percent=0.6	bytes_sent=15755	 bytes_recv=175019	 packets_sent=106	 packets_recv=146	 errin=0	 errout=0	 dropin=0	 dropout=0	read_count=0	 write_count=0	 read_bytes=0	 write_bytes=0	
Time=14:32:34	CPU0 Usage=97.0	CPU0time_system=4978.69	CPU0time_idle=73594.6	ram_available=1183756288	ram_percent=43.6	swap_used=12263424	swap_percent=0.6	bytes_sent=19358	 bytes_recv=255517	 packets_sent=132	 packets_recv=218	 errin=0	 errout=0	 dropin=0	 dropout=0	read_count=0	 write_count=0	 read_bytes=0	 write_bytes=0	
Time=14:32:36	CPU0 Usage=97.0	CPU0time_system=4978.72	CPU0time_idle=73594.66	ram_available=1179250688	ram_percent=43.8	swap_used=12263424	swap_percent=0.6	bytes_sent=30763	 bytes_recv=381553	 packets_sent=207	 packets_recv=320	 errin=0	 errout=0	 dropin=0	 dropout=0	read_count=0	 write_count=0	 read_bytes=0	 write_bytes=0	
Time=14:32:38	CPU0 Usage=97.0	CPU0time_system=4978.74	CPU0time_idle=73594.72	ram_available=1175187456	ram_percent=44.0	swap_used=12263424	swap_percent=0.6	bytes_sent=16535	 bytes_recv=192967	 packets_sent=112	 packets_recv=174	 errin=0	 errout=0	 dropin=0	 dropout=0	read_count=0	 write_count=0	 read_bytes=0	 write_bytes=0	
Time=14:32:40	CPU0 Usage=99.0	CPU0time_system=4978.75	CPU0time_idle=73594.74	ram_available=1173348352	ram_percent=44.1	swap_used=12263424	swap_percent=0.6	bytes_sent=4875	 bytes_recv=53722	 packets_sent=32	 packets_recv=51	 errin=0	 errout=0	 dropin=0	 dropout=0	read_count=0	 write_count=0	 read_bytes=0	 write_bytes=0	
Time=14:32:42	CPU0 Usage=98.5	CPU0time_system=4978.76	CPU0time_idle=73594.77	ram_available=1170903040	ram_percent=44.2	swap_used=12263424	swap_percent=0.6	bytes_sent=24087	 bytes_recv=286728	 packets_sent=159	 packets_recv=243	 errin=0	 errout=0	 dropin=0	 dropout=0	read_count=0	 write_count=0	 read_bytes=0	 write_bytes=0	
Time=14:32:44	CPU0 Usage=98.5	CPU0time_system=4978.78	CPU0time_idle=73594.8	ram_available=1168744448	ram_percent=44.3	swap_used=12263424	swap_percent=0.6	bytes_sent=11451	 bytes_recv=141876	 packets_sent=78	 packets_recv=121	 errin=0	 errout=0	 dropin=0	 dropout=0	read_count=0	 write_count=0	 read_bytes=0	 write_bytes=0	
Time=14:32:46	CPU0 Usage=98.5	CPU0time_system=4978.8	CPU0time_idle=73594.83	ram_available=1166299136	ram_percent=44.4	swap_used=12263424	swap_percent=0.6	bytes_sent=15736	 bytes_recv=198119	 packets_sent=110	 packets_recv=176	 errin=0	 errout=0	 dropin=0	 dropout=0	read_count=0	 write_count=0	 read_bytes=0	 write_bytes=0	
Time=14:32:48	CPU0 Usage=98.5	CPU0time_system=4978.84	CPU0time_idle=73594.86	ram_available=1164267520	ram_percent=44.5	swap_used=12263424	swap_percent=0.6	bytes_sent=15904	 bytes_recv=186921	 packets_sent=107	 packets_recv=162	 errin=0	 errout=0	 dropin=0	 dropout=0	read_count=0	 write_count=0	 read_bytes=0	 write_bytes=0	
Time=14:32:50	CPU0 Usage=98.5	CPU0time_system=4978.84	CPU0time_idle=73594.89	ram_available=1162203136	ram_percent=44.6	swap_used=12263424	swap_percent=0.6	bytes_sent=0	 bytes_recv=0	 packets_sent=0	 packets_recv=0	 errin=0	 errout=0	 dropin=0	 dropout=0	read_count=0	 write_count=0	 read_bytes=0	 write_bytes=0	
Time=14:32:52	CPU0 Usage=98.5	CPU0time_system=4978.86	CPU0time_idle=73594.92	ram_available=1160044544	ram_percent=44.7	swap_used=12263424	swap_percent=0.6	bytes_sent=10560	 bytes_recv=125842	 packets_sent=69	 packets_recv=103	 errin=0	 errout=0	 dropin=0	 dropout=0	read_count=0	 write_count=0	 read_bytes=0	 write_bytes=0	
Time=14:32:54	CPU0 Usage=98.5	CPU0time_system=4978.87	CPU0time_idle=73594.95	ram_available=1157951488	ram_percent=44.8	swap_used=12263424	swap_percent=0.6	bytes_sent=12711	 bytes_recv=157029	 packets_sent=87	 packets_recv=131	 errin=0	 errout=0	 dropin=0	 dropout=0	read_count=0	 write_count=0	 read_bytes=0	 write_bytes=0	
Time=14:32:56	CPU0 Usage=100.0	CPU0time_system=4978.87	CPU0time_idle=73594.95	ram_available=1157410816	ram_percent=44.8	swap_used=12263424	swap_percent=0.6	bytes_sent=33673	 bytes_recv=415805	 packets_sent=232	 packets_recv=348	 errin=0	 errout=0	 dropin=0	 dropout=0	read_count=0	 write_count=0	 read_bytes=0	 write_bytes=0	
Time=14:32:58	CPU0 Usage=14.4	CPU0time_system=4978.95	CPU0time_idle=73596.67	ram_available=1155219456	ram_percent=44.9	swap_used=12263424	swap_percent=0.6	bytes_sent=6401	 bytes_recv=75638	 packets_sent=42	 packets_recv=64	 errin=0	 errout=0	 dropin=0	 dropout=0	read_count=0	 write_count=0	 read_bytes=0	 write_bytes=0	
Time=14:33:00	CPU0 Usage=2.5	CPU0time_system=4979.0	CPU0time_idle=73598.6	ram_available=1155252224	ram_percent=44.9	swap_used=12263424	swap_percent=0.6	bytes_sent=5643	 bytes_recv=68775	 packets_sent=39	 packets_recv=58	 errin=0	 errout=0	 dropin=0	 dropout=0	read_count=0	 write_count=0	 read_bytes=0	 write_bytes=0	
Time=14:33:02	CPU0 Usage=7.1	CPU0time_system=4979.11	CPU0time_idle=73600.44	ram_available=1154621440	ram_percent=45.0	swap_used=12263424	swap_percent=0.6	bytes_sent=35865	 bytes_recv=443662	 packets_sent=246	 packets_recv=365	 errin=0	 errout=0	 dropin=0	 dropout=0	read_count=0	 write_count=0	 read_bytes=0	 write_bytes=0	
Time=14:33:04	CPU0 Usage=6.5	CPU0time_system=4979.2	CPU0time_idle=73602.32	ram_available=1154142208	ram_percent=45.0	swap_used=12263424	swap_percent=0.6	bytes_sent=20013	 bytes_recv=246693	 packets_sent=137	 packets_recv=206	 errin=0	 errout=0	 dropin=0	 dropout=0	read_count=0	 write_count=0	 read_bytes=0	 write_bytes=0	
Time=14:33:06	CPU0 Usage=4.5	CPU0time_system=4979.28	CPU0time_idle=73604.22	ram_available=1153916928	ram_percent=45.0	swap_used=12263424	swap_percent=0.6	bytes_sent=12587	 bytes_recv=150390	 packets_sent=86	 packets_recv=128	 errin=0	 errout=0	 dropin=0	 dropout=0	read_count=0	 write_count=0	 read_bytes=0	 write_bytes=0	
Time=14:33:08	CPU0 Usage=3.5	CPU0time_system=4979.33	CPU0time_idle=73606.14	ram_available=1153822720	ram_percent=45.0	swap_used=12263424	swap_percent=0.6	bytes_sent=7315	 bytes_recv=80913	 packets_sent=49	 packets_recv=75	 errin=0	 errout=0	 dropin=0	 dropout=0	read_count=0	 write_count=0	 read_bytes=0	 write_bytes=0	
Time=14:33:10	CPU0 Usage=4.5	CPU0time_system=4979.4	CPU0time_idle=73608.05	ram_available=1153695744	ram_percent=45.0	swap_used=12263424	swap_percent=0.6	bytes_sent=11272	 bytes_recv=125754	 packets_sent=76	 packets_recv=110	 errin=0	 errout=0	 dropin=0	 dropout=0	read_count=0	 write_count=0	 read_bytes=0	 write_bytes=0	
Time=14:33:12	CPU0 Usage=4.0	CPU0time_system=4979.48	CPU0time_idle=73609.96	ram_available=1153507328	ram_percent=45.0	swap_used=12263424	swap_percent=0.6	bytes_sent=14061	 bytes_recv=170724	 packets_sent=97	 packets_recv=138	 errin=0	 errout=0	 dropin=0	 dropout=0	read_count=0	 write_count=0	 read_bytes=0	 write_bytes=0	
Time=14:33:14	CPU0 Usage=2.5	CPU0time_system=4979.52	CPU0time_idle=73611.89	ram_available=1153605632	ram_percent=45.0	swap_used=12263424	swap_percent=0.6	bytes_sent=19462	 bytes_recv=57030	 packets_sent=39	 packets_recv=50	 errin=0	 errout=0	 dropin=0	 dropout=0	read_count=0	 write_count=0	 read_bytes=0	 write_bytes=0	
Time=14:33:16	CPU0 Usage=2.0	CPU0time_system=4979.55	CPU0time_idle=73613.82	ram_available=1153478656	ram_percent=45.0	swap_used=12263424	swap_percent=0.6	bytes_sent=5736	 bytes_recv=60929	 packets_sent=37	 packets_recv=57	 errin=0	 errout=0	 dropin=0	 dropout=0	read_count=0	 write_count=0	 read_bytes=0	 write_bytes=0	
Time=14:33:18	CPU0 Usage=4.0	CPU0time_system=4979.61	CPU0time_idle=73615.75	ram_available=1153351680	ram_percent=45.0	swap_used=12263424	swap_percent=0.6	bytes_sent=7986	 bytes_recv=94314	 packets_sent=56	 packets_recv=83	 errin=0	 errout=0	 dropin=0	 dropout=0	read_count=0	 write_count=0	 read_bytes=0	 write_bytes=0	
Time=14:33:20	CPU0 Usage=5.6	CPU0time_system=4979.7	CPU0time_idle=73617.62	ram_available=1164103680	ram_percent=44.5	swap_used=12263424	swap_percent=0.6	bytes_sent=19082	 bytes_recv=229267	 packets_sent=131	 packets_recv=198	 errin=0	 errout=0	 dropin=0	 dropout=0	read_count=0	 write_count=0	 read_bytes=0	 write_bytes=0	
Time=14:33:22	CPU0 Usage=6.0	CPU0time_system=4979.8	CPU0time_idle=73619.5	ram_available=1164103680	ram_percent=44.5	swap_used=12263424	swap_percent=0.6	bytes_sent=24087	 bytes_recv=299928	 packets_sent=164	 packets_recv=245	 errin=0	 errout=0	 dropin=0	 dropout=0	read_count=0	 write_count=0	 read_bytes=0	 write_bytes=0	
Time=14:33:24	CPU0 Usage=3.5	CPU0time_system=4979.85	CPU0time_idle=73621.43	ram_available=1164038144	ram_percent=44.5	swap_used=12263424	swap_percent=0.6	bytes_sent=4418	 bytes_recv=52796	 packets_sent=32	 packets_recv=51	 errin=0	 errout=0	 dropin=0	 dropout=0	read_count=0	 write_count=0	 read_bytes=0	 write_bytes=0	
Time=14:33:26	CPU0 Usage=3.0	CPU0time_system=4979.91	CPU0time_idle=73623.36	ram_available=1164038144	ram_percent=44.5	swap_used=12263424	swap_percent=0.6	bytes_sent=8098	 bytes_recv=104031	 packets_sent=56	 packets_recv=87	 errin=0	 errout=0	 dropin=0	 dropout=0	read_count=0	 write_count=0	 read_bytes=0	 write_bytes=0	
Time=14:33:28	CPU0 Usage=2.5	CPU0time_system=4979.95	CPU0time_idle=73625.3	ram_available=1164038144	ram_percent=44.5	swap_used=12263424	swap_percent=0.6	bytes_sent=4678	 bytes_recv=53386	 packets_sent=31	 packets_recv=44	 errin=0	 errout=0	 dropin=0	 dropout=0	read_count=0	 write_count=0	 read_bytes=0	 write_bytes=0	
Time=14:33:30	CPU0 Usage=4.6	CPU0time_system=4980.03	CPU0time_idle=73627.18	ram_available=1164201984	ram_percent=44.5	swap_used=12263424	swap_percent=0.6	bytes_sent=22845	 bytes_recv=283842	 packets_sent=160	 packets_recv=237	 errin=0	 errout=0	 dropin=0	 dropout=0	read_count=0	 write_count=0	 read_bytes=0	 write_bytes=0	
Time=14:33:32	CPU0 Usage=5.5	CPU0time_system=4980.14	CPU0time_idle=73629.06	ram_available=1164201984	ram_percent=44.5	swap_used=12263424	swap_percent=0.6	bytes_sent=19667	 bytes_recv=229802	 packets_sent=130	 packets_recv=190	 errin=0	 errout=0	 dropin=0	 dropout=0	read_count=0	 write_count=0	 read_bytes=0	 write_bytes=0	
Time=14:33:34	CPU0 Usage=5.0	CPU0time_system=4980.22	CPU0time_idle=73630.96	ram_available=1164075008	ram_percent=44.5	swap_used=12263424	swap_percent=0.6	bytes_sent=18878	 bytes_recv=235285	 packets_sent=130	 packets_recv=194	 errin=0	 errout=0	 dropin=0	 dropout=0	read_count=0	 write_count=0	 read_bytes=0	 write_bytes=0	
Time=14:33:36	CPU0 Usage=5.5	CPU0time_system=4980.31	CPU0time_idle=73632.85	ram_available=1163530240	ram_percent=44.5	swap_used=12263424	swap_percent=0.6	bytes_sent=17949	 bytes_recv=218584	 packets_sent=122	 packets_recv=190	 errin=0	 errout=0	 dropin=0	 dropout=0	read_count=0	 write_count=0	 read_bytes=0	 write_bytes=0	
Time=14:33:38	CPU0 Usage=3.5	CPU0time_system=4980.36	CPU0time_idle=73634.77	ram_available=1163403264	ram_percent=44.5	swap_used=12263424	swap_percent=0.6	bytes_sent=7315	 bytes_recv=86131	 packets_sent=50	 packets_recv=79	 errin=0	 errout=0	 dropin=0	 dropout=0	read_count=0	 write_count=0	 read_bytes=0	 write_bytes=0	
Time=14:33:40	CPU0 Usage=4.5	CPU0time_system=4980.44	CPU0time_idle=73636.67	ram_available=1163186176	ram_percent=44.5	swap_used=12263424	swap_percent=0.6	bytes_sent=14896	 bytes_recv=186217	 packets_sent=102	 packets_recv=154	 errin=0	 errout=0	 dropin=0	 dropout=0	read_count=0	 write_count=0	 read_bytes=0	 write_bytes=0	
Time=14:33:42	CPU0 Usage=5.0	CPU0time_system=4980.52	CPU0time_idle=73638.59	ram_available=1163059200	ram_percent=44.5	swap_used=12263424	swap_percent=0.6	bytes_sent=8144	 bytes_recv=88467	 packets_sent=55	 packets_recv=77	 errin=0	 errout=0	 dropin=0	 dropout=0	read_count=0	 write_count=0	 read_bytes=0	 write_bytes=0	
Time=14:33:44	CPU0 Usage=3.5	CPU0time_system=4980.58	CPU0time_idle=73640.52	ram_available=1162850304	ram_percent=44.6	swap_used=12263424	swap_percent=0.6	bytes_sent=7975	 bytes_recv=100609	 packets_sent=53	 packets_recv=86	 errin=0	 errout=0	 dropin=0	 dropout=0	read_count=0	 write_count=0	 read_bytes=0	 write_bytes=0	
Time=14:33:46	CPU0 Usage=4.5	CPU0time_system=4980.66	CPU0time_idle=73642.42	ram_available=1162563584	ram_percent=44.6	swap_used=12263424	swap_percent=0.6	bytes_sent=13922	 bytes_recv=170311	 packets_sent=97	 packets_recv=145	 errin=0	 errout=0	 dropin=0	 dropout=0	read_count=0	 write_count=0	 read_bytes=0	 write_bytes=0	
Time=14:33:48	CPU0 Usage=4.0	CPU0time_system=4980.72	CPU0time_idle=73644.35	ram_available=1162309632	ram_percent=44.6	swap_used=12263424	swap_percent=0.6	bytes_sent=8732	 bytes_recv=104770	 packets_sent=62	 packets_recv=92	 errin=0	 errout=0	 dropin=0	 dropout=0	read_count=0	 write_count=0	 read_bytes=0	 write_bytes=0	
Time=14:33:50	CPU0 Usage=3.5	CPU0time_system=4980.78	CPU0time_idle=73646.28	ram_available=1162342400	ram_percent=44.6	swap_used=12263424	swap_percent=0.6	bytes_sent=6781	 bytes_recv=81146	 packets_sent=46	 packets_recv=70	 errin=0	 errout=0	 dropin=0	 dropout=0	read_count=0	 write_count=0	 read_bytes=0	 write_bytes=0	
Time=14:33:52	CPU0 Usage=4.5	CPU0time_system=4980.86	CPU0time_idle=73648.18	ram_available=1162055680	ram_percent=44.6	swap_used=12263424	swap_percent=0.6	bytes_sent=14274	 bytes_recv=175715	 packets_sent=98	 packets_recv=145	 errin=0	 errout=0	 dropin=0	 dropout=0	read_count=0	 write_count=0	 read_bytes=0	 write_bytes=0	
Time=14:33:54	CPU0 Usage=5.1	CPU0time_system=4980.95	CPU0time_idle=73650.06	ram_available=1161609216	ram_percent=44.6	swap_used=12263424	swap_percent=0.6	bytes_sent=20960	 bytes_recv=256049	 packets_sent=140	 packets_recv=215	 errin=0	 errout=0	 dropin=0	 dropout=0	read_count=0	 write_count=0	 read_bytes=0	 write_bytes=0	
Time=14:33:56	CPU0 Usage=3.0	CPU0time_system=4980.99	CPU0time_idle=73651.99	ram_available=1161388032	ram_percent=44.6	swap_used=12263424	swap_percent=0.6	bytes_sent=7722	 bytes_recv=96123	 packets_sent=53	 packets_recv=81	 errin=0	 errout=0	 dropin=0	 dropout=0	read_count=0	 write_count=0	 read_bytes=0	 write_bytes=0	
Time=14:33:58	CPU0 Usage=5.5	CPU0time_system=4981.08	CPU0time_idle=73653.89	ram_available=1161199616	ram_percent=44.6	swap_used=12263424	swap_percent=0.6	bytes_sent=12685	 bytes_recv=158769	 packets_sent=87	 packets_recv=132	 errin=0	 errout=0	 dropin=0	 dropout=0	read_count=0	 write_count=0	 read_bytes=0	 write_bytes=0	
Time=14:34:00	CPU0 Usage=6.1	CPU0time_system=4981.18	CPU0time_idle=73655.74	ram_available=1160949760	ram_percent=44.7	swap_used=12263424	swap_percent=0.6	bytes_sent=30568	 bytes_recv=356802	 packets_sent=206	 packets_recv=302	 errin=0	 errout=0	 dropin=0	 dropout=0	read_count=0	 write_count=0	 read_bytes=0	 write_bytes=0	
Time=14:34:02	CPU0 Usage=5.0	CPU0time_system=4981.25	CPU0time_idle=73657.65	ram_available=1160613888	ram_percent=44.7	swap_used=12263424	swap_percent=0.6	bytes_sent=13253	 bytes_recv=158092	 packets_sent=90	 packets_recv=140	 errin=0	 errout=0	 dropin=0	 dropout=0	read_count=0	 write_count=0	 read_bytes=0	 write_bytes=0	
Time=14:34:04	CPU0 Usage=4.0	CPU0time_system=4981.32	CPU0time_idle=73659.56	ram_available=1160359936	ram_percent=44.7	swap_used=12263424	swap_percent=0.6	bytes_sent=24646	 bytes_recv=132361	 packets_sent=76	 packets_recv=109	 errin=0	 errout=0	 dropin=0	 dropout=0	read_count=0	 write_count=0	 read_bytes=0	 write_bytes=0	
Time=14:34:06	CPU0 Usage=4.0	CPU0time_system=4981.39	CPU0time_idle=73661.48	ram_available=1160167424	ram_percent=44.7	swap_used=12263424	swap_percent=0.6	bytes_sent=9815	 bytes_recv=116509	 packets_sent=69	 packets_recv=101	 errin=0	 errout=0	 dropin=0	 dropout=0	read_count=0	 write_count=0	 read_bytes=0	 write_bytes=0	
Time=14:34:08	CPU0 Usage=3.5	CPU0time_system=4981.45	CPU0time_idle=73663.4	ram_available=1160105984	ram_percent=44.7	swap_used=12263424	swap_percent=0.6	bytes_sent=8559	 bytes_recv=97042	 packets_sent=54	 packets_recv=81	 errin=0	 errout=0	 dropin=0	 dropout=0	read_count=0	 write_count=0	 read_bytes=0	 write_bytes=0	
Time=14:34:10	CPU0 Usage=5.4	CPU0time_system=4981.54	CPU0time_idle=73665.31	ram_available=1159884800	ram_percent=44.7	swap_used=12263424	swap_percent=0.6	bytes_sent=14027	 bytes_recv=171656	 packets_sent=98	 packets_recv=144	 errin=0	 errout=0	 dropin=0	 dropout=0	read_count=0	 write_count=0	 read_bytes=0	 write_bytes=0	
Time=14:34:12	CPU0 Usage=5.5	CPU0time_system=4981.63	CPU0time_idle=73667.2	ram_available=1159598080	ram_percent=44.7	swap_used=12263424	swap_percent=0.6	bytes_sent=19184	 bytes_recv=236711	 packets_sent=132	 packets_recv=196	 errin=0	 errout=0	 dropin=0	 dropout=0	read_count=0	 write_count=0	 read_bytes=0	 write_bytes=0	
Time=14:34:14	CPU0 Usage=3.5	CPU0time_system=4981.68	CPU0time_idle=73669.14	ram_available=1159532544	ram_percent=44.7	swap_used=12263424	swap_percent=0.6	bytes_sent=3496	 bytes_recv=40394	 packets_sent=25	 packets_recv=33	 errin=0	 errout=0	 dropin=0	 dropout=0	read_count=0	 write_count=0	 read_bytes=0	 write_bytes=0	
Time=14:34:16	CPU0 Usage=3.5	CPU0time_system=4981.74	CPU0time_idle=73671.05	ram_available=1159213056	ram_percent=44.7	swap_used=12263424	swap_percent=0.6	bytes_sent=12591	 bytes_recv=161844	 packets_sent=86	 packets_recv=130	 errin=0	 errout=0	 dropin=0	 dropout=0	read_count=0	 write_count=0	 read_bytes=0	 write_bytes=0	
Time=14:34:18	CPU0 Usage=3.5	CPU0time_system=4981.78	CPU0time_idle=73672.97	ram_available=1159008256	ram_percent=44.7	swap_used=12263424	swap_percent=0.6	bytes_sent=9839	 bytes_recv=110216	 packets_sent=65	 packets_recv=97	 errin=0	 errout=0	 dropin=0	 dropout=0	read_count=0	 write_count=0	 read_bytes=0	 write_bytes=0	
Time=14:34:20	CPU0 Usage=3.5	CPU0time_system=4981.83	CPU0time_idle=73674.9	ram_available=1158975488	ram_percent=44.7	swap_used=12263424	swap_percent=0.6	bytes_sent=7980	 bytes_recv=94766	 packets_sent=55	 packets_recv=81	 errin=0	 errout=0	 dropin=0	 dropout=0	read_count=0	 write_count=0	 read_bytes=0	 write_bytes=0	
Time=14:34:22	CPU0 Usage=3.6	CPU0time_system=4981.9	CPU0time_idle=73676.8	ram_available=1158590464	ram_percent=44.8	swap_used=12263424	swap_percent=0.6	bytes_sent=13135	 bytes_recv=161512	 packets_sent=93	 packets_recv=147	 errin=0	 errout=0	 dropin=0	 dropout=0	read_count=0	 write_count=0	 read_bytes=0	 write_bytes=0	
Time=14:34:24	CPU0 Usage=19.7	CPU0time_system=4982.05	CPU0time_idle=73678.39	ram_available=1214050304	ram_percent=42.1	swap_used=12263424	swap_percent=0.6	bytes_sent=15096	 bytes_recv=177284	 packets_sent=103	 packets_recv=155	 errin=0	 errout=0	 dropin=0	 dropout=0	read_count=0	 write_count=0	 read_bytes=0	 write_bytes=0	
Time=14:34:26	CPU0 Usage=18.0	CPU0time_system=4982.1	CPU0time_idle=73680.03	ram_available=1204350976	ram_percent=42.6	swap_used=12263424	swap_percent=0.6	bytes_sent=1580	 bytes_recv=15710	 packets_sent=11	 packets_recv=16	 errin=0	 errout=0	 dropin=0	 dropout=0	read_count=0	 write_count=0	 read_bytes=0	 write_bytes=0	
Time=14:34:28	CPU0 Usage=50.0	CPU0time_system=4982.15	CPU0time_idle=73681.03	ram_available=1196269568	ram_percent=43.0	swap_used=12263424	swap_percent=0.6	bytes_sent=8301	 bytes_recv=100228	 packets_sent=54	 packets_recv=80	 errin=0	 errout=0	 dropin=0	 dropout=0	read_count=0	 write_count=0	 read_bytes=0	 write_bytes=0	
Time=14:34:30	CPU0 Usage=96.0	CPU0time_system=4982.19	CPU0time_idle=73681.11	ram_available=1190178816	ram_percent=43.3	swap_used=12263424	swap_percent=0.6	bytes_sent=22370	 bytes_recv=277742	 packets_sent=155	 packets_recv=234	 errin=0	 errout=0	 dropin=0	 dropout=0	read_count=0	 write_count=0	 read_bytes=0	 write_bytes=0	
Time=14:34:32	CPU0 Usage=97.0	CPU0time_system=4982.21	CPU0time_idle=73681.17	ram_available=1185767424	ram_percent=43.5	swap_used=12263424	swap_percent=0.6	bytes_sent=21082	 bytes_recv=264315	 packets_sent=147	 packets_recv=217	 errin=0	 errout=0	 dropin=0	 dropout=0	read_count=0	 write_count=0	 read_bytes=0	 write_bytes=0	
Time=14:34:34	CPU0 Usage=97.0	CPU0time_system=4982.22	CPU0time_idle=73681.23	ram_available=1181704192	ram_percent=43.7	swap_used=12263424	swap_percent=0.6	bytes_sent=11548	 bytes_recv=131477	 packets_sent=79	 packets_recv=118	 errin=0	 errout=0	 dropin=0	 dropout=0	read_count=0	 write_count=0	 read_bytes=0	 write_bytes=0	
Time=14:34:36	CPU0 Usage=97.0	CPU0time_system=4982.24	CPU0time_idle=73681.29	ram_available=1177481216	ram_percent=43.9	swap_used=12263424	swap_percent=0.6	bytes_sent=11099	 bytes_recv=133552	 packets_sent=74	 packets_recv=113	 errin=0	 errout=0	 dropin=0	 dropout=0	read_count=0	 write_count=0	 read_bytes=0	 write_bytes=0	
Time=14:34:38	CPU0 Usage=99.0	CPU0time_system=4982.26	CPU0time_idle=73681.31	ram_available=1175064576	ram_percent=44.0	swap_used=12263424	swap_percent=0.6	bytes_sent=20379	 bytes_recv=232447	 packets_sent=134	 packets_recv=199	 errin=0	 errout=0	 dropin=0	 dropout=0	read_count=0	 write_count=0	 read_bytes=0	 write_bytes=0	
Time=14:34:40	CPU0 Usage=97.5	CPU0time_system=4982.28	CPU0time_idle=73681.36	ram_available=1170874368	ram_percent=44.2	swap_used=12263424	swap_percent=0.6	bytes_sent=13812	 bytes_recv=160095	 packets_sent=96	 packets_recv=148	 errin=0	 errout=0	 dropin=0	 dropout=0	read_count=0	 write_count=0	 read_bytes=0	 write_bytes=0	
Time=14:34:42	CPU0 Usage=98.0	CPU0time_system=4982.29	CPU0time_idle=73681.4	ram_available=1168715776	ram_percent=44.3	swap_used=12263424	swap_percent=0.6	bytes_sent=10906	 bytes_recv=134096	 packets_sent=76	 packets_recv=115	 errin=0	 errout=0	 dropin=0	 dropout=0	read_count=0	 write_count=0	 read_bytes=0	 write_bytes=0	
Time=14:34:44	CPU0 Usage=98.5	CPU0time_system=4982.3	CPU0time_idle=73681.43	ram_available=1166495744	ram_percent=44.4	swap_used=12263424	swap_percent=0.6	bytes_sent=13772	 bytes_recv=164914	 packets_sent=95	 packets_recv=139	 errin=0	 errout=0	 dropin=0	 dropout=0	read_count=0	 write_count=0	 read_bytes=0	 write_bytes=0	
Time=14:34:46	CPU0 Usage=98.5	CPU0time_system=4982.34	CPU0time_idle=73681.46	ram_available=1164115968	ram_percent=44.5	swap_used=12263424	swap_percent=0.6	bytes_sent=19249	 bytes_recv=233389	 packets_sent=125	 packets_recv=191	 errin=0	 errout=0	 dropin=0	 dropout=0	read_count=0	 write_count=0	 read_bytes=0	 write_bytes=0	
Time=14:34:48	CPU0 Usage=99.0	CPU0time_system=4982.34	CPU0time_idle=73681.48	ram_available=1161957376	ram_percent=44.6	swap_used=12263424	swap_percent=0.6	bytes_sent=13645	 bytes_recv=163214	 packets_sent=94	 packets_recv=144	 errin=0	 errout=0	 dropin=0	 dropout=0	read_count=0	 write_count=0	 read_bytes=0	 write_bytes=0	
Time=14:34:50	CPU0 Usage=100.0	CPU0time_system=4982.34	CPU0time_idle=73681.48	ram_available=1161703424	ram_percent=44.6	swap_used=12263424	swap_percent=0.6	bytes_sent=5133	 bytes_recv=63988	 packets_sent=35	 packets_recv=56	 errin=0	 errout=0	 dropin=0	 dropout=0	read_count=0	 write_count=0	 read_bytes=0	 write_bytes=0	
Time=14:34:52	CPU0 Usage=98.5	CPU0time_system=4982.36	CPU0time_idle=73681.51	ram_available=1159450624	ram_percent=44.7	swap_used=12263424	swap_percent=0.6	bytes_sent=14358	 bytes_recv=172761	 packets_sent=99	 packets_recv=143	 errin=0	 errout=0	 dropin=0	 dropout=0	read_count=0	 write_count=0	 read_bytes=0	 write_bytes=0	
Time=14:34:54	CPU0 Usage=98.5	CPU0time_system=4982.36	CPU0time_idle=73681.54	ram_available=1157292032	ram_percent=44.8	swap_used=12263424	swap_percent=0.6	bytes_sent=12625	 bytes_recv=153948	 packets_sent=88	 packets_recv=129	 errin=0	 errout=0	 dropin=0	 dropout=0	read_count=0	 write_count=0	 read_bytes=0	 write_bytes=0	
Time=14:34:56	CPU0 Usage=62.5	CPU0time_system=4982.39	CPU0time_idle=73682.29	ram_available=1155260416	ram_percent=44.9	swap_used=12263424	swap_percent=0.6	bytes_sent=21911	 bytes_recv=109845	 packets_sent=68	 packets_recv=93	 errin=0	 errout=0	 dropin=0	 dropout=0	read_count=0	 write_count=0	 read_bytes=0	 write_bytes=0	
Time=14:34:58	CPU0 Usage=5.0	CPU0time_system=4982.45	CPU0time_idle=73684.19	ram_available=1155231744	ram_percent=44.9	swap_used=12263424	swap_percent=0.6	bytes_sent=11356	 bytes_recv=134014	 packets_sent=79	 packets_recv=114	 errin=0	 errout=0	 dropin=0	 dropout=0	read_count=0	 write_count=0	 read_bytes=0	 write_bytes=0	
Time=14:35:00	CPU0 Usage=3.0	CPU0time_system=4982.5	CPU0time_idle=73686.12	ram_available=1155072000	ram_percent=44.9	swap_used=12263424	swap_percent=0.6	bytes_sent=4697	 bytes_recv=52782	 packets_sent=30	 packets_recv=46	 errin=0	 errout=0	 dropin=0	 dropout=0	read_count=0	 write_count=0	 read_bytes=0	 write_bytes=0	
Time=14:35:02	CPU0 Usage=6.0	CPU0time_system=4982.56	CPU0time_idle=73688.0	ram_available=1154560000	ram_percent=45.0	swap_used=12263424	swap_percent=0.6	bytes_sent=20196	 bytes_recv=243891	 packets_sent=137	 packets_recv=207	 errin=0	 errout=0	 dropin=0	 dropout=0	read_count=0	 write_count=0	 read_bytes=0	 write_bytes=0	
Time=14:35:04	CPU0 Usage=3.5	CPU0time_system=4982.6	CPU0time_idle=73689.92	ram_available=1154371584	ram_percent=45.0	swap_used=12263424	swap_percent=0.6	bytes_sent=10078	 bytes_recv=120882	 packets_sent=69	 packets_recv=100	 errin=0	 errout=0	 dropin=0	 dropout=0	read_count=0	 write_count=0	 read_bytes=0	 write_bytes=0	
Time=14:35:06	CPU0 Usage=3.5	CPU0time_system=4982.64	CPU0time_idle=73691.85	ram_available=1154338816	ram_percent=45.0	swap_used=12263424	swap_percent=0.6	bytes_sent=4492	 bytes_recv=57657	 packets_sent=30	 packets_recv=47	 errin=0	 errout=0	 dropin=0	 dropout=0	read_count=0	 write_count=0	 read_bytes=0	 write_bytes=0	
Time=14:35:08	CPU0 Usage=3.5	CPU0time_system=4982.66	CPU0time_idle=73693.77	ram_available=1154244608	ram_percent=45.0	swap_used=12263424	swap_percent=0.6	bytes_sent=6359	 bytes_recv=79219	 packets_sent=42	 packets_recv=64	 errin=0	 errout=0	 dropin=0	 dropout=0	read_count=0	 write_count=0	 read_bytes=0	 write_bytes=0	
Time=14:35:10	CPU0 Usage=5.0	CPU0time_system=4982.72	CPU0time_idle=73695.66	ram_available=1153863680	ram_percent=45.0	swap_used=12263424	swap_percent=0.6	bytes_sent=17971	 bytes_recv=217206	 packets_sent=124	 packets_recv=182	 errin=0	 errout=0	 dropin=0	 dropout=0	read_count=0	 write_count=0	 read_bytes=0	 write_bytes=0	
Time=14:35:12	CPU0 Usage=5.5	CPU0time_system=4982.79	CPU0time_idle=73697.56	ram_available=1153482752	ram_percent=45.0	swap_used=12263424	swap_percent=0.6	bytes_sent=17472	 bytes_recv=222130	 packets_sent=120	 packets_recv=184	 errin=0	 errout=0	 dropin=0	 dropout=0	read_count=0	 write_count=0	 read_bytes=0	 write_bytes=0	
Time=14:35:14	CPU0 Usage=4.0	CPU0time_system=4982.83	CPU0time_idle=73699.47	ram_available=1153261568	ram_percent=45.0	swap_used=12263424	swap_percent=0.6	bytes_sent=11443	 bytes_recv=146997	 packets_sent=79	 packets_recv=119	 errin=0	 errout=0	 dropin=0	 dropout=0	read_count=0	 write_count=0	 read_bytes=0	 write_bytes=0	
Time=14:35:16	CPU0 Usage=5.0	CPU0time_system=4982.86	CPU0time_idle=73701.37	ram_available=1153069056	ram_percent=45.0	swap_used=12263424	swap_percent=0.6	bytes_sent=15599	 bytes_recv=180027	 packets_sent=105	 packets_recv=156	 errin=0	 errout=0	 dropin=0	 dropout=0	read_count=0	 write_count=0	 read_bytes=0	 write_bytes=0	
Time=14:35:18	CPU0 Usage=4.0	CPU0time_system=4982.9	CPU0time_idle=73703.28	ram_available=1152716800	ram_percent=45.0	swap_used=12263424	swap_percent=0.6	bytes_sent=11281	 bytes_recv=141309	 packets_sent=77	 packets_recv=120	 errin=0	 errout=0	 dropin=0	 dropout=0	read_count=0	 write_count=0	 read_bytes=0	 write_bytes=0	
Time=14:35:20	CPU0 Usage=5.1	CPU0time_system=4982.95	CPU0time_idle=73705.14	ram_available=1152434176	ram_percent=45.1	swap_used=12263424	swap_percent=0.6	bytes_sent=25431	 bytes_recv=304229	 packets_sent=172	 packets_recv=256	 errin=0	 errout=0	 dropin=0	 dropout=0	read_count=0	 write_count=0	 read_bytes=0	 write_bytes=0	
Time=14:35:22	CPU0 Usage=6.0	CPU0time_system=4983.0	CPU0time_idle=73707.02	ram_available=1164226560	ram_percent=44.5	swap_used=12263424	swap_percent=0.6	bytes_sent=18474	 bytes_recv=242513	 packets_sent=127	 packets_recv=196	 errin=0	 errout=0	 dropin=0	 dropout=0	read_count=0	 write_count=0	 read_bytes=0	 write_bytes=0	
Time=14:35:24	CPU0 Usage=4.5	CPU0time_system=4983.04	CPU0time_idle=73708.91	ram_available=1164324864	ram_percent=44.5	swap_used=12263424	swap_percent=0.6	bytes_sent=18781	 bytes_recv=235059	 packets_sent=127	 packets_recv=193	 errin=0	 errout=0	 dropin=0	 dropout=0	read_count=0	 write_count=0	 read_bytes=0	 write_bytes=0	
Time=14:35:26	CPU0 Usage=2.0	CPU0time_system=4983.05	CPU0time_idle=73710.86	ram_available=1164292096	ram_percent=44.5	swap_used=12263424	swap_percent=0.6	bytes_sent=0	 bytes_recv=253	 packets_sent=0	 packets_recv=1	 errin=0	 errout=0	 dropin=0	 dropout=0	read_count=0	 write_count=0	 read_bytes=0	 write_bytes=0	
Time=14:35:28	CPU0 Usage=6.1	CPU0time_system=4983.08	CPU0time_idle=73712.71	ram_available=1164324864	ram_percent=44.5	swap_used=12263424	swap_percent=0.6	bytes_sent=32086	 bytes_recv=398413	 packets_sent=219	 packets_recv=340	 errin=0	 errout=0	 dropin=0	 dropout=0	read_count=0	 write_count=0	 read_bytes=0	 write_bytes=0	
Time=14:35:30	CPU0 Usage=6.0	CPU0time_system=4983.12	CPU0time_idle=73714.58	ram_available=1164357632	ram_percent=44.5	swap_used=12263424	swap_percent=0.6	bytes_sent=27262	 bytes_recv=331860	 packets_sent=189	 packets_recv=277	 errin=0	 errout=0	 dropin=0	 dropout=0	read_count=0	 write_count=0	 read_bytes=0	 write_bytes=0	
Time=14:35:32	CPU0 Usage=3.0	CPU0time_system=4983.14	CPU0time_idle=73716.51	ram_available=1164390400	ram_percent=44.5	swap_used=12263424	swap_percent=0.6	bytes_sent=7522	 bytes_recv=92987	 packets_sent=51	 packets_recv=76	 errin=0	 errout=0	 dropin=0	 dropout=0	read_count=0	 write_count=0	 read_bytes=0	 write_bytes=0	
Time=14:35:34	CPU0 Usage=4.5	CPU0time_system=4983.15	CPU0time_idle=73718.4	ram_available=1164423168	ram_percent=44.5	swap_used=12263424	swap_percent=0.6	bytes_sent=16855	 bytes_recv=213424	 packets_sent=116	 packets_recv=172	 errin=0	 errout=0	 dropin=0	 dropout=0	read_count=0	 write_count=0	 read_bytes=0	 write_bytes=0	
Time=14:35:36	CPU0 Usage=5.5	CPU0time_system=4983.17	CPU0time_idle=73720.29	ram_available=1164070912	ram_percent=44.5	swap_used=12263424	swap_percent=0.6	bytes_sent=16849	 bytes_recv=205671	 packets_sent=116	 packets_recv=175	 errin=0	 errout=0	 dropin=0	 dropout=0	read_count=0	 write_count=0	 read_bytes=0	 write_bytes=0	
Time=14:35:38	CPU0 Usage=2.5	CPU0time_system=4983.18	CPU0time_idle=73722.22	ram_available=1163878400	ram_percent=44.5	swap_used=12263424	swap_percent=0.6	bytes_sent=7229	 bytes_recv=84361	 packets_sent=50	 packets_recv=77	 errin=0	 errout=0	 dropin=0	 dropout=0	read_count=0	 write_count=0	 read_bytes=0	 write_bytes=0	
Time=14:35:40	CPU0 Usage=5.1	CPU0time_system=4983.21	CPU0time_idle=73724.1	ram_available=1163436032	ram_percent=44.5	swap_used=12263424	swap_percent=0.6	bytes_sent=18340	 bytes_recv=212602	 packets_sent=126	 packets_recv=190	 errin=0	 errout=0	 dropin=0	 dropout=0	read_count=0	 write_count=0	 read_bytes=0	 write_bytes=0	
Time=14:35:42	CPU0 Usage=3.5	CPU0time_system=4983.22	CPU0time_idle=73726.03	ram_available=1163182080	ram_percent=44.5	swap_used=12263424	swap_percent=0.6	bytes_sent=7472	 bytes_recv=103966	 packets_sent=55	 packets_recv=86	 errin=0	 errout=0	 dropin=0	 dropout=0	read_count=0	 write_count=0	 read_bytes=0	 write_bytes=0	
Time=14:35:44	CPU0 Usage=4.0	CPU0time_system=4983.24	CPU0time_idle=73727.94	ram_available=1162895360	ram_percent=44.6	swap_used=12263424	swap_percent=0.6	bytes_sent=13755	 bytes_recv=165925	 packets_sent=93	 packets_recv=140	 errin=0	 errout=0	 dropin=0	 dropout=0	read_count=0	 write_count=0	 read_bytes=0	 write_bytes=0	
Time=14:35:46	CPU0 Usage=3.6	CPU0time_system=4983.25	CPU0time_idle=73729.82	ram_available=1162641408	ram_percent=44.6	swap_used=12263424	swap_percent=0.6	bytes_sent=33939	 bytes_recv=237719	 packets_sent=142	 packets_recv=200	 errin=0	 errout=0	 dropin=0	 dropout=0	read_count=0	 write_count=0	 read_bytes=0	 write_bytes=0	
Time=14:35:48	CPU0 Usage=3.5	CPU0time_system=4983.26	CPU0time_idle=73731.74	ram_available=1162547200	ram_percent=44.6	swap_used=12263424	swap_percent=0.6	bytes_sent=9488	 bytes_recv=113816	 packets_sent=67	 packets_recv=98	 errin=0	 errout=0	 dropin=0	 dropout=0	read_count=0	 write_count=0	 read_bytes=0	 write_bytes=0	
Time=14:35:50	CPU0 Usage=4.6	CPU0time_system=4983.32	CPU0time_idle=73733.62	ram_available=1162039296	ram_percent=44.6	swap_used=12263424	swap_percent=0.6	bytes_sent=21361	 bytes_recv=259901	 packets_sent=146	 packets_recv=216	 errin=0	 errout=0	 dropin=0	 dropout=0	read_count=0	 write_count=0	 read_bytes=0	 write_bytes=0	
Time=14:35:52	CPU0 Usage=5.5	CPU0time_system=4983.41	CPU0time_idle=73735.5	ram_available=1161678848	ram_percent=44.6	swap_used=12263424	swap_percent=0.6	bytes_sent=22736	 bytes_recv=271114	 packets_sent=156	 packets_recv=234	 errin=0	 errout=0	 dropin=0	 dropout=0	read_count=0	 write_count=0	 read_bytes=0	 write_bytes=0	
Time=14:35:54	CPU0 Usage=5.0	CPU0time_system=4983.49	CPU0time_idle=73737.39	ram_available=1161265152	ram_percent=44.6	swap_used=12263424	swap_percent=0.6	bytes_sent=17349	 bytes_recv=217723	 packets_sent=123	 packets_recv=185	 errin=0	 errout=0	 dropin=0	 dropout=0	read_count=0	 write_count=0	 read_bytes=0	 write_bytes=0	
Time=14:35:56	CPU0 Usage=5.1	CPU0time_system=4983.56	CPU0time_idle=73739.26	ram_available=1160818688	ram_percent=44.7	swap_used=12263424	swap_percent=0.6	bytes_sent=23716	 bytes_recv=294742	 packets_sent=164	 packets_recv=250	 errin=0	 errout=0	 dropin=0	 dropout=0	read_count=0	 write_count=5	 read_bytes=0	 write_bytes=24576	
Time=14:35:58	CPU0 Usage=3.5	CPU0time_system=4983.62	CPU0time_idle=73741.18	ram_available=1160634368	ram_percent=44.7	swap_used=12263424	swap_percent=0.6	bytes_sent=8891	 bytes_recv=103960	 packets_sent=61	 packets_recv=87	 errin=0	 errout=0	 dropin=0	 dropout=0	read_count=0	 write_count=0	 read_bytes=0	 write_bytes=0	
Time=14:36:00	CPU0 Usage=3.0	CPU0time_system=4983.68	CPU0time_idle=73743.11	ram_available=1160732672	ram_percent=44.7	swap_used=12263424	swap_percent=0.6	bytes_sent=5646	 bytes_recv=56576	 packets_sent=42	 packets_recv=56	 errin=0	 errout=0	 dropin=0	 dropout=0	read_count=0	 write_count=0	 read_bytes=0	 write_bytes=0	
Time=14:36:02	CPU0 Usage=4.5	CPU0time_system=4983.76	CPU0time_idle=73745.01	ram_available=1160478720	ram_percent=44.7	swap_used=12263424	swap_percent=0.6	bytes_sent=14849	 bytes_recv=183147	 packets_sent=102	 packets_recv=156	 errin=0	 errout=0	 dropin=0	 dropout=0	read_count=0	 write_count=0	 read_bytes=0	 write_bytes=0	
Time=14:36:04	CPU0 Usage=4.5	CPU0time_system=4983.85	CPU0time_idle=73746.93	ram_available=1160159232	ram_percent=44.7	swap_used=12263424	swap_percent=0.6	bytes_sent=8934	 bytes_recv=110971	 packets_sent=63	 packets_recv=96	 errin=0	 errout=0	 dropin=0	 dropout=0	read_count=0	 write_count=0	 read_bytes=0	 write_bytes=0	
Time=14:36:06	CPU0 Usage=4.5	CPU0time_system=4983.92	CPU0time_idle=73748.83	ram_available=1160097792	ram_percent=44.7	swap_used=12263424	swap_percent=0.6	bytes_sent=15191	 bytes_recv=181398	 packets_sent=103	 packets_recv=153	 errin=0	 errout=0	 dropin=0	 dropout=0	read_count=0	 write_count=5	 read_bytes=0	 write_bytes=24576	
Time=14:36:08	CPU0 Usage=2.5	CPU0time_system=4983.97	CPU0time_idle=73750.76	ram_available=1159946240	ram_percent=44.7	swap_used=12263424	swap_percent=0.6	bytes_sent=5171	 bytes_recv=62767	 packets_sent=36	 packets_recv=56	 errin=0	 errout=0	 dropin=0	 dropout=0	read_count=0	 write_count=0	 read_bytes=0	 write_bytes=0	
Time=14:36:10	CPU0 Usage=2.5	CPU0time_system=4984.0	CPU0time_idle=73752.69	ram_available=1159917568	ram_percent=44.7	swap_used=12263424	swap_percent=0.6	bytes_sent=6834	 bytes_recv=81412	 packets_sent=47	 packets_recv=70	 errin=0	 errout=0	 dropin=0	 dropout=0	read_count=0	 write_count=0	 read_bytes=0	 write_bytes=0	
Time=14:36:12	CPU0 Usage=5.0	CPU0time_system=4984.08	CPU0time_idle=73754.59	ram_available=1159565312	ram_percent=44.7	swap_used=12263424	swap_percent=0.6	bytes_sent=15686	 bytes_recv=196196	 packets_sent=107	 packets_recv=159	 errin=0	 errout=0	 dropin=0	 dropout=0	read_count=0	 write_count=0	 read_bytes=0	 write_bytes=0	
Time=14:36:14	CPU0 Usage=3.5	CPU0time_system=4984.14	CPU0time_idle=73756.51	ram_available=1159376896	ram_percent=44.7	swap_used=12263424	swap_percent=0.6	bytes_sent=11132	 bytes_recv=129929	 packets_sent=75	 packets_recv=112	 errin=0	 errout=0	 dropin=0	 dropout=0	read_count=0	 write_count=0	 read_bytes=0	 write_bytes=0	
Time=14:36:16	CPU0 Usage=6.1	CPU0time_system=4984.23	CPU0time_idle=73758.35	ram_available=1158803456	ram_percent=44.8	swap_used=12263424	swap_percent=0.6	bytes_sent=32754	 bytes_recv=385424	 packets_sent=218	 packets_recv=330	 errin=0	 errout=0	 dropin=0	 dropout=0	read_count=0	 write_count=5	 read_bytes=0	 write_bytes=24576	
Time=14:36:18	CPU0 Usage=5.0	CPU0time_system=4984.32	CPU0time_idle=73760.24	ram_available=1158492160	ram_percent=44.8	swap_used=12263424	swap_percent=0.6	bytes_sent=19707	 bytes_recv=232488	 packets_sent=131	 packets_recv=190	 errin=0	 errout=0	 dropin=0	 dropout=0	read_count=0	 write_count=0	 read_bytes=0	 write_bytes=0	
Time=14:36:20	CPU0 Usage=3.0	CPU0time_system=4984.38	CPU0time_idle=73762.17	ram_available=1158397952	ram_percent=44.8	swap_used=12263424	swap_percent=0.6	bytes_sent=5576	 bytes_recv=69008	 packets_sent=40	 packets_recv=62	 errin=0	 errout=0	 dropin=0	 dropout=0	read_count=0	 write_count=2	 read_bytes=0	 write_bytes=8192	
Time=14:36:22	CPU0 Usage=2.5	CPU0time_system=4984.42	CPU0time_idle=73764.11	ram_available=1158365184	ram_percent=44.8	swap_used=12263424	swap_percent=0.6	bytes_sent=3848	 bytes_recv=41646	 packets_sent=25	 packets_recv=38	 errin=0	 errout=0	 dropin=0	 dropout=0	read_count=0	 write_count=0	 read_bytes=0	 write_bytes=0	
Time=14:36:24	CPU0 Usage=18.6	CPU0time_system=4984.6	CPU0time_idle=73765.73	ram_available=1212116992	ram_percent=42.2	swap_used=12263424	swap_percent=0.6	bytes_sent=15756	 bytes_recv=192326	 packets_sent=107	 packets_recv=154	 errin=0	 errout=0	 dropin=0	 dropout=0	read_count=0	 write_count=0	 read_bytes=0	 write_bytes=0	
Time=14:36:26	CPU0 Usage=19.1	CPU0time_system=4984.68	CPU0time_idle=73767.34	ram_available=1202442240	ram_percent=42.7	swap_used=12263424	swap_percent=0.6	bytes_sent=10628	 bytes_recv=124213	 packets_sent=72	 packets_recv=107	 errin=0	 errout=0	 dropin=0	 dropout=0	read_count=0	 write_count=5	 read_bytes=0	 write_bytes=24576	
Time=14:36:28	CPU0 Usage=49.5	CPU0time_system=4984.72	CPU0time_idle=73768.34	ram_available=1194659840	ram_percent=43.0	swap_used=12263424	swap_percent=0.6	bytes_sent=7392	 bytes_recv=84401	 packets_sent=50	 packets_recv=78	 errin=0	 errout=0	 dropin=0	 dropout=0	read_count=0	 write_count=0	 read_bytes=0	 write_bytes=0	
Time=14:36:30	CPU0 Usage=95.5	CPU0time_system=4984.77	CPU0time_idle=73768.43	ram_available=1188691968	ram_percent=43.3	swap_used=12263424	swap_percent=0.6	bytes_sent=14750	 bytes_recv=169561	 packets_sent=100	 packets_recv=147	 errin=0	 errout=0	 dropin=0	 dropout=0	read_count=0	 write_count=2	 read_bytes=0	 write_bytes=8192	
Time=14:36:32	CPU0 Usage=97.0	CPU0time_system=4984.83	CPU0time_idle=73768.49	ram_available=1184628736	ram_percent=43.5	swap_used=12263424	swap_percent=0.6	bytes_sent=16331	 bytes_recv=201640	 packets_sent=113	 packets_recv=170	 errin=0	 errout=0	 dropin=0	 dropout=0	read_count=0	 write_count=0	 read_bytes=0	 write_bytes=0	
Time=14:36:34	CPU0 Usage=97.0	CPU0time_system=4984.87	CPU0time_idle=73768.55	ram_available=1180532736	ram_percent=43.7	swap_used=12263424	swap_percent=0.6	bytes_sent=10827	 bytes_recv=135251	 packets_sent=77	 packets_recv=120	 errin=0	 errout=0	 dropin=0	 dropout=0	read_count=0	 write_count=0	 read_bytes=0	 write_bytes=0	
Time=14:36:36	CPU0 Usage=97.0	CPU0time_system=4984.9	CPU0time_idle=73768.61	ram_available=1176629248	ram_percent=43.9	swap_used=12263424	swap_percent=0.6	bytes_sent=9519	 bytes_recv=120772	 packets_sent=67	 packets_recv=99	 errin=0	 errout=0	 dropin=0	 dropout=0	read_count=0	 write_count=0	 read_bytes=0	 write_bytes=0	
Time=14:36:38	CPU0 Usage=98.5	CPU0time_system=4984.95	CPU0time_idle=73768.64	ram_available=1174249472	ram_percent=44.0	swap_used=12263424	swap_percent=0.6	bytes_sent=32606	 bytes_recv=225231	 packets_sent=127	 packets_recv=198	 errin=0	 errout=0	 dropin=0	 dropout=0	read_count=0	 write_count=0	 read_bytes=0	 write_bytes=0	
Time=14:36:40	CPU0 Usage=97.5	CPU0time_system=4984.99	CPU0time_idle=73768.69	ram_available=1169928192	ram_percent=44.2	swap_used=12263424	swap_percent=0.6	bytes_sent=14084	 bytes_recv=177056	 packets_sent=98	 packets_recv=150	 errin=0	 errout=0	 dropin=0	 dropout=0	read_count=0	 write_count=0	 read_bytes=0	 write_bytes=0	
Time=14:36:42	CPU0 Usage=98.5	CPU0time_system=4985.03	CPU0time_idle=73768.72	ram_available=1167802368	ram_percent=44.3	swap_used=12263424	swap_percent=0.6	bytes_sent=17965	 bytes_recv=215944	 packets_sent=118	 packets_recv=176	 errin=0	 errout=0	 dropin=0	 dropout=0	read_count=0	 write_count=0	 read_bytes=0	 write_bytes=0	
Time=14:36:44	CPU0 Usage=98.0	CPU0time_system=4985.07	CPU0time_idle=73768.76	ram_available=1165484032	ram_percent=44.4	swap_used=12263424	swap_percent=0.6	bytes_sent=11883	 bytes_recv=147636	 packets_sent=85	 packets_recv=132	 errin=0	 errout=0	 dropin=0	 dropout=0	read_count=0	 write_count=0	 read_bytes=0	 write_bytes=0	
Time=14:36:46	CPU0 Usage=99.0	CPU0time_system=4985.13	CPU0time_idle=73768.78	ram_available=1163169792	ram_percent=44.5	swap_used=12263424	swap_percent=0.6	bytes_sent=22578	 bytes_recv=284635	 packets_sent=157	 packets_recv=237	 errin=0	 errout=0	 dropin=0	 dropout=0	read_count=0	 write_count=0	 read_bytes=0	 write_bytes=0	
Time=14:36:48	CPU0 Usage=100.0	CPU0time_system=4985.15	CPU0time_idle=73768.78	ram_available=1162784768	ram_percent=44.6	swap_used=12263424	swap_percent=0.6	bytes_sent=9583	 bytes_recv=112742	 packets_sent=62	 packets_recv=97	 errin=0	 errout=0	 dropin=0	 dropout=0	read_count=0	 write_count=0	 read_bytes=0	 write_bytes=0	
Time=14:36:50	CPU0 Usage=98.5	CPU0time_system=4985.18	CPU0time_idle=73768.81	ram_available=1160626176	ram_percent=44.7	swap_used=12263424	swap_percent=0.6	bytes_sent=8083	 bytes_recv=106083	 packets_sent=55	 packets_recv=87	 errin=0	 errout=0	 dropin=0	 dropout=0	read_count=0	 write_count=0	 read_bytes=0	 write_bytes=0	
Time=14:36:52	CPU0 Usage=98.5	CPU0time_system=4985.25	CPU0time_idle=73768.84	ram_available=1158221824	ram_percent=44.8	swap_used=12263424	swap_percent=0.6	bytes_sent=35604	 bytes_recv=436218	 packets_sent=242	 packets_recv=364	 errin=0	 errout=0	 dropin=0	 dropout=0	read_count=0	 write_count=0	 read_bytes=0	 write_bytes=0	
Time=14:36:54	CPU0 Usage=98.5	CPU0time_system=4985.27	CPU0time_idle=73768.87	ram_available=1156157440	ram_percent=44.9	swap_used=12263424	swap_percent=0.6	bytes_sent=6172	 bytes_recv=71153	 packets_sent=40	 packets_recv=57	 errin=0	 errout=0	 dropin=0	 dropout=0	read_count=0	 write_count=0	 read_bytes=0	 write_bytes=0	
Time=14:36:56	CPU0 Usage=67.3	CPU0time_system=4985.32	CPU0time_idle=73769.53	ram_available=1154093056	ram_percent=45.0	swap_used=12263424	swap_percent=0.6	bytes_sent=12553	 bytes_recv=152184	 packets_sent=87	 packets_recv=130	 errin=0	 errout=0	 dropin=0	 dropout=0	read_count=0	 write_count=0	 read_bytes=0	 write_bytes=0	
Time=14:36:59	CPU0 Usage=3.6	CPU0time_system=4985.37	CPU0time_idle=73771.42	ram_available=1153581056	ram_percent=45.0	swap_used=12263424	swap_percent=0.6	bytes_sent=12555	 bytes_recv=156898	 packets_sent=85	 packets_recv=133	 errin=0	 errout=0	 dropin=0	 dropout=0	read_count=0	 write_count=0	 read_bytes=0	 write_bytes=0	
Time=14:37:01	CPU0 Usage=4.0	CPU0time_system=4985.44	CPU0time_idle=73773.33	ram_available=1153294336	ram_percent=45.0	swap_used=12263424	swap_percent=0.6	bytes_sent=11485	 bytes_recv=136406	 packets_sent=80	 packets_recv=122	 errin=0	 errout=0	 dropin=0	 dropout=0	read_count=0	 write_count=0	 read_bytes=0	 write_bytes=0	
Time=14:37:03	CPU0 Usage=6.5	CPU0time_system=4985.56	CPU0time_idle=73775.19	ram_available=1164832768	ram_percent=44.5	swap_used=12263424	swap_percent=0.6	bytes_sent=23874	 bytes_recv=299264	 packets_sent=161	 packets_recv=248	 errin=0	 errout=0	 dropin=0	 dropout=0	read_count=0	 write_count=0	 read_bytes=0	 write_bytes=0	
Time=14:37:05	CPU0 Usage=3.0	CPU0time_system=4985.61	CPU0time_idle=73777.12	ram_available=1164832768	ram_percent=44.5	swap_used=12263424	swap_percent=0.6	bytes_sent=3774	 bytes_recv=46446	 packets_sent=27	 packets_recv=41	 errin=0	 errout=0	 dropin=0	 dropout=0	read_count=0	 write_count=0	 read_bytes=0	 write_bytes=0	
Time=14:37:07	CPU0 Usage=4.5	CPU0time_system=4985.69	CPU0time_idle=73779.01	ram_available=1164767232	ram_percent=44.5	swap_used=12263424	swap_percent=0.6	bytes_sent=16033	 bytes_recv=190297	 packets_sent=106	 packets_recv=165	 errin=0	 errout=0	 dropin=0	 dropout=0	read_count=0	 write_count=0	 read_bytes=0	 write_bytes=0	
Time=14:37:09	CPU0 Usage=7.5	CPU0time_system=4985.82	CPU0time_idle=73780.87	ram_available=1164800000	ram_percent=44.5	swap_used=12263424	swap_percent=0.6	bytes_sent=28194	 bytes_recv=350354	 packets_sent=196	 packets_recv=292	 errin=0	 errout=0	 dropin=0	 dropout=0	read_count=0	 write_count=0	 read_bytes=0	 write_bytes=0	
Time=14:37:11	CPU0 Usage=2.0	CPU0time_system=4985.86	CPU0time_idle=73782.81	ram_available=1164832768	ram_percent=44.5	swap_used=12263424	swap_percent=0.6	bytes_sent=3732	 bytes_recv=42220	 packets_sent=26	 packets_recv=35	 errin=0	 errout=0	 dropin=0	 dropout=0	read_count=0	 write_count=0	 read_bytes=0	 write_bytes=0	
Time=14:37:13	CPU0 Usage=4.0	CPU0time_system=4985.94	CPU0time_idle=73784.72	ram_available=1164705792	ram_percent=44.5	swap_used=12263424	swap_percent=0.6	bytes_sent=13346	 bytes_recv=163475	 packets_sent=93	 packets_recv=143	 errin=0	 errout=0	 dropin=0	 dropout=0	read_count=0	 write_count=0	 read_bytes=0	 write_bytes=0	
Time=14:37:15	CPU0 Usage=5.5	CPU0time_system=4986.04	CPU0time_idle=73786.62	ram_available=1164226560	ram_percent=44.5	swap_used=12263424	swap_percent=0.6	bytes_sent=13880	 bytes_recv=173132	 packets_sent=94	 packets_recv=143	 errin=0	 errout=0	 dropin=0	 dropout=0	read_count=0	 write_count=0	 read_bytes=0	 write_bytes=0	
Time=14:37:17	CPU0 Usage=3.0	CPU0time_system=4986.1	CPU0time_idle=73788.53	ram_available=1163911168	ram_percent=44.5	swap_used=12263424	swap_percent=0.6	bytes_sent=12158	 bytes_recv=145691	 packets_sent=83	 packets_recv=125	 errin=0	 errout=0	 dropin=0	 dropout=0	read_count=0	 write_count=0	 read_bytes=0	 write_bytes=0	
Time=14:37:19	CPU0 Usage=4.5	CPU0time_system=4986.17	CPU0time_idle=73790.44	ram_available=1163915264	ram_percent=44.5	swap_used=12263424	swap_percent=0.6	bytes_sent=13262	 bytes_recv=149232	 packets_sent=92	 packets_recv=130	 errin=0	 errout=0	 dropin=0	 dropout=0	read_count=0	 write_count=0	 read_bytes=0	 write_bytes=0	
Time=14:37:21	CPU0 Usage=3.0	CPU0time_system=4986.22	CPU0time_idle=73792.37	ram_available=1163755520	ram_percent=44.5	swap_used=12263424	swap_percent=0.6	bytes_sent=5898	 bytes_recv=70093	 packets_sent=38	 packets_recv=59	 errin=0	 errout=0	 dropin=0	 dropout=0	read_count=0	 write_count=0	 read_bytes=0	 write_bytes=0	
Time=14:37:23	CPU0 Usage=4.5	CPU0time_system=4986.3	CPU0time_idle=73794.27	ram_available=1163468800	ram_percent=44.5	swap_used=12263424	swap_percent=0.6	bytes_sent=16206	 bytes_recv=201483	 packets_sent=110	 packets_recv=168	 errin=0	 errout=0	 dropin=0	 dropout=0	read_count=0	 write_count=0	 read_bytes=0	 write_bytes=0	
Time=14:37:25	CPU0 Usage=5.4	CPU0time_system=4986.4	CPU0time_idle=73796.18	ram_available=1163247616	ram_percent=44.5	swap_used=12263424	swap_percent=0.6	bytes_sent=11436	 bytes_recv=141013	 packets_sent=77	 packets_recv=116	 errin=0	 errout=0	 dropin=0	 dropout=0	read_count=0	 write_count=0	 read_bytes=0	 write_bytes=0	
Time=14:37:27	CPU0 Usage=6.0	CPU0time_system=4986.5	CPU0time_idle=73798.05	ram_available=1162641408	ram_percent=44.6	swap_used=12263424	swap_percent=0.6	bytes_sent=27226	 bytes_recv=339394	 packets_sent=187	 packets_recv=280	 errin=0	 errout=0	 dropin=0	 dropout=0	read_count=0	 write_count=0	 read_bytes=0	 write_bytes=0	
Time=14:37:29	CPU0 Usage=3.0	CPU0time_system=4986.55	CPU0time_idle=73799.98	ram_available=1162674176	ram_percent=44.6	swap_used=12263424	swap_percent=0.6	bytes_sent=21094	 bytes_recv=81207	 packets_sent=53	 packets_recv=72	 errin=0	 errout=0	 dropin=0	 dropout=0	read_count=0	 write_count=0	 read_bytes=0	 write_bytes=0	
Time=14:37:31	CPU0 Usage=5.1	CPU0time_system=4986.64	CPU0time_idle=73801.85	ram_available=1162166272	ram_percent=44.6	swap_used=12263424	swap_percent=0.6	bytes_sent=23938	 bytes_recv=288656	 packets_sent=164	 packets_recv=242	 errin=0	 errout=0	 dropin=0	 dropout=0	read_count=0	 write_count=0	 read_bytes=0	 write_bytes=0	
Time=14:37:33	CPU0 Usage=4.5	CPU0time_system=4986.72	CPU0time_idle=73803.75	ram_available=1162006528	ram_percent=44.6	swap_used=12263424	swap_percent=0.6	bytes_sent=15522	 bytes_recv=184748	 packets_sent=108	 packets_recv=159	 errin=0	 errout=0	 dropin=0	 dropout=0	read_count=0	 write_count=0	 read_bytes=0	 write_bytes=0	
Time=14:37:35	CPU0 Usage=4.0	CPU0time_system=4986.8	CPU0time_idle=73805.66	ram_available=1161752576	ram_percent=44.6	swap_used=12263424	swap_percent=0.6	bytes_sent=12821	 bytes_recv=155006	 packets_sent=89	 packets_recv=131	 errin=0	 errout=0	 dropin=0	 dropout=0	read_count=0	 write_count=0	 read_bytes=0	 write_bytes=0	
Time=14:37:37	CPU0 Usage=3.0	CPU0time_system=4986.86	CPU0time_idle=73807.59	ram_available=1161592832	ram_percent=44.6	swap_used=12263424	swap_percent=0.6	bytes_sent=5782	 bytes_recv=73518	 packets_sent=39	 packets_recv=61	 errin=0	 errout=0	 dropin=0	 dropout=0	read_count=0	 write_count=0	 read_bytes=0	 write_bytes=0	
Time=14:37:39	CPU0 Usage=8.4	CPU0time_system=4987.01	CPU0time_idle=73809.45	ram_available=1161150464	ram_percent=44.6	swap_used=12263424	swap_percent=0.6	bytes_sent=28156	 bytes_recv=347656	 packets_sent=188	 packets_recv=290	 errin=0	 errout=0	 dropin=0	 dropout=0	read_count=0	 write_count=0	 read_bytes=0	 write_bytes=0	
Time=14:37:41	CPU0 Usage=3.5	CPU0time_system=4987.08	CPU0time_idle=73811.36	ram_available=1160929280	ram_percent=44.7	swap_used=12263424	swap_percent=0.6	bytes_sent=10067	 bytes_recv=123697	 packets_sent=66	 packets_recv=99	 errin=0	 errout=0	 dropin=0	 dropout=0	read_count=0	 write_count=0	 read_bytes=0	 write_bytes=0	
Time=14:37:43	CPU0 Usage=4.5	CPU0time_system=4987.16	CPU0time_idle=73813.27	ram_available=1160544256	ram_percent=44.7	swap_used=12263424	swap_percent=0.6	bytes_sent=12669	 bytes_recv=154095	 packets_sent=89	 packets_recv=138	 errin=0	 errout=0	 dropin=0	 dropout=0	read_count=0	 write_count=0	 read_bytes=0	 write_bytes=0	
Time=14:37:45	CPU0 Usage=3.0	CPU0time_system=4987.22	CPU0time_idle=73815.18	ram_available=1160224768	ram_percent=44.7	swap_used=12263424	swap_percent=0.6	bytes_sent=11104	 bytes_recv=130824	 packets_sent=77	 packets_recv=108	 errin=0	 errout=0	 dropin=0	 dropout=0	read_count=0	 write_count=0	 read_bytes=0	 write_bytes=0	
Time=14:37:47	CPU0 Usage=3.0	CPU0time_system=4987.27	CPU0time_idle=73817.12	ram_available=1160196096	ram_percent=44.7	swap_used=12263424	swap_percent=0.6	bytes_sent=5809	 bytes_recv=73361	 packets_sent=40	 packets_recv=62	 errin=0	 errout=0	 dropin=0	 dropout=0	read_count=0	 write_count=0	 read_bytes=0	 write_bytes=0	
Time=14:37:49	CPU0 Usage=6.9	CPU0time_system=4987.39	CPU0time_idle=73819.0	ram_available=1159942144	ram_percent=44.7	swap_used=12263424	swap_percent=0.6	bytes_sent=20745	 bytes_recv=249058	 packets_sent=144	 packets_recv=218	 errin=0	 errout=0	 dropin=0	 dropout=0	read_count=0	 write_count=0	 read_bytes=0	 write_bytes=0	
Time=14:37:51	CPU0 Usage=2.5	CPU0time_system=4987.43	CPU0time_idle=73820.93	ram_available=1159688192	ram_percent=44.7	swap_used=12263424	swap_percent=0.6	bytes_sent=5724	 bytes_recv=71355	 packets_sent=39	 packets_recv=58	 errin=0	 errout=0	 dropin=0	 dropout=0	read_count=0	 write_count=0	 read_bytes=0	 write_bytes=0	
Time=14:37:53	CPU0 Usage=8.5	CPU0time_system=4987.59	CPU0time_idle=73822.77	ram_available=1158852608	ram_percent=44.8	swap_used=12263424	swap_percent=0.6	bytes_sent=33965	 bytes_recv=427640	 packets_sent=230	 packets_recv=346	 errin=0	 errout=0	 dropin=0	 dropout=0	read_count=0	 write_count=0	 read_bytes=0	 write_bytes=0	
Time=14:37:55	CPU0 Usage=4.0	CPU0time_system=4987.66	CPU0time_idle=73824.67	ram_available=1158627328	ram_percent=44.8	swap_used=12263424	swap_percent=0.6	bytes_sent=14920	 bytes_recv=186740	 packets_sent=102	 packets_recv=155	 errin=0	 errout=0	 dropin=0	 dropout=0	read_count=0	 write_count=0	 read_bytes=0	 write_bytes=0	
Time=14:37:57	CPU0 Usage=4.0	CPU0time_system=4987.74	CPU0time_idle=73826.59	ram_available=1158373376	ram_percent=44.8	swap_used=12263424	swap_percent=0.6	bytes_sent=10293	 bytes_recv=126183	 packets_sent=71	 packets_recv=109	 errin=0	 errout=0	 dropin=0	 dropout=0	read_count=0	 write_count=0	 read_bytes=0	 write_bytes=0	
Time=14:37:59	CPU0 Usage=4.0	CPU0time_system=4987.81	CPU0time_idle=73828.5	ram_available=1158152192	ram_percent=44.8	swap_used=12263424	swap_percent=0.6	bytes_sent=9526	 bytes_recv=108774	 packets_sent=62	 packets_recv=90	 errin=0	 errout=0	 dropin=0	 dropout=0	read_count=0	 write_count=0	 read_bytes=0	 write_bytes=0	
Time=14:38:01	CPU0 Usage=5.6	CPU0time_system=4987.9	CPU0time_idle=73830.37	ram_available=1157640192	ram_percent=44.8	swap_used=12263424	swap_percent=0.6	bytes_sent=25214	 bytes_recv=310786	 packets_sent=174	 packets_recv=262	 errin=0	 errout=0	 dropin=0	 dropout=0	read_count=0	 write_count=0	 read_bytes=0	 write_bytes=0	
Time=14:38:03	CPU0 Usage=5.0	CPU0time_system=4987.98	CPU0time_idle=73832.27	ram_available=1157611520	ram_percent=44.8	swap_used=12263424	swap_percent=0.6	bytes_sent=15654	 bytes_recv=185748	 packets_sent=109	 packets_recv=156	 errin=0	 errout=0	 dropin=0	 dropout=0	read_count=0	 write_count=0	 read_bytes=0	 write_bytes=0	
Time=14:38:05	CPU0 Usage=5.5	CPU0time_system=4988.08	CPU0time_idle=73834.15	ram_available=1157136384	ram_percent=44.8	swap_used=12263424	swap_percent=0.6	bytes_sent=20953	 bytes_recv=254220	 packets_sent=139	 packets_recv=213	 errin=0	 errout=0	 dropin=0	 dropout=0	read_count=0	 write_count=0	 read_bytes=0	 write_bytes=0	
Time=14:38:07	CPU0 Usage=4.0	CPU0time_system=4988.16	CPU0time_idle=73836.05	ram_available=1156882432	ram_percent=44.8	swap_used=12263424	swap_percent=0.6	bytes_sent=15291	 bytes_recv=184544	 packets_sent=104	 packets_recv=161	 errin=0	 errout=0	 dropin=0	 dropout=0	read_count=0	 write_count=0	 read_bytes=0	 write_bytes=0	
Time=14:38:09	CPU0 Usage=3.0	CPU0time_system=4988.22	CPU0time_idle=73837.97	ram_available=1156628480	ram_percent=44.9	swap_used=12263424	swap_percent=0.6	bytes_sent=10442	 bytes_recv=127140	 packets_sent=70	 packets_recv=109	 errin=0	 errout=0	 dropin=0	 dropout=0	read_count=0	 write_count=0	 read_bytes=0	 write_bytes=0	
Time=14:38:11	CPU0 Usage=3.6	CPU0time_system=4988.28	CPU0time_idle=73839.87	ram_available=1156505600	ram_percent=44.9	swap_used=12263424	swap_percent=0.6	bytes_sent=14673	 bytes_recv=185236	 packets_sent=101	 packets_recv=152	 errin=0	 errout=0	 dropin=0	 dropout=0	read_count=0	 write_count=0	 read_bytes=0	 write_bytes=0	
Time=14:38:13	CPU0 Usage=6.6	CPU0time_system=4988.39	CPU0time_idle=73841.72	ram_available=1155964928	ram_percent=44.9	swap_used=12263424	swap_percent=0.6	bytes_sent=28677	 bytes_recv=355971	 packets_sent=200	 packets_recv=301	 errin=0	 errout=0	 dropin=0	 dropout=0	read_count=0	 write_count=0	 read_bytes=0	 write_bytes=0	
Time=14:38:15	CPU0 Usage=3.0	CPU0time_system=4988.45	CPU0time_idle=73843.66	ram_available=1155932160	ram_percent=44.9	swap_used=12263424	swap_percent=0.6	bytes_sent=4457	 bytes_recv=51902	 packets_sent=31	 packets_recv=47	 errin=0	 errout=0	 dropin=0	 dropout=0	read_count=0	 write_count=0	 read_bytes=0	 write_bytes=0	
Time=14:38:17	CPU0 Usage=4.0	CPU0time_system=4988.52	CPU0time_idle=73845.56	ram_available=1155551232	ram_percent=44.9	swap_used=12263424	swap_percent=0.6	bytes_sent=14898	 bytes_recv=186730	 packets_sent=100	 packets_recv=156	 errin=0	 errout=0	 dropin=0	 dropout=0	read_count=0	 write_count=0	 read_bytes=0	 write_bytes=0	
Time=14:38:19	CPU0 Usage=1.5	CPU0time_system=4988.54	CPU0time_idle=73847.51	ram_available=1155551232	ram_percent=44.9	swap_used=12263424	swap_percent=0.6	bytes_sent=14558	 bytes_recv=264	 packets_sent=7	 packets_recv=4	 errin=0	 errout=0	 dropin=0	 dropout=0	read_count=0	 write_count=0	 read_bytes=0	 write_bytes=0	
Time=14:38:21	CPU0 Usage=4.5	CPU0time_system=4988.62	CPU0time_idle=73849.41	ram_available=1155235840	ram_percent=44.9	swap_used=12263424	swap_percent=0.6	bytes_sent=15445	 bytes_recv=191096	 packets_sent=105	 packets_recv=155	 errin=0	 errout=0	 dropin=0	 dropout=0	read_count=0	 write_count=0	 read_bytes=0	 write_bytes=0	
Time=14:38:23	CPU0 Usage=5.0	CPU0time_system=4988.71	CPU0time_idle=73851.32	ram_available=1154916352	ram_percent=44.9	swap_used=12263424	swap_percent=0.6	bytes_sent=11705	 bytes_recv=146531	 packets_sent=81	 packets_recv=126	 errin=0	 errout=0	 dropin=0	 dropout=0	read_count=0	 write_count=0	 read_bytes=0	 write_bytes=0	
Time=14:38:25	CPU0 Usage=21.1	CPU0time_system=4988.92	CPU0time_idle=73852.89	ram_available=1208442880	ram_percent=42.4	swap_used=12263424	swap_percent=0.6	bytes_sent=29179	 bytes_recv=352784	 packets_sent=200	 packets_recv=293	 errin=0	 errout=0	 dropin=0	 dropout=0	read_count=0	 write_count=0	 read_bytes=0	 write_bytes=0	
Time=14:38:27	CPU0 Usage=20.3	CPU0time_system=4989.02	CPU0time_idle=73854.46	ram_available=1198342144	ram_percent=42.9	swap_used=12263424	swap_percent=0.6	bytes_sent=21349	 bytes_recv=275980	 packets_sent=145	 packets_recv=224	 errin=0	 errout=0	 dropin=0	 dropout=0	read_count=0	 write_count=0	 read_bytes=0	 write_bytes=0	
Time=14:38:29	CPU0 Usage=50.5	CPU0time_system=4989.06	CPU0time_idle=73855.44	ram_available=1190596608	ram_percent=43.2	swap_used=12263424	swap_percent=0.6	bytes_sent=3150	 bytes_recv=38016	 packets_sent=23	 packets_recv=35	 errin=0	 errout=0	 dropin=0	 dropout=0	read_count=0	 write_count=0	 read_bytes=0	 write_bytes=0	
Time=14:38:31	CPU0 Usage=95.5	CPU0time_system=4989.09	CPU0time_idle=73855.53	ram_available=1184645120	ram_percent=43.5	swap_used=12263424	swap_percent=0.6	bytes_sent=15191	 bytes_recv=185685	 packets_sent=105	 packets_recv=158	 errin=0	 errout=0	 dropin=0	 dropout=0	read_count=0	 write_count=0	 read_bytes=0	 write_bytes=0	
Time=14:38:33	CPU0 Usage=97.0	CPU0time_system=4989.15	CPU0time_idle=73855.59	ram_available=1180266496	ram_percent=43.7	swap_used=12263424	swap_percent=0.6	bytes_sent=26065	 bytes_recv=318114	 packets_sent=175	 packets_recv=272	 errin=0	 errout=0	 dropin=0	 dropout=0	read_count=0	 write_count=0	 read_bytes=0	 write_bytes=0	
Time=14:38:35	CPU0 Usage=97.5	CPU0time_system=4989.18	CPU0time_idle=73855.64	ram_available=1176522752	ram_percent=43.9	swap_used=12263424	swap_percent=0.6	bytes_sent=6132	 bytes_recv=75940	 packets_sent=42	 packets_recv=60	 errin=0	 errout=0	 dropin=0	 dropout=0	read_count=0	 write_count=0	 read_bytes=0	 write_bytes=0	
Time=14:38:37	CPU0 Usage=97.0	CPU0time_system=4989.21	CPU0time_idle=73855.7	ram_available=1172361216	ram_percent=44.1	swap_used=12263424	swap_percent=0.6	bytes_sent=15151	 bytes_recv=182593	 packets_sent=104	 packets_recv=151	 errin=0	 errout=0	 dropin=0	 dropout=0	read_count=0	 write_count=0	 read_bytes=0	 write_bytes=0	
Time=14:38:39	CPU0 Usage=98.0	CPU0time_system=4989.28	CPU0time_idle=73855.74	ram_available=1170141184	ram_percent=44.2	swap_used=12263424	swap_percent=0.6	bytes_sent=27188	 bytes_recv=322982	 packets_sent=185	 packets_recv=271	 errin=0	 errout=0	 dropin=0	 dropout=0	read_count=0	 write_count=0	 read_bytes=0	 write_bytes=0	
Time=14:38:41	CPU0 Usage=97.0	CPU0time_system=4989.3	CPU0time_idle=73855.8	ram_available=1165979648	ram_percent=44.4	swap_used=12263424	swap_percent=0.6	bytes_sent=6738	 bytes_recv=76170	 packets_sent=43	 packets_recv=68	 errin=0	 errout=0	 dropin=0	 dropout=0	read_count=0	 write_count=0	 read_bytes=0	 write_bytes=0	
Time=14:38:43	CPU0 Usage=99.0	CPU0time_system=4989.36	CPU0time_idle=73855.82	ram_available=1163767808	ram_percent=44.5	swap_used=12263424	swap_percent=0.6	bytes_sent=17858	 bytes_recv=223739	 packets_sent=121	 packets_recv=185	 errin=0	 errout=0	 dropin=0	 dropout=0	read_count=0	 write_count=0	 read_bytes=0	 write_bytes=0	
Time=14:38:45	CPU0 Usage=98.0	CPU0time_system=4989.41	CPU0time_idle=73855.86	ram_available=1161609216	ram_percent=44.6	swap_used=12263424	swap_percent=0.6	bytes_sent=14170	 bytes_recv=175924	 packets_sent=98	 packets_recv=148	 errin=0	 errout=0	 dropin=0	 dropout=0	read_count=0	 write_count=0	 read_bytes=0	 write_bytes=0	
Time=14:38:47	CPU0 Usage=99.0	CPU0time_system=4989.44	CPU0time_idle=73855.88	ram_available=1159610368	ram_percent=44.7	swap_used=12263424	swap_percent=0.6	bytes_sent=13979	 bytes_recv=165017	 packets_sent=97	 packets_recv=144	 errin=0	 errout=0	 dropin=0	 dropout=0	read_count=0	 write_count=0	 read_bytes=0	 write_bytes=0	
Time=14:38:49	CPU0 Usage=100.0	CPU0time_system=4989.5	CPU0time_idle=73855.88	ram_available=1171509248	ram_percent=44.1	swap_used=12263424	swap_percent=0.6	bytes_sent=24006	 bytes_recv=287044	 packets_sent=165	 packets_recv=248	 errin=0	 errout=0	 dropin=0	 dropout=0	read_count=0	 write_count=0	 read_bytes=0	 write_bytes=0	
Time=14:38:51	CPU0 Usage=98.5	CPU0time_system=4989.53	CPU0time_idle=73855.91	ram_available=1169956864	ram_percent=44.2	swap_used=12263424	swap_percent=0.6	bytes_sent=11584	 bytes_recv=144486	 packets_sent=79	 packets_recv=118	 errin=0	 errout=0	 dropin=0	 dropout=0	read_count=0	 write_count=0	 read_bytes=0	 write_bytes=0	
Time=14:38:53	CPU0 Usage=98.5	CPU0time_system=4989.55	CPU0time_idle=73855.94	ram_available=1168052224	ram_percent=44.3	swap_used=12263424	swap_percent=0.6	bytes_sent=6512	 bytes_recv=75288	 packets_sent=46	 packets_recv=64	 errin=0	 errout=0	 dropin=0	 dropout=0	read_count=0	 write_count=0	 read_bytes=0	 write_bytes=0	
Time=14:38:55	CPU0 Usage=98.5	CPU0time_system=4989.61	CPU0time_idle=73855.97	ram_available=1166180352	ram_percent=44.4	swap_used=12263424	swap_percent=0.6	bytes_sent=20279	 bytes_recv=249636	 packets_sent=140	 packets_recv=210	 errin=0	 errout=0	 dropin=0	 dropout=0	read_count=0	 write_count=0	 read_bytes=0	 write_bytes=0	
Time=14:38:57	CPU0 Usage=65.2	CPU0time_system=4989.66	CPU0time_idle=73856.67	ram_available=1164144640	ram_percent=44.5	swap_used=12263424	swap_percent=0.6	bytes_sent=10469	 bytes_recv=127620	 packets_sent=68	 packets_recv=108	 errin=0	 errout=0	 dropin=0	 dropout=0	read_count=0	 write_count=0	 read_bytes=0	 write_bytes=0	
Time=14:38:59	CPU0 Usage=6.0	CPU0time_system=4989.74	CPU0time_idle=73858.54	ram_available=1164144640	ram_percent=44.5	swap_used=12263424	swap_percent=0.6	bytes_sent=18194	 bytes_recv=209652	 packets_sent=122	 packets_recv=178	 errin=0	 errout=0	 dropin=0	 dropout=0	read_count=0	 write_count=0	 read_bytes=0	 write_bytes=0	
Time=14:39:01	CPU0 Usage=4.0	CPU0time_system=4989.82	CPU0time_idle=73860.45	ram_available=1164050432	ram_percent=44.5	swap_used=12263424	swap_percent=0.6	bytes_sent=13374	 bytes_recv=168337	 packets_sent=93	 packets_recv=143	 errin=0	 errout=0	 dropin=0	 dropout=0	read_count=0	 write_count=0	 read_bytes=0	 write_bytes=0	
Time=14:39:03	CPU0 Usage=4.5	CPU0time_system=4989.88	CPU0time_idle=73862.36	ram_available=1163829248	ram_percent=44.5	swap_used=12263424	swap_percent=0.6	bytes_sent=13975	 bytes_recv=161832	 packets_sent=91	 packets_recv=136	 errin=0	 errout=0	 dropin=0	 dropout=0	read_count=0	 write_count=0	 read_bytes=0	 write_bytes=0	
Time=14:39:05	CPU0 Usage=3.0	CPU0time_system=4989.93	CPU0time_idle=73864.28	ram_available=1163636736	ram_percent=44.5	swap_used=12263424	swap_percent=0.6	bytes_sent=5283	 bytes_recv=60784	 packets_sent=36	 packets_recv=56	 errin=0	 errout=0	 dropin=0	 dropout=0	read_count=0	 write_count=0	 read_bytes=0	 write_bytes=0	
Time=14:39:07	CPU0 Usage=3.5	CPU0time_system=4989.98	CPU0time_idle=73866.2	ram_available=1163575296	ram_percent=44.5	swap_used=12263424	swap_percent=0.6	bytes_sent=8058	 bytes_recv=92337	 packets_sent=55	 packets_recv=83	 errin=0	 errout=0	 dropin=0	 dropout=0	read_count=0	 write_count=0	 read_bytes=0	 write_bytes=0	
Time=14:39:09	CPU0 Usage=5.6	CPU0time_system=4990.09	CPU0time_idle=73868.06	ram_available=1163259904	ram_percent=44.5	swap_used=12263424	swap_percent=0.6	bytes_sent=25344	 bytes_recv=310249	 packets_sent=172	 packets_recv=254	 errin=0	 errout=0	 dropin=0	 dropout=0	read_count=0	 write_count=0	 read_bytes=0	 write_bytes=0	
Time=14:39:11	CPU0 Usage=4.0	CPU0time_system=4990.15	CPU0time_idle=73870.0	ram_available=1163132928	ram_percent=44.5	swap_used=12263424	swap_percent=0.6	bytes_sent=19665	 bytes_recv=60662	 packets_sent=42	 packets_recv=56	 errin=0	 errout=0	 dropin=0	 dropout=0	read_count=0	 write_count=0	 read_bytes=0	 write_bytes=0	
Time=14:39:13	CPU0 Usage=5.0	CPU0time_system=4990.24	CPU0time_idle=73871.9	ram_available=1163010048	ram_percent=44.6	swap_used=12263424	swap_percent=0.6	bytes_sent=18260	 bytes_recv=224514	 packets_sent=130	 packets_recv=187	 errin=0	 errout=0	 dropin=0	 dropout=0	read_count=0	 write_count=0	 read_bytes=0	 write_bytes=0	
Time=14:39:15	CPU0 Usage=5.5	CPU0time_system=4990.31	CPU0time_idle=73873.8	ram_available=1162657792	ram_percent=44.6	swap_used=12263424	swap_percent=0.6	bytes_sent=13995	 bytes_recv=170837	 packets_sent=95	 packets_recv=148	 errin=0	 errout=0	 dropin=0	 dropout=0	read_count=0	 write_count=0	 read_bytes=0	 write_bytes=0	
Time=14:39:17	CPU0 Usage=3.5	CPU0time_system=4990.37	CPU0time_idle=73875.71	ram_available=1162465280	ram_percent=44.6	swap_used=12263424	swap_percent=0.6	bytes_sent=10975	 bytes_recv=132587	 packets_sent=75	 packets_recv=112	 errin=0	 errout=0	 dropin=0	 dropout=0	read_count=0	 write_count=0	 read_bytes=0	 write_bytes=0	
Time=14:39:19	CPU0 Usage=4.1	CPU0time_system=4990.44	CPU0time_idle=73877.6	ram_available=1162117120	ram_percent=44.6	swap_used=12263424	swap_percent=0.6	bytes_sent=18166	 bytes_recv=221605	 packets_sent=124	 packets_recv=184	 errin=0	 errout=0	 dropin=0	 dropout=0	read_count=0	 write_count=0	 read_bytes=0	 write_bytes=0	
Time=14:39:21	CPU0 Usage=4.0	CPU0time_system=4990.5	CPU0time_idle=73879.52	ram_available=1161990144	ram_percent=44.6	swap_used=12263424	swap_percent=0.6	bytes_sent=11601	 bytes_recv=134001	 packets_sent=76	 packets_recv=115	 errin=0	 errout=0	 dropin=0	 dropout=0	read_count=0	 write_count=0	 read_bytes=0	 write_bytes=0	
Time=14:39:23	CPU0 Usage=5.0	CPU0time_system=4990.58	CPU0time_idle=73881.41	ram_available=1161641984	ram_percent=44.6	swap_used=12263424	swap_percent=0.6	bytes_sent=17090	 bytes_recv=222480	 packets_sent=119	 packets_recv=185	 errin=0	 errout=0	 dropin=0	 dropout=0	read_count=0	 write_count=0	 read_bytes=0	 write_bytes=0	
Time=14:39:25	CPU0 Usage=6.5	CPU0time_system=4990.69	CPU0time_idle=73883.29	ram_available=1161261056	ram_percent=44.6	swap_used=12263424	swap_percent=0.6	bytes_sent=22177	 bytes_recv=279422	 packets_sent=148	 packets_recv=229	 errin=0	 errout=0	 dropin=0	 dropout=0	read_count=0	 write_count=0	 read_bytes=0	 write_bytes=0	
Time=14:39:27	CPU0 Usage=3.0	CPU0time_system=4990.74	CPU0time_idle=73885.2	ram_available=1161007104	ram_percent=44.6	swap_used=12263424	swap_percent=0.6	bytes_sent=9985	 bytes_recv=124892	 packets_sent=71	 packets_recv=110	 errin=0	 errout=0	 dropin=0	 dropout=0	read_count=0	 write_count=0	 read_bytes=0	 write_bytes=0	
Time=14:39:29	CPU0 Usage=3.0	CPU0time_system=4990.79	CPU0time_idle=73887.13	ram_available=1160880128	ram_percent=44.7	swap_used=12263424	swap_percent=0.6	bytes_sent=6792	 bytes_recv=75351	 packets_sent=43	 packets_recv=65	 errin=0	 errout=0	 dropin=0	 dropout=0	read_count=0	 write_count=0	 read_bytes=0	 write_bytes=0	
Time=14:39:31	CPU0 Usage=6.5	CPU0time_system=4990.9	CPU0time_idle=73888.99	ram_available=1160531968	ram_percent=44.7	swap_used=12263424	swap_percent=0.6	bytes_sent=29766	 bytes_recv=372656	 packets_sent=199	 packets_recv=307	 errin=0	 errout=0	 dropin=0	 dropout=0	read_count=0	 write_count=0	 read_bytes=0	 write_bytes=0	
Time=14:39:33	CPU0 Usage=4.5	CPU0time_system=4990.97	CPU0time_idle=73890.9	ram_available=1160245248	ram_percent=44.7	swap_used=12263424	swap_percent=0.6	bytes_sent=11523	 bytes_recv=135776	 packets_sent=77	 packets_recv=115	 errin=0	 errout=0	 dropin=0	 dropout=0	read_count=0	 write_count=0	 read_bytes=0	 write_bytes=0	
Time=14:39:35	CPU0 Usage=4.5	CPU0time_system=4991.05	CPU0time_idle=73892.81	ram_available=1159925760	ram_percent=44.7	swap_used=12263424	swap_percent=0.6	bytes_sent=14319	 bytes_recv=168368	 packets_sent=96	 packets_recv=145	 errin=0	 errout=0	 dropin=0	 dropout=0	read_count=0	 write_count=0	 read_bytes=0	 write_bytes=0	
Time=14:39:37	CPU0 Usage=4.5	CPU0time_system=4991.14	CPU0time_idle=73894.71	ram_available=1159639040	ram_percent=44.7	swap_used=12263424	swap_percent=0.6	bytes_sent=14463	 bytes_recv=184515	 packets_sent=99	 packets_recv=158	 errin=0	 errout=0	 dropin=0	 dropout=0	read_count=0	 write_count=0	 read_bytes=0	 write_bytes=0	
Time=14:39:39	CPU0 Usage=4.5	CPU0time_system=4991.22	CPU0time_idle=73896.61	ram_available=1159225344	ram_percent=44.7	swap_used=12263424	swap_percent=0.6	bytes_sent=15456	 bytes_recv=186922	 packets_sent=101	 packets_recv=151	 errin=0	 errout=0	 dropin=0	 dropout=0	read_count=0	 write_count=0	 read_bytes=0	 write_bytes=0	
Time=14:39:41	CPU0 Usage=4.0	CPU0time_system=4991.28	CPU0time_idle=73898.52	ram_available=1159131136	ram_percent=44.7	swap_used=12263424	swap_percent=0.6	bytes_sent=12661	 bytes_recv=146219	 packets_sent=88	 packets_recv=125	 errin=0	 errout=0	 dropin=0	 dropout=0	read_count=0	 write_count=0	 read_bytes=0	 write_bytes=0	
Time=14:39:43	CPU0 Usage=4.0	CPU0time_system=4991.35	CPU0time_idle=73900.43	ram_available=1158782976	ram_percent=44.8	swap_used=12263424	swap_percent=0.6	bytes_sent=11076	 bytes_recv=139153	 packets_sent=75	 packets_recv=113	 errin=0	 errout=0	 dropin=0	 dropout=0	read_count=0	 write_count=0	 read_bytes=0	 write_bytes=0	
Time=14:39:45	CPU0 Usage=4.5	CPU0time_system=4991.42	CPU0time_idle=73902.33	ram_available=1158594560	ram_percent=44.8	swap_used=12263424	swap_percent=0.6	bytes_sent=15683	 bytes_recv=181931	 packets_sent=107	 packets_recv=156	 errin=0	 errout=0	 dropin=0	 dropout=0	read_count=0	 write_count=0	 read_bytes=0	 write_bytes=0	
Time=14:39:47	CPU0 Usage=4.6	CPU0time_system=4991.49	CPU0time_idle=73904.2	ram_available=1158115328	ram_percent=44.8	swap_used=12263424	swap_percent=0.6	bytes_sent=25775	 bytes_recv=322989	 packets_sent=177	 packets_recv=276	 errin=0	 errout=0	 dropin=0	 dropout=0	read_count=0	 write_count=0	 read_bytes=0	 write_bytes=0	
Time=14:39:49	CPU0 Usage=4.0	CPU0time_system=4991.56	CPU0time_idle=73906.11	ram_available=1158086656	ram_percent=44.8	swap_used=12263424	swap_percent=0.6	bytes_sent=13684	 bytes_recv=160712	 packets_sent=93	 packets_recv=135	 errin=0	 errout=0	 dropin=0	 dropout=0	read_count=0	 write_count=0	 read_bytes=0	 write_bytes=0	
Time=14:39:51	CPU0 Usage=3.0	CPU0time_system=4991.62	CPU0time_idle=73908.02	ram_available=1157705728	ram_percent=44.8	swap_used=12263424	swap_percent=0.6	bytes_sent=11322	 bytes_recv=144648	 packets_sent=76	 packets_recv=119	 errin=0	 errout=0	 dropin=0	 dropout=0	read_count=0	 write_count=0	 read_bytes=0	 write_bytes=0	
Time=14:39:53	CPU0 Usage=7.0	CPU0time_system=4991.75	CPU0time_idle=73909.87	ram_available=1157357568	ram_percent=44.8	swap_used=12263424	swap_percent=0.6	bytes_sent=33147	 bytes_recv=402093	 packets_sent=228	 packets_recv=339	 errin=0	 errout=0	 dropin=0	 dropout=0	read_count=0	 write_count=0	 read_bytes=0	 write_bytes=0	
Time=14:39:55	CPU0 Usage=5.0	CPU0time_system=4991.83	CPU0time_idle=73911.76	ram_available=1156976640	ram_percent=44.8	swap_used=12263424	swap_percent=0.6	bytes_sent=16346	 bytes_recv=203927	 packets_sent=111	 packets_recv=167	 errin=0	 errout=0	 dropin=0	 dropout=0	read_count=0	 write_count=0	 read_bytes=0	 write_bytes=0	
Time=14:39:57	CPU0 Usage=4.5	CPU0time_system=4991.91	CPU0time_idle=73913.67	ram_available=1156689920	ram_percent=44.9	swap_used=12263424	swap_percent=0.6	bytes_sent=12623	 bytes_recv=153877	 packets_sent=88	 packets_recv=134	 errin=0	 errout=0	 dropin=0	 dropout=0	read_count=0	 write_count=0	 read_bytes=0	 write_bytes=0	
Time=14:39:59	CPU0 Usage=3.0	CPU0time_system=4991.95	CPU0time_idle=73915.61	ram_available=1156657152	ram_percent=44.9	swap_used=12263424	swap_percent=0.6	bytes_sent=1498	 bytes_recv=14599	 packets_sent=10	 packets_recv=13	 errin=0	 errout=0	 dropin=0	 dropout=0	read_count=0	 write_count=0	 read_bytes=0	 write_bytes=0	
Time=14:40:01	CPU0 Usage=5.0	CPU0time_system=4992.04	CPU0time_idle=73917.5	ram_available=1156341760	ram_percent=44.9	swap_used=12263424	swap_percent=0.6	bytes_sent=33662	 bytes_recv=239549	 packets_sent=138	 packets_recv=202	 errin=0	 errout=0	 dropin=0	 dropout=0	read_count=0	 write_count=0	 read_bytes=0	 write_bytes=0	
Time=14:40:03	CPU0 Usage=2.5	CPU0time_system=4992.09	CPU0time_idle=73919.42	ram_available=1156247552	ram_percent=44.9	swap_used=12263424	swap_percent=0.6	bytes_sent=9261	 bytes_recv=114006	 packets_sent=66	 packets_recv=95	 errin=0	 errout=0	 dropin=0	 dropout=0	read_count=0	 write_count=0	 read_bytes=0	 write_bytes=0	
Time=14:40:05	CPU0 Usage=3.0	CPU0time_system=4992.14	CPU0time_idle=73921.35	ram_available=1156087808	ram_percent=44.9	swap_used=12263424	swap_percent=0.6	bytes_sent=4558	 bytes_recv=57445	 packets_sent=32	 packets_recv=49	 errin=0	 errout=0	 dropin=0	 dropout=0	read_count=0	 write_count=0	 read_bytes=0	 write_bytes=0	
Time=14:40:07	CPU0 Usage=4.5	CPU0time_system=4992.22	CPU0time_idle=73923.25	ram_available=1155768320	ram_percent=44.9	swap_used=12263424	swap_percent=0.6	bytes_sent=15246	 bytes_recv=193550	 packets_sent=106	 packets_recv=164	 errin=0	 errout=0	 dropin=0	 dropout=0	read_count=0	 write_count=0	 read_bytes=0	 write_bytes=0	
Time=14:40:09	CPU0 Usage=5.1	CPU0time_system=4992.3	CPU0time_idle=73925.13	ram_available=1155325952	ram_percent=44.9	swap_used=12263424	swap_percent=0.6	bytes_sent=21876	 bytes_recv=258002	 packets_sent=148	 packets_recv=219	 errin=0	 errout=0	 dropin=0	 dropout=0	read_count=0	 write_count=0	 read_bytes=0	 write_bytes=0	
Time=14:40:11	CPU0 Usage=4.5	CPU0time_system=4992.39	CPU0time_idle=73927.02	ram_available=1155231744	ram_percent=44.9	swap_used=12263424	swap_percent=0.6	bytes_sent=18451	 bytes_recv=224305	 packets_sent=129	 packets_recv=190	 errin=0	 errout=0	 dropin=0	 dropout=0	read_count=0	 write_count=0	 read_bytes=0	 write_bytes=0	
Time=14:40:13	CPU0 Usage=4.5	CPU0time_system=4992.47	CPU0time_idle=73928.94	ram_available=1155010560	ram_percent=44.9	swap_used=12263424	swap_percent=0.6	bytes_sent=9915	 bytes_recv=120745	 packets_sent=68	 packets_recv=104	 errin=0	 errout=0	 dropin=0	 dropout=0	read_count=0	 write_count=0	 read_bytes=0	 write_bytes=0	
Time=14:40:15	CPU0 Usage=3.0	CPU0time_system=4992.53	CPU0time_idle=73930.87	ram_available=1154977792	ram_percent=44.9	swap_used=12263424	swap_percent=0.6	bytes_sent=7778	 bytes_recv=96088	 packets_sent=53	 packets_recv=81	 errin=0	 errout=0	 dropin=0	 dropout=0	read_count=0	 write_count=0	 read_bytes=0	 write_bytes=0	
Time=14:40:17	CPU0 Usage=3.6	CPU0time_system=4992.6	CPU0time_idle=73932.77	ram_available=1154658304	ram_percent=45.0	swap_used=12263424	swap_percent=0.6	bytes_sent=15198	 bytes_recv=176540	 packets_sent=104	 packets_recv=153	 errin=0	 errout=0	 dropin=0	 dropout=0	read_count=0	 write_count=0	 read_bytes=0	 write_bytes=0	
Time=14:40:19	CPU0 Usage=3.0	CPU0time_system=4992.64	CPU0time_idle=73934.68	ram_available=1154404352	ram_percent=45.0	swap_used=12263424	swap_percent=0.6	bytes_sent=10853	 bytes_recv=133547	 packets_sent=74	 packets_recv=111	 errin=0	 errout=0	 dropin=0	 dropout=0	read_count=0	 write_count=0	 read_bytes=0	 write_bytes=0	
Time=14:40:21	CPU0 Usage=5.0	CPU0time_system=4992.74	CPU0time_idle=73936.58	ram_available=1153925120	ram_percent=45.0	swap_used=12263424	swap_percent=0.6	bytes_sent=16974	 bytes_recv=215017	 packets_sent=118	 packets_recv=180	 errin=0	 errout=0	 dropin=0	 dropout=0	read_count=0	 write_count=0	 read_bytes=0	 write_bytes=0	
Time=14:40:23	CPU0 Usage=3.0	CPU0time_system=4992.8	CPU0time_idle=73938.5	ram_available=1154023424	ram_percent=45.0	swap_used=12263424	swap_percent=0.6	bytes_sent=7931	 bytes_recv=90740	 packets_sent=56	 packets_recv=77	 errin=0	 errout=0	 dropin=0	 dropout=0	read_count=0	 write_count=0	 read_bytes=0	 write_bytes=0	
Time=14:40:25	CPU0 Usage=19.9	CPU0time_system=4992.98	CPU0time_idle=73940.11	ram_available=1207570432	ram_percent=42.4	swap_used=12263424	swap_percent=0.6	bytes_sent=19974	 bytes_recv=244127	 packets_sent=135	 packets_recv=205	 errin=0	 errout=0	 dropin=0	 dropout=0	read_count=0	 write_count=0	 read_bytes=0	 write_bytes=0	
Time=14:40:27	CPU0 Usage=19.1	CPU0time_system=4993.06	CPU0time_idle=73941.72	ram_available=1197694976	ram_percent=42.9	swap_used=12263424	swap_percent=0.6	bytes_sent=11444	 bytes_recv=138341	 packets_sent=80	 packets_recv=117	 errin=0	 errout=0	 dropin=0	 dropout=0	read_count=0	 write_count=0	 read_bytes=0	 write_bytes=0	
Time=14:40:29	CPU0 Usage=48.7	CPU0time_system=4993.11	CPU0time_idle=73942.74	ram_available=1190010880	ram_percent=43.3	swap_used=12263424	swap_percent=0.6	bytes_sent=6224	 bytes_recv=67330	 packets_sent=40	 packets_recv=55	 errin=0	 errout=0	 dropin=0	 dropout=0	read_count=0	 write_count=0	 read_bytes=0	 write_bytes=0	
Time=14:40:31	CPU0 Usage=95.5	CPU0time_system=4993.12	CPU0time_idle=73942.83	ram_available=1184346112	ram_percent=43.5	swap_used=12263424	swap_percent=0.6	bytes_sent=420	 bytes_recv=264	 packets_sent=4	 packets_recv=4	 errin=0	 errout=0	 dropin=0	 dropout=0	read_count=0	 write_count=0	 read_bytes=0	 write_bytes=0	
Time=14:40:33	CPU0 Usage=97.0	CPU0time_system=4993.13	CPU0time_idle=73942.89	ram_available=1180487680	ram_percent=43.7	swap_used=12263424	swap_percent=0.6	bytes_sent=414	 bytes_recv=258	 packets_sent=4	 packets_recv=4	 errin=0	 errout=0	 dropin=0	 dropout=0	read_count=0	 write_count=0	 read_bytes=0	 write_bytes=0	
Time=14:40:35	CPU0 Usage=97.0	CPU0time_system=4993.14	CPU0time_idle=73942.95	ram_available=1176711168	ram_percent=43.9	swap_used=12263424	swap_percent=0.6	bytes_sent=118	 bytes_recv=66	 packets_sent=1	 packets_recv=1	 errin=0	 errout=0	 dropin=0	 dropout=0	read_count=0	 write_count=0	 read_bytes=0	 write_bytes=0	
Time=14:40:37	CPU0 Usage=97.0	CPU0time_system=4993.19	CPU0time_idle=73943.01	ram_available=1228427264	ram_percent=41.4	swap_used=12263424	swap_percent=0.6	bytes_sent=1302	 bytes_recv=822	 packets_sent=13	 packets_recv=11	 errin=0	 errout=0	 dropin=0	 dropout=0	read_count=0	 write_count=0	 read_bytes=0	 write_bytes=0	
Time=14:40:39	CPU0 Usage=98.5	CPU0time_system=4993.21	CPU0time_idle=73943.04	ram_available=1227038720	ram_percent=41.5	swap_used=12263424	swap_percent=0.6	bytes_sent=0	 bytes_recv=120	 packets_sent=0	 packets_recv=2	 errin=0	 errout=0	 dropin=0	 dropout=0	read_count=0	 write_count=0	 read_bytes=0	 write_bytes=0	
Time=14:40:41	CPU0 Usage=97.0	CPU0time_system=4993.22	CPU0time_idle=73943.1	ram_available=1223229440	ram_percent=41.7	swap_used=12263424	swap_percent=0.6	bytes_sent=0	 bytes_recv=0	 packets_sent=0	 packets_recv=0	 errin=0	 errout=0	 dropin=0	 dropout=0	read_count=0	 write_count=0	 read_bytes=0	 write_bytes=0	
Time=14:40:43	CPU0 Usage=98.5	CPU0time_system=4993.23	CPU0time_idle=73943.13	ram_available=1221238784	ram_percent=41.8	swap_used=12263424	swap_percent=0.6	bytes_sent=0	 bytes_recv=0	 packets_sent=0	 packets_recv=0	 errin=0	 errout=0	 dropin=0	 dropout=0	read_count=0	 write_count=5	 read_bytes=0	 write_bytes=24576	
Time=14:40:45	CPU0 Usage=98.5	CPU0time_system=4993.23	CPU0time_idle=73943.16	ram_available=1219342336	ram_percent=41.9	swap_used=12263424	swap_percent=0.6	bytes_sent=0	 bytes_recv=0	 packets_sent=0	 packets_recv=0	 errin=0	 errout=0	 dropin=0	 dropout=0	read_count=0	 write_count=0	 read_bytes=0	 write_bytes=0	
Time=14:40:47	CPU0 Usage=98.5	CPU0time_system=4993.24	CPU0time_idle=73943.19	ram_available=1217437696	ram_percent=42.0	swap_used=12263424	swap_percent=0.6	bytes_sent=0	 bytes_recv=0	 packets_sent=0	 packets_recv=0	 errin=0	 errout=0	 dropin=0	 dropout=0	read_count=0	 write_count=0	 read_bytes=0	 write_bytes=0	
Time=14:40:49	CPU0 Usage=98.5	CPU0time_system=4993.25	CPU0time_idle=73943.22	ram_available=1215533056	ram_percent=42.0	swap_used=12263424	swap_percent=0.6	bytes_sent=0	 bytes_recv=0	 packets_sent=0	 packets_recv=0	 errin=0	 errout=0	 dropin=0	 dropout=0	read_count=0	 write_count=0	 read_bytes=0	 write_bytes=0	
Time=14:40:51	CPU0 Usage=99.5	CPU0time_system=4993.26	CPU0time_idle=73943.23	ram_available=1213628416	ram_percent=42.1	swap_used=12263424	swap_percent=0.6	bytes_sent=0	 bytes_recv=0	 packets_sent=0	 packets_recv=0	 errin=0	 errout=0	 dropin=0	 dropout=0	read_count=0	 write_count=0	 read_bytes=0	 write_bytes=0	
Time=14:40:53	CPU0 Usage=99.5	CPU0time_system=4993.26	CPU0time_idle=73943.24	ram_available=1213628416	ram_percent=42.1	swap_used=12263424	swap_percent=0.6	bytes_sent=14336	 bytes_recv=264	 packets_sent=6	 packets_recv=4	 errin=0	 errout=0	 dropin=0	 dropout=0	read_count=0	 write_count=0	 read_bytes=0	 write_bytes=0	
Time=14:40:55	CPU0 Usage=98.0	CPU0time_system=4993.27	CPU0time_idle=73943.28	ram_available=1211723776	ram_percent=42.2	swap_used=12263424	swap_percent=0.6	bytes_sent=0	 bytes_recv=0	 packets_sent=0	 packets_recv=0	 errin=0	 errout=0	 dropin=0	 dropout=0	read_count=0	 write_count=0	 read_bytes=0	 write_bytes=0	
Time=14:40:57	CPU0 Usage=45.5	CPU0time_system=4993.3	CPU0time_idle=73944.37	ram_available=1209819136	ram_percent=42.3	swap_used=12263424	swap_percent=0.6	bytes_sent=60	 bytes_recv=60	 packets_sent=1	 packets_recv=1	 errin=0	 errout=0	 dropin=0	 dropout=0	read_count=0	 write_count=0	 read_bytes=0	 write_bytes=0	
Time=14:40:59	CPU0 Usage=3.5	CPU0time_system=4993.36	CPU0time_idle=73946.3	ram_available=1209819136	ram_percent=42.3	swap_used=12263424	swap_percent=0.6	bytes_sent=0	 bytes_recv=0	 packets_sent=0	 packets_recv=0	 errin=0	 errout=0	 dropin=0	 dropout=0	read_count=0	 write_count=0	 read_bytes=0	 write_bytes=0	
Time=14:41:01	CPU0 Usage=2.5	CPU0time_system=4993.4	CPU0time_idle=73948.25	ram_available=1209819136	ram_percent=42.3	swap_used=12263424	swap_percent=0.6	bytes_sent=0	 bytes_recv=0	 packets_sent=0	 packets_recv=0	 errin=0	 errout=0	 dropin=0	 dropout=0	read_count=0	 write_count=0	 read_bytes=0	 write_bytes=0	
Time=14:41:03	CPU0 Usage=2.5	CPU0time_system=4993.44	CPU0time_idle=73950.2	ram_available=1209819136	ram_percent=42.3	swap_used=12263424	swap_percent=0.6	bytes_sent=0	 bytes_recv=0	 packets_sent=0	 packets_recv=0	 errin=0	 errout=0	 dropin=0	 dropout=0	read_count=0	 write_count=0	 read_bytes=0	 write_bytes=0	
Time=14:41:05	CPU0 Usage=3.0	CPU0time_system=4993.49	CPU0time_idle=73952.15	ram_available=1209819136	ram_percent=42.3	swap_used=12263424	swap_percent=0.6	bytes_sent=0	 bytes_recv=0	 packets_sent=0	 packets_recv=0	 errin=0	 errout=0	 dropin=0	 dropout=0	read_count=0	 write_count=0	 read_bytes=0	 write_bytes=0	
Time=14:41:07	CPU0 Usage=3.0	CPU0time_system=4993.53	CPU0time_idle=73954.1	ram_available=1209819136	ram_percent=42.3	swap_used=12263424	swap_percent=0.6	bytes_sent=0	 bytes_recv=0	 packets_sent=0	 packets_recv=0	 errin=0	 errout=0	 dropin=0	 dropout=0	read_count=0	 write_count=2	 read_bytes=0	 write_bytes=8192	
Time=14:41:09	CPU0 Usage=2.0	CPU0time_system=4993.57	CPU0time_idle=73956.04	ram_available=1209819136	ram_percent=42.3	swap_used=12263424	swap_percent=0.6	bytes_sent=0	 bytes_recv=0	 packets_sent=0	 packets_recv=0	 errin=0	 errout=0	 dropin=0	 dropout=0	read_count=0	 write_count=0	 read_bytes=0	 write_bytes=0	
Time=14:41:11	CPU0 Usage=2.5	CPU0time_system=4993.62	CPU0time_idle=73958.0	ram_available=1209819136	ram_percent=42.3	swap_used=12263424	swap_percent=0.6	bytes_sent=0	 bytes_recv=0	 packets_sent=0	 packets_recv=0	 errin=0	 errout=0	 dropin=0	 dropout=0	read_count=0	 write_count=0	 read_bytes=0	 write_bytes=0	
Time=14:41:13	CPU0 Usage=2.0	CPU0time_system=4993.66	CPU0time_idle=73959.95	ram_available=1209815040	ram_percent=42.3	swap_used=12263424	swap_percent=0.6	bytes_sent=0	 bytes_recv=0	 packets_sent=0	 packets_recv=0	 errin=0	 errout=0	 dropin=0	 dropout=0	read_count=0	 write_count=2	 read_bytes=0	 write_bytes=8192	
Time=14:41:15	CPU0 Usage=2.0	CPU0time_system=4993.7	CPU0time_idle=73961.9	ram_available=1209815040	ram_percent=42.3	swap_used=12263424	swap_percent=0.6	bytes_sent=0	 bytes_recv=0	 packets_sent=0	 packets_recv=0	 errin=0	 errout=0	 dropin=0	 dropout=0	read_count=0	 write_count=0	 read_bytes=0	 write_bytes=0	
Time=14:41:17	CPU0 Usage=2.5	CPU0time_system=4993.75	CPU0time_idle=73963.86	ram_available=1209819136	ram_percent=42.3	swap_used=12263424	swap_percent=0.6	bytes_sent=0	 bytes_recv=0	 packets_sent=0	 packets_recv=0	 errin=0	 errout=0	 dropin=0	 dropout=0	read_count=0	 write_count=2	 read_bytes=0	 write_bytes=8192	
Time=14:41:19	CPU0 Usage=2.5	CPU0time_system=4993.8	CPU0time_idle=73965.81	ram_available=1209819136	ram_percent=42.3	swap_used=12263424	swap_percent=0.6	bytes_sent=0	 bytes_recv=0	 packets_sent=0	 packets_recv=0	 errin=0	 errout=0	 dropin=0	 dropout=0	read_count=0	 write_count=0	 read_bytes=0	 write_bytes=0	
Time=14:41:21	CPU0 Usage=2.0	CPU0time_system=4993.84	CPU0time_idle=73967.76	ram_available=1209819136	ram_percent=42.3	swap_used=12263424	swap_percent=0.6	bytes_sent=0	 bytes_recv=0	 packets_sent=0	 packets_recv=0	 errin=0	 errout=0	 dropin=0	 dropout=0	read_count=0	 write_count=0	 read_bytes=0	 write_bytes=0	
Time=14:41:23	CPU0 Usage=2.0	CPU0time_system=4993.88	CPU0time_idle=73969.72	ram_available=1209819136	ram_percent=42.3	swap_used=12263424	swap_percent=0.6	bytes_sent=0	 bytes_recv=60	 packets_sent=0	 packets_recv=1	 errin=0	 errout=0	 dropin=0	 dropout=0	read_count=0	 write_count=0	 read_bytes=0	 write_bytes=0	
Time=14:41:25	CPU0 Usage=2.0	CPU0time_system=4993.92	CPU0time_idle=73971.67	ram_available=1209819136	ram_percent=42.3	swap_used=12263424	swap_percent=0.6	bytes_sent=0	 bytes_recv=0	 packets_sent=0	 packets_recv=0	 errin=0	 errout=0	 dropin=0	 dropout=0	read_count=0	 write_count=0	 read_bytes=0	 write_bytes=0	
Time=14:41:27	CPU0 Usage=2.5	CPU0time_system=4993.97	CPU0time_idle=73973.62	ram_available=1209819136	ram_percent=42.3	swap_used=12263424	swap_percent=0.6	bytes_sent=0	 bytes_recv=0	 packets_sent=0	 packets_recv=0	 errin=0	 errout=0	 dropin=0	 dropout=0	read_count=0	 write_count=0	 read_bytes=0	 write_bytes=0	
Time=14:41:29	CPU0 Usage=2.0	CPU0time_system=4994.01	CPU0time_idle=73975.58	ram_available=1209819136	ram_percent=42.3	swap_used=12263424	swap_percent=0.6	bytes_sent=0	 bytes_recv=0	 packets_sent=0	 packets_recv=0	 errin=0	 errout=0	 dropin=0	 dropout=0	read_count=0	 write_count=0	 read_bytes=0	 write_bytes=0	
Time=14:41:31	CPU0 Usage=1.5	CPU0time_system=4994.04	CPU0time_idle=73977.53	ram_available=1209819136	ram_percent=42.3	swap_used=12263424	swap_percent=0.6	bytes_sent=0	 bytes_recv=0	 packets_sent=0	 packets_recv=0	 errin=0	 errout=0	 dropin=0	 dropout=0	read_count=0	 write_count=0	 read_bytes=0	 write_bytes=0	
Time=14:41:33	CPU0 Usage=2.0	CPU0time_system=4994.08	CPU0time_idle=73979.48	ram_available=1209819136	ram_percent=42.3	swap_used=12263424	swap_percent=0.6	bytes_sent=0	 bytes_recv=0	 packets_sent=0	 packets_recv=0	 errin=0	 errout=0	 dropin=0	 dropout=0	read_count=0	 write_count=0	 read_bytes=0	 write_bytes=0	
Time=14:41:35	CPU0 Usage=2.0	CPU0time_system=4994.12	CPU0time_idle=73981.44	ram_available=1209819136	ram_percent=42.3	swap_used=12263424	swap_percent=0.6	bytes_sent=0	 bytes_recv=0	 packets_sent=0	 packets_recv=0	 errin=0	 errout=0	 dropin=0	 dropout=0	read_count=0	 write_count=0	 read_bytes=0	 write_bytes=0	
Time=14:41:37	CPU0 Usage=2.0	CPU0time_system=4994.16	CPU0time_idle=73983.39	ram_available=1209819136	ram_percent=42.3	swap_used=12263424	swap_percent=0.6	bytes_sent=0	 bytes_recv=0	 packets_sent=0	 packets_recv=0	 errin=0	 errout=0	 dropin=0	 dropout=0	read_count=0	 write_count=0	 read_bytes=0	 write_bytes=0	
Time=14:41:39	CPU0 Usage=2.0	CPU0time_system=4994.2	CPU0time_idle=73985.34	ram_available=1209819136	ram_percent=42.3	swap_used=12263424	swap_percent=0.6	bytes_sent=0	 bytes_recv=60	 packets_sent=0	 packets_recv=1	 errin=0	 errout=0	 dropin=0	 dropout=0	read_count=0	 write_count=0	 read_bytes=0	 write_bytes=0	
Time=14:41:41	CPU0 Usage=3.5	CPU0time_system=4994.26	CPU0time_idle=73987.29	ram_available=1209819136	ram_percent=42.3	swap_used=12263424	swap_percent=0.6	bytes_sent=0	 bytes_recv=0	 packets_sent=0	 packets_recv=0	 errin=0	 errout=0	 dropin=0	 dropout=0	read_count=0	 write_count=0	 read_bytes=0	 write_bytes=0	
Time=14:41:43	CPU0 Usage=2.0	CPU0time_system=4994.3	CPU0time_idle=73989.24	ram_available=1209819136	ram_percent=42.3	swap_used=12263424	swap_percent=0.6	bytes_sent=0	 bytes_recv=0	 packets_sent=0	 packets_recv=0	 errin=0	 errout=0	 dropin=0	 dropout=0	read_count=0	 write_count=0	 read_bytes=0	 write_bytes=0	
Time=14:41:45	CPU0 Usage=2.0	CPU0time_system=4994.34	CPU0time_idle=73991.2	ram_available=1209819136	ram_percent=42.3	swap_used=12263424	swap_percent=0.6	bytes_sent=14394	 bytes_recv=300	 packets_sent=7	 packets_recv=4	 errin=0	 errout=0	 dropin=0	 dropout=0	read_count=0	 write_count=0	 read_bytes=0	 write_bytes=0	
Time=14:41:47	CPU0 Usage=2.0	CPU0time_system=4994.38	CPU0time_idle=73993.15	ram_available=1209819136	ram_percent=42.3	swap_used=12263424	swap_percent=0.6	bytes_sent=0	 bytes_recv=0	 packets_sent=0	 packets_recv=0	 errin=0	 errout=0	 dropin=0	 dropout=0	read_count=0	 write_count=0	 read_bytes=0	 write_bytes=0	
Time=14:41:49	CPU0 Usage=2.0	CPU0time_system=4994.42	CPU0time_idle=73995.1	ram_available=1209819136	ram_percent=42.3	swap_used=12263424	swap_percent=0.6	bytes_sent=60	 bytes_recv=60	 packets_sent=1	 packets_recv=1	 errin=0	 errout=0	 dropin=0	 dropout=0	read_count=0	 write_count=0	 read_bytes=0	 write_bytes=0	
Time=14:41:51	CPU0 Usage=1.0	CPU0time_system=4994.44	CPU0time_idle=73997.06	ram_available=1209819136	ram_percent=42.3	swap_used=12263424	swap_percent=0.6	bytes_sent=0	 bytes_recv=0	 packets_sent=0	 packets_recv=0	 errin=0	 errout=0	 dropin=0	 dropout=0	read_count=0	 write_count=0	 read_bytes=0	 write_bytes=0	
Time=14:41:53	CPU0 Usage=2.0	CPU0time_system=4994.48	CPU0time_idle=73999.01	ram_available=1209819136	ram_percent=42.3	swap_used=12263424	swap_percent=0.6	bytes_sent=0	 bytes_recv=0	 packets_sent=0	 packets_recv=0	 errin=0	 errout=0	 dropin=0	 dropout=0	read_count=0	 write_count=0	 read_bytes=0	 write_bytes=0	
Time=14:41:55	CPU0 Usage=2.0	CPU0time_system=4994.52	CPU0time_idle=74000.96	ram_available=1209819136	ram_percent=42.3	swap_used=12263424	swap_percent=0.6	bytes_sent=0	 bytes_recv=0	 packets_sent=0	 packets_recv=0	 errin=0	 errout=0	 dropin=0	 dropout=0	read_count=0	 write_count=0	 read_bytes=0	 write_bytes=0	
Time=14:41:57	CPU0 Usage=2.5	CPU0time_system=4994.56	CPU0time_idle=74002.92	ram_available=1209819136	ram_percent=42.3	swap_used=12263424	swap_percent=0.6	bytes_sent=0	 bytes_recv=0	 packets_sent=0	 packets_recv=0	 errin=0	 errout=0	 dropin=0	 dropout=0	read_count=0	 write_count=0	 read_bytes=0	 write_bytes=0	
Time=14:41:59	CPU0 Usage=2.0	CPU0time_system=4994.6	CPU0time_idle=74004.86	ram_available=1209819136	ram_percent=42.3	swap_used=12263424	swap_percent=0.6	bytes_sent=0	 bytes_recv=0	 packets_sent=0	 packets_recv=0	 errin=0	 errout=0	 dropin=0	 dropout=0	read_count=0	 write_count=0	 read_bytes=0	 write_bytes=0	
Time=14:42:01	CPU0 Usage=2.5	CPU0time_system=4994.65	CPU0time_idle=74006.82	ram_available=1209819136	ram_percent=42.3	swap_used=12263424	swap_percent=0.6	bytes_sent=0	 bytes_recv=0	 packets_sent=0	 packets_recv=0	 errin=0	 errout=0	 dropin=0	 dropout=0	read_count=0	 write_count=0	 read_bytes=0	 write_bytes=0	
Time=14:42:03	CPU0 Usage=1.5	CPU0time_system=4994.68	CPU0time_idle=74008.77	ram_available=1209819136	ram_percent=42.3	swap_used=12263424	swap_percent=0.6	bytes_sent=0	 bytes_recv=0	 packets_sent=0	 packets_recv=0	 errin=0	 errout=0	 dropin=0	 dropout=0	read_count=0	 write_count=0	 read_bytes=0	 write_bytes=0	
Time=14:42:05	CPU0 Usage=2.0	CPU0time_system=4994.72	CPU0time_idle=74010.72	ram_available=1209819136	ram_percent=42.3	swap_used=12263424	swap_percent=0.6	bytes_sent=0	 bytes_recv=0	 packets_sent=0	 packets_recv=0	 errin=0	 errout=0	 dropin=0	 dropout=0	read_count=0	 write_count=0	 read_bytes=0	 write_bytes=0	
Time=14:42:07	CPU0 Usage=1.5	CPU0time_system=4994.75	CPU0time_idle=74012.67	ram_available=1209819136	ram_percent=42.3	swap_used=12263424	swap_percent=0.6	bytes_sent=0	 bytes_recv=0	 packets_sent=0	 packets_recv=0	 errin=0	 errout=0	 dropin=0	 dropout=0	read_count=0	 write_count=0	 read_bytes=0	 write_bytes=0	
Time=14:42:09	CPU0 Usage=1.5	CPU0time_system=4994.77	CPU0time_idle=74014.62	ram_available=1209819136	ram_percent=42.3	swap_used=12263424	swap_percent=0.6	bytes_sent=0	 bytes_recv=0	 packets_sent=0	 packets_recv=0	 errin=0	 errout=0	 dropin=0	 dropout=0	read_count=0	 write_count=0	 read_bytes=0	 write_bytes=0	
Time=14:42:11	CPU0 Usage=2.0	CPU0time_system=4994.81	CPU0time_idle=74016.57	ram_available=1209819136	ram_percent=42.3	swap_used=12263424	swap_percent=0.6	bytes_sent=0	 bytes_recv=0	 packets_sent=0	 packets_recv=0	 errin=0	 errout=0	 dropin=0	 dropout=0	read_count=0	 write_count=0	 read_bytes=0	 write_bytes=0	
Time=14:42:13	CPU0 Usage=2.5	CPU0time_system=4994.86	CPU0time_idle=74018.53	ram_available=1209819136	ram_percent=42.3	swap_used=12263424	swap_percent=0.6	bytes_sent=0	 bytes_recv=0	 packets_sent=0	 packets_recv=0	 errin=0	 errout=0	 dropin=0	 dropout=0	read_count=0	 write_count=0	 read_bytes=0	 write_bytes=0	
Time=14:42:15	CPU0 Usage=1.5	CPU0time_system=4994.89	CPU0time_idle=74020.48	ram_available=1209819136	ram_percent=42.3	swap_used=12263424	swap_percent=0.6	bytes_sent=0	 bytes_recv=0	 packets_sent=0	 packets_recv=0	 errin=0	 errout=0	 dropin=0	 dropout=0	read_count=0	 write_count=0	 read_bytes=0	 write_bytes=0	
Time=14:42:17	CPU0 Usage=2.0	CPU0time_system=4994.93	CPU0time_idle=74022.43	ram_available=1209819136	ram_percent=42.3	swap_used=12263424	swap_percent=0.6	bytes_sent=0	 bytes_recv=0	 packets_sent=0	 packets_recv=0	 errin=0	 errout=0	 dropin=0	 dropout=0	read_count=0	 write_count=0	 read_bytes=0	 write_bytes=0	
Time=14:42:19	CPU0 Usage=2.0	CPU0time_system=4994.97	CPU0time_idle=74024.38	ram_available=1209819136	ram_percent=42.3	swap_used=12263424	swap_percent=0.6	bytes_sent=0	 bytes_recv=0	 packets_sent=0	 packets_recv=0	 errin=0	 errout=0	 dropin=0	 dropout=0	read_count=0	 write_count=0	 read_bytes=0	 write_bytes=0	
Time=14:42:21	CPU0 Usage=2.0	CPU0time_system=4995.01	CPU0time_idle=74026.33	ram_available=1209819136	ram_percent=42.3	swap_used=12263424	swap_percent=0.6	bytes_sent=0	 bytes_recv=0	 packets_sent=0	 packets_recv=0	 errin=0	 errout=0	 dropin=0	 dropout=0	read_count=0	 write_count=0	 read_bytes=0	 write_bytes=0	
Time=14:42:23	CPU0 Usage=1.5	CPU0time_system=4995.04	CPU0time_idle=74028.28	ram_available=1209819136	ram_percent=42.3	swap_used=12263424	swap_percent=0.6	bytes_sent=0	 bytes_recv=0	 packets_sent=0	 packets_recv=0	 errin=0	 errout=0	 dropin=0	 dropout=0	read_count=0	 write_count=0	 read_bytes=0	 write_bytes=0	
Time=14:42:25	CPU0 Usage=16.0	CPU0time_system=4995.15	CPU0time_idle=74029.96	ram_available=1263628288	ram_percent=39.8	swap_used=12263424	swap_percent=0.6	bytes_sent=0	 bytes_recv=0	 packets_sent=0	 packets_recv=0	 errin=0	 errout=0	 dropin=0	 dropout=0	read_count=0	 write_count=0	 read_bytes=0	 write_bytes=0	
Time=14:42:27	CPU0 Usage=17.6	CPU0time_system=4995.21	CPU0time_idle=74031.6	ram_available=1254006784	ram_percent=40.2	swap_used=12263424	swap_percent=0.6	bytes_sent=0	 bytes_recv=0	 packets_sent=0	 packets_recv=0	 errin=0	 errout=0	 dropin=0	 dropout=0	read_count=0	 write_count=0	 read_bytes=0	 write_bytes=0	
Time=14:42:29	CPU0 Usage=49.5	CPU0time_system=4995.25	CPU0time_idle=74032.61	ram_available=1246285824	ram_percent=40.6	swap_used=12263424	swap_percent=0.6	bytes_sent=0	 bytes_recv=0	 packets_sent=0	 packets_recv=0	 errin=0	 errout=0	 dropin=0	 dropout=0	read_count=0	 write_count=0	 read_bytes=0	 write_bytes=0	
Time=14:42:31	CPU0 Usage=95.5	CPU0time_system=4995.26	CPU0time_idle=74032.7	ram_available=1240600576	ram_percent=40.9	swap_used=12263424	swap_percent=0.6	bytes_sent=0	 bytes_recv=0	 packets_sent=0	 packets_recv=0	 errin=0	 errout=0	 dropin=0	 dropout=0	read_count=0	 write_count=0	 read_bytes=0	 write_bytes=0	
Time=14:42:33	CPU0 Usage=97.0	CPU0time_system=4995.27	CPU0time_idle=74032.76	ram_available=1236664320	ram_percent=41.0	swap_used=12263424	swap_percent=0.6	bytes_sent=0	 bytes_recv=0	 packets_sent=0	 packets_recv=0	 errin=0	 errout=0	 dropin=0	 dropout=0	read_count=0	 write_count=0	 read_bytes=0	 write_bytes=0	
Time=14:42:35	CPU0 Usage=97.0	CPU0time_system=4995.28	CPU0time_idle=74032.82	ram_available=1232855040	ram_percent=41.2	swap_used=12263424	swap_percent=0.6	bytes_sent=0	 bytes_recv=0	 packets_sent=0	 packets_recv=0	 errin=0	 errout=0	 dropin=0	 dropout=0	read_count=0	 write_count=0	 read_bytes=0	 write_bytes=0	
Time=14:42:37	CPU0 Usage=97.0	CPU0time_system=4995.28	CPU0time_idle=74032.88	ram_available=1229045760	ram_percent=41.4	swap_used=12263424	swap_percent=0.6	bytes_sent=0	 bytes_recv=0	 packets_sent=0	 packets_recv=0	 errin=0	 errout=0	 dropin=0	 dropout=0	read_count=0	 write_count=0	 read_bytes=0	 write_bytes=0	
Time=14:42:39	CPU0 Usage=98.5	CPU0time_system=4995.3	CPU0time_idle=74032.91	ram_available=1226866688	ram_percent=41.5	swap_used=12263424	swap_percent=0.6	bytes_sent=14320	 bytes_recv=198	 packets_sent=6	 packets_recv=3	 errin=0	 errout=0	 dropin=0	 dropout=0	read_count=0	 write_count=0	 read_bytes=0	 write_bytes=0	
Time=14:42:41	CPU0 Usage=97.0	CPU0time_system=4995.3	CPU0time_idle=74032.97	ram_available=1223106560	ram_percent=41.7	swap_used=12263424	swap_percent=0.6	bytes_sent=0	 bytes_recv=0	 packets_sent=0	 packets_recv=0	 errin=0	 errout=0	 dropin=0	 dropout=0	read_count=0	 write_count=0	 read_bytes=0	 write_bytes=0	
Time=14:42:43	CPU0 Usage=98.5	CPU0time_system=4995.31	CPU0time_idle=74033.0	ram_available=1221201920	ram_percent=41.8	swap_used=12263424	swap_percent=0.6	bytes_sent=60	 bytes_recv=120	 packets_sent=1	 packets_recv=2	 errin=0	 errout=0	 dropin=0	 dropout=0	read_count=0	 write_count=0	 read_bytes=0	 write_bytes=0	
Time=14:42:45	CPU0 Usage=98.5	CPU0time_system=4995.31	CPU0time_idle=74033.03	ram_available=1219280896	ram_percent=41.9	swap_used=12263424	swap_percent=0.6	bytes_sent=0	 bytes_recv=60	 packets_sent=0	 packets_recv=1	 errin=0	 errout=0	 dropin=0	 dropout=0	read_count=0	 write_count=0	 read_bytes=0	 write_bytes=0	
Time=14:42:47	CPU0 Usage=98.5	CPU0time_system=4995.31	CPU0time_idle=74033.06	ram_available=1217376256	ram_percent=42.0	swap_used=12263424	swap_percent=0.6	bytes_sent=0	 bytes_recv=0	 packets_sent=0	 packets_recv=0	 errin=0	 errout=0	 dropin=0	 dropout=0	read_count=0	 write_count=0	 read_bytes=0	 write_bytes=0	
Time=14:42:49	CPU0 Usage=98.5	CPU0time_system=4995.32	CPU0time_idle=74033.09	ram_available=1215471616	ram_percent=42.1	swap_used=12263424	swap_percent=0.6	bytes_sent=0	 bytes_recv=0	 packets_sent=0	 packets_recv=0	 errin=0	 errout=0	 dropin=0	 dropout=0	read_count=0	 write_count=0	 read_bytes=0	 write_bytes=0	
Time=14:42:51	CPU0 Usage=98.5	CPU0time_system=4995.32	CPU0time_idle=74033.12	ram_available=1213468672	ram_percent=42.1	swap_used=12263424	swap_percent=0.6	bytes_sent=0	 bytes_recv=0	 packets_sent=0	 packets_recv=0	 errin=0	 errout=0	 dropin=0	 dropout=0	read_count=0	 write_count=0	 read_bytes=0	 write_bytes=0	
Time=14:42:53	CPU0 Usage=100.0	CPU0time_system=4995.32	CPU0time_idle=74033.12	ram_available=1213468672	ram_percent=42.1	swap_used=12263424	swap_percent=0.6	bytes_sent=0	 bytes_recv=0	 packets_sent=0	 packets_recv=0	 errin=0	 errout=0	 dropin=0	 dropout=0	read_count=0	 write_count=0	 read_bytes=0	 write_bytes=0	
Time=14:42:55	CPU0 Usage=98.5	CPU0time_system=4995.33	CPU0time_idle=74033.15	ram_available=1211564032	ram_percent=42.2	swap_used=12263424	swap_percent=0.6	bytes_sent=0	 bytes_recv=0	 packets_sent=0	 packets_recv=0	 errin=0	 errout=0	 dropin=0	 dropout=0	read_count=0	 write_count=0	 read_bytes=0	 write_bytes=0	
Time=14:42:57	CPU0 Usage=35.2	CPU0time_system=4995.35	CPU0time_idle=74034.44	ram_available=1209659392	ram_percent=42.3	swap_used=12263424	swap_percent=0.6	bytes_sent=0	 bytes_recv=0	 packets_sent=0	 packets_recv=0	 errin=0	 errout=0	 dropin=0	 dropout=0	read_count=0	 write_count=0	 read_bytes=0	 write_bytes=0	
Time=14:42:59	CPU0 Usage=2.5	CPU0time_system=4995.38	CPU0time_idle=74036.38	ram_available=1209659392	ram_percent=42.3	swap_used=12263424	swap_percent=0.6	bytes_sent=0	 bytes_recv=0	 packets_sent=0	 packets_recv=0	 errin=0	 errout=0	 dropin=0	 dropout=0	read_count=0	 write_count=0	 read_bytes=0	 write_bytes=0	
Time=14:43:01	CPU0 Usage=2.0	CPU0time_system=4995.42	CPU0time_idle=74038.33	ram_available=1209659392	ram_percent=42.3	swap_used=12263424	swap_percent=0.6	bytes_sent=0	 bytes_recv=0	 packets_sent=0	 packets_recv=0	 errin=0	 errout=0	 dropin=0	 dropout=0	read_count=0	 write_count=0	 read_bytes=0	 write_bytes=0	
Time=14:43:03	CPU0 Usage=1.5	CPU0time_system=4995.45	CPU0time_idle=74040.28	ram_available=1209659392	ram_percent=42.3	swap_used=12263424	swap_percent=0.6	bytes_sent=0	 bytes_recv=0	 packets_sent=0	 packets_recv=0	 errin=0	 errout=0	 dropin=0	 dropout=0	read_count=0	 write_count=0	 read_bytes=0	 write_bytes=0	
Time=14:43:05	CPU0 Usage=2.5	CPU0time_system=4995.48	CPU0time_idle=74042.23	ram_available=1209659392	ram_percent=42.3	swap_used=12263424	swap_percent=0.6	bytes_sent=0	 bytes_recv=0	 packets_sent=0	 packets_recv=0	 errin=0	 errout=0	 dropin=0	 dropout=0	read_count=0	 write_count=0	 read_bytes=0	 write_bytes=0	
Time=14:43:07	CPU0 Usage=2.0	CPU0time_system=4995.52	CPU0time_idle=74044.18	ram_available=1209659392	ram_percent=42.3	swap_used=12263424	swap_percent=0.6	bytes_sent=0	 bytes_recv=0	 packets_sent=0	 packets_recv=0	 errin=0	 errout=0	 dropin=0	 dropout=0	read_count=0	 write_count=0	 read_bytes=0	 write_bytes=0	
Time=14:43:09	CPU0 Usage=2.5	CPU0time_system=4995.56	CPU0time_idle=74046.12	ram_available=1209659392	ram_percent=42.3	swap_used=12263424	swap_percent=0.6	bytes_sent=0	 bytes_recv=0	 packets_sent=0	 packets_recv=0	 errin=0	 errout=0	 dropin=0	 dropout=0	read_count=0	 write_count=0	 read_bytes=0	 write_bytes=0	
Time=14:43:11	CPU0 Usage=1.5	CPU0time_system=4995.59	CPU0time_idle=74048.08	ram_available=1209659392	ram_percent=42.3	swap_used=12263424	swap_percent=0.6	bytes_sent=0	 bytes_recv=0	 packets_sent=0	 packets_recv=0	 errin=0	 errout=0	 dropin=0	 dropout=0	read_count=0	 write_count=0	 read_bytes=0	 write_bytes=0	
Time=14:43:13	CPU0 Usage=2.5	CPU0time_system=4995.64	CPU0time_idle=74050.03	ram_available=1209659392	ram_percent=42.3	swap_used=12263424	swap_percent=0.6	bytes_sent=0	 bytes_recv=0	 packets_sent=0	 packets_recv=0	 errin=0	 errout=0	 dropin=0	 dropout=0	read_count=0	 write_count=0	 read_bytes=0	 write_bytes=0	
Time=14:43:15	CPU0 Usage=2.0	CPU0time_system=4995.68	CPU0time_idle=74051.98	ram_available=1209659392	ram_percent=42.3	swap_used=12263424	swap_percent=0.6	bytes_sent=0	 bytes_recv=0	 packets_sent=0	 packets_recv=0	 errin=0	 errout=0	 dropin=0	 dropout=0	read_count=0	 write_count=0	 read_bytes=0	 write_bytes=0	
Time=14:43:17	CPU0 Usage=1.5	CPU0time_system=4995.71	CPU0time_idle=74053.94	ram_available=1209659392	ram_percent=42.3	swap_used=12263424	swap_percent=0.6	bytes_sent=0	 bytes_recv=0	 packets_sent=0	 packets_recv=0	 errin=0	 errout=0	 dropin=0	 dropout=0	read_count=0	 write_count=0	 read_bytes=0	 write_bytes=0	
Time=14:43:19	CPU0 Usage=2.0	CPU0time_system=4995.75	CPU0time_idle=74055.89	ram_available=1209659392	ram_percent=42.3	swap_used=12263424	swap_percent=0.6	bytes_sent=0	 bytes_recv=0	 packets_sent=0	 packets_recv=0	 errin=0	 errout=0	 dropin=0	 dropout=0	read_count=0	 write_count=0	 read_bytes=0	 write_bytes=0	
Time=14:43:21	CPU0 Usage=2.5	CPU0time_system=4995.8	CPU0time_idle=74057.84	ram_available=1209659392	ram_percent=42.3	swap_used=12263424	swap_percent=0.6	bytes_sent=0	 bytes_recv=0	 packets_sent=0	 packets_recv=0	 errin=0	 errout=0	 dropin=0	 dropout=0	read_count=0	 write_count=0	 read_bytes=0	 write_bytes=0	
Time=14:43:23	CPU0 Usage=1.5	CPU0time_system=4995.83	CPU0time_idle=74059.79	ram_available=1209659392	ram_percent=42.3	swap_used=12263424	swap_percent=0.6	bytes_sent=0	 bytes_recv=0	 packets_sent=0	 packets_recv=0	 errin=0	 errout=0	 dropin=0	 dropout=0	read_count=0	 write_count=0	 read_bytes=0	 write_bytes=0	
Time=14:43:25	CPU0 Usage=2.5	CPU0time_system=4995.87	CPU0time_idle=74061.75	ram_available=1209659392	ram_percent=42.3	swap_used=12263424	swap_percent=0.6	bytes_sent=0	 bytes_recv=60	 packets_sent=0	 packets_recv=1	 errin=0	 errout=0	 dropin=0	 dropout=0	read_count=0	 write_count=0	 read_bytes=0	 write_bytes=0	
Time=14:43:27	CPU0 Usage=1.5	CPU0time_system=4995.9	CPU0time_idle=74063.7	ram_available=1209655296	ram_percent=42.3	swap_used=12263424	swap_percent=0.6	bytes_sent=0	 bytes_recv=0	 packets_sent=0	 packets_recv=0	 errin=0	 errout=0	 dropin=0	 dropout=0	read_count=0	 write_count=0	 read_bytes=0	 write_bytes=0	
Time=14:43:29	CPU0 Usage=2.0	CPU0time_system=4995.94	CPU0time_idle=74065.65	ram_available=1209659392	ram_percent=42.3	swap_used=12263424	swap_percent=0.6	bytes_sent=0	 bytes_recv=0	 packets_sent=0	 packets_recv=0	 errin=0	 errout=0	 dropin=0	 dropout=0	read_count=0	 write_count=0	 read_bytes=0	 write_bytes=0	
Time=14:43:31	CPU0 Usage=2.5	CPU0time_system=4995.99	CPU0time_idle=74067.61	ram_available=1209659392	ram_percent=42.3	swap_used=12263424	swap_percent=0.6	bytes_sent=14336	 bytes_recv=132	 packets_sent=6	 packets_recv=2	 errin=0	 errout=0	 dropin=0	 dropout=0	read_count=0	 write_count=0	 read_bytes=0	 write_bytes=0	
Time=14:43:33	CPU0 Usage=2.0	CPU0time_system=4996.03	CPU0time_idle=74069.56	ram_available=1209659392	ram_percent=42.3	swap_used=12263424	swap_percent=0.6	bytes_sent=0	 bytes_recv=0	 packets_sent=0	 packets_recv=0	 errin=0	 errout=0	 dropin=0	 dropout=0	read_count=0	 write_count=0	 read_bytes=0	 write_bytes=0	
Time=14:43:35	CPU0 Usage=1.5	CPU0time_system=4996.06	CPU0time_idle=74071.51	ram_available=1209659392	ram_percent=42.3	swap_used=12263424	swap_percent=0.6	bytes_sent=60	 bytes_recv=60	 packets_sent=1	 packets_recv=1	 errin=0	 errout=0	 dropin=0	 dropout=0	read_count=0	 write_count=0	 read_bytes=0	 write_bytes=0	
Time=14:43:37	CPU0 Usage=3.0	CPU0time_system=4996.11	CPU0time_idle=74073.46	ram_available=1209659392	ram_percent=42.3	swap_used=12263424	swap_percent=0.6	bytes_sent=0	 bytes_recv=60	 packets_sent=0	 packets_recv=1	 errin=0	 errout=0	 dropin=0	 dropout=0	read_count=0	 write_count=0	 read_bytes=0	 write_bytes=0	
Time=14:43:39	CPU0 Usage=2.0	CPU0time_system=4996.15	CPU0time_idle=74075.42	ram_available=1209659392	ram_percent=42.3	swap_used=12263424	swap_percent=0.6	bytes_sent=0	 bytes_recv=0	 packets_sent=0	 packets_recv=0	 errin=0	 errout=0	 dropin=0	 dropout=0	read_count=0	 write_count=0	 read_bytes=0	 write_bytes=0	
Time=14:43:41	CPU0 Usage=2.5	CPU0time_system=4996.2	CPU0time_idle=74077.37	ram_available=1209659392	ram_percent=42.3	swap_used=12263424	swap_percent=0.6	bytes_sent=0	 bytes_recv=0	 packets_sent=0	 packets_recv=0	 errin=0	 errout=0	 dropin=0	 dropout=0	read_count=0	 write_count=0	 read_bytes=0	 write_bytes=0	
Time=14:43:43	CPU0 Usage=2.0	CPU0time_system=4996.23	CPU0time_idle=74079.32	ram_available=1209659392	ram_percent=42.3	swap_used=12263424	swap_percent=0.6	bytes_sent=0	 bytes_recv=0	 packets_sent=0	 packets_recv=0	 errin=0	 errout=0	 dropin=0	 dropout=0	read_count=0	 write_count=0	 read_bytes=0	 write_bytes=0	
Time=14:43:45	CPU0 Usage=2.0	CPU0time_system=4996.27	CPU0time_idle=74081.27	ram_available=1209659392	ram_percent=42.3	swap_used=12263424	swap_percent=0.6	bytes_sent=0	 bytes_recv=0	 packets_sent=0	 packets_recv=0	 errin=0	 errout=0	 dropin=0	 dropout=0	read_count=0	 write_count=0	 read_bytes=0	 write_bytes=0	
Time=14:43:47	CPU0 Usage=1.5	CPU0time_system=4996.3	CPU0time_idle=74083.23	ram_available=1209659392	ram_percent=42.3	swap_used=12263424	swap_percent=0.6	bytes_sent=0	 bytes_recv=0	 packets_sent=0	 packets_recv=0	 errin=0	 errout=0	 dropin=0	 dropout=0	read_count=0	 write_count=0	 read_bytes=0	 write_bytes=0	
Time=14:43:49	CPU0 Usage=2.0	CPU0time_system=4996.34	CPU0time_idle=74085.18	ram_available=1209659392	ram_percent=42.3	swap_used=12263424	swap_percent=0.6	bytes_sent=0	 bytes_recv=0	 packets_sent=0	 packets_recv=0	 errin=0	 errout=0	 dropin=0	 dropout=0	read_count=0	 write_count=0	 read_bytes=0	 write_bytes=0	
Time=14:43:51	CPU0 Usage=2.0	CPU0time_system=4996.37	CPU0time_idle=74087.14	ram_available=1209659392	ram_percent=42.3	swap_used=12263424	swap_percent=0.6	bytes_sent=0	 bytes_recv=0	 packets_sent=0	 packets_recv=0	 errin=0	 errout=0	 dropin=0	 dropout=0	read_count=0	 write_count=0	 read_bytes=0	 write_bytes=0	
Time=14:43:53	CPU0 Usage=2.0	CPU0time_system=4996.4	CPU0time_idle=74089.09	ram_available=1209659392	ram_percent=42.3	swap_used=12263424	swap_percent=0.6	bytes_sent=0	 bytes_recv=0	 packets_sent=0	 packets_recv=0	 errin=0	 errout=0	 dropin=0	 dropout=0	read_count=0	 write_count=0	 read_bytes=0	 write_bytes=0	
Time=14:43:55	CPU0 Usage=2.0	CPU0time_system=4996.44	CPU0time_idle=74091.04	ram_available=1209659392	ram_percent=42.3	swap_used=12263424	swap_percent=0.6	bytes_sent=0	 bytes_recv=0	 packets_sent=0	 packets_recv=0	 errin=0	 errout=0	 dropin=0	 dropout=0	read_count=0	 write_count=0	 read_bytes=0	 write_bytes=0	
Time=14:43:57	CPU0 Usage=2.0	CPU0time_system=4996.48	CPU0time_idle=74092.99	ram_available=1209659392	ram_percent=42.3	swap_used=12263424	swap_percent=0.6	bytes_sent=0	 bytes_recv=0	 packets_sent=0	 packets_recv=0	 errin=0	 errout=0	 dropin=0	 dropout=0	read_count=0	 write_count=0	 read_bytes=0	 write_bytes=0	
Time=14:43:59	CPU0 Usage=2.0	CPU0time_system=4996.51	CPU0time_idle=74094.94	ram_available=1209659392	ram_percent=42.3	swap_used=12263424	swap_percent=0.6	bytes_sent=0	 bytes_recv=0	 packets_sent=0	 packets_recv=0	 errin=0	 errout=0	 dropin=0	 dropout=0	read_count=0	 write_count=0	 read_bytes=0	 write_bytes=0	
Time=14:44:01	CPU0 Usage=3.0	CPU0time_system=4996.56	CPU0time_idle=74096.89	ram_available=1209659392	ram_percent=42.3	swap_used=12263424	swap_percent=0.6	bytes_sent=0	 bytes_recv=60	 packets_sent=0	 packets_recv=1	 errin=0	 errout=0	 dropin=0	 dropout=0	read_count=0	 write_count=0	 read_bytes=0	 write_bytes=0	
Time=14:44:03	CPU0 Usage=1.5	CPU0time_system=4996.59	CPU0time_idle=74098.84	ram_available=1209643008	ram_percent=42.3	swap_used=12263424	swap_percent=0.6	bytes_sent=0	 bytes_recv=0	 packets_sent=0	 packets_recv=0	 errin=0	 errout=0	 dropin=0	 dropout=0	read_count=0	 write_count=0	 read_bytes=0	 write_bytes=0	
Time=14:44:05	CPU0 Usage=2.0	CPU0time_system=4996.63	CPU0time_idle=74100.79	ram_available=1209643008	ram_percent=42.3	swap_used=12263424	swap_percent=0.6	bytes_sent=0	 bytes_recv=0	 packets_sent=0	 packets_recv=0	 errin=0	 errout=0	 dropin=0	 dropout=0	read_count=0	 write_count=0	 read_bytes=0	 write_bytes=0	
Time=14:44:07	CPU0 Usage=3.0	CPU0time_system=4996.68	CPU0time_idle=74102.75	ram_available=1209643008	ram_percent=42.3	swap_used=12263424	swap_percent=0.6	bytes_sent=0	 bytes_recv=0	 packets_sent=0	 packets_recv=0	 errin=0	 errout=0	 dropin=0	 dropout=0	read_count=0	 write_count=0	 read_bytes=0	 write_bytes=0	
Time=14:44:09	CPU0 Usage=2.0	CPU0time_system=4996.72	CPU0time_idle=74104.7	ram_available=1209643008	ram_percent=42.3	swap_used=12263424	swap_percent=0.6	bytes_sent=0	 bytes_recv=0	 packets_sent=0	 packets_recv=0	 errin=0	 errout=0	 dropin=0	 dropout=0	read_count=0	 write_count=0	 read_bytes=0	 write_bytes=0	
Time=14:44:11	CPU0 Usage=1.5	CPU0time_system=4996.75	CPU0time_idle=74106.65	ram_available=1209643008	ram_percent=42.3	swap_used=12263424	swap_percent=0.6	bytes_sent=0	 bytes_recv=0	 packets_sent=0	 packets_recv=0	 errin=0	 errout=0	 dropin=0	 dropout=0	read_count=0	 write_count=0	 read_bytes=0	 write_bytes=0	
Time=14:44:13	CPU0 Usage=2.5	CPU0time_system=4996.79	CPU0time_idle=74108.6	ram_available=1209643008	ram_percent=42.3	swap_used=12263424	swap_percent=0.6	bytes_sent=0	 bytes_recv=0	 packets_sent=0	 packets_recv=0	 errin=0	 errout=0	 dropin=0	 dropout=0	read_count=0	 write_count=0	 read_bytes=0	 write_bytes=0	
Time=14:44:15	CPU0 Usage=2.0	CPU0time_system=4996.83	CPU0time_idle=74110.56	ram_available=1209643008	ram_percent=42.3	swap_used=12263424	swap_percent=0.6	bytes_sent=0	 bytes_recv=0	 packets_sent=0	 packets_recv=0	 errin=0	 errout=0	 dropin=0	 dropout=0	read_count=0	 write_count=0	 read_bytes=0	 write_bytes=0	
Time=14:44:17	CPU0 Usage=1.5	CPU0time_system=4996.86	CPU0time_idle=74112.5	ram_available=1209659392	ram_percent=42.3	swap_used=12263424	swap_percent=0.6	bytes_sent=0	 bytes_recv=0	 packets_sent=0	 packets_recv=0	 errin=0	 errout=0	 dropin=0	 dropout=0	read_count=0	 write_count=0	 read_bytes=0	 write_bytes=0	
Time=14:44:19	CPU0 Usage=4.0	CPU0time_system=4996.94	CPU0time_idle=74114.43	ram_available=1209167872	ram_percent=42.4	swap_used=12263424	swap_percent=0.6	bytes_sent=0	 bytes_recv=0	 packets_sent=0	 packets_recv=0	 errin=0	 errout=0	 dropin=0	 dropout=0	read_count=0	 write_count=0	 read_bytes=0	 write_bytes=0	
Time=14:44:21	CPU0 Usage=1.5	CPU0time_system=4996.97	CPU0time_idle=74116.38	ram_available=1209171968	ram_percent=42.4	swap_used=12263424	swap_percent=0.6	bytes_sent=0	 bytes_recv=0	 packets_sent=0	 packets_recv=0	 errin=0	 errout=0	 dropin=0	 dropout=0	read_count=0	 write_count=0	 read_bytes=0	 write_bytes=0	
Time=14:44:23	CPU0 Usage=6.0	CPU0time_system=4997.07	CPU0time_idle=74118.25	ram_available=1278287872	ram_percent=39.1	swap_used=12263424	swap_percent=0.6	bytes_sent=14328	 bytes_recv=132	 packets_sent=6	 packets_recv=2	 errin=0	 errout=0	 dropin=0	 dropout=0	read_count=0	 write_count=0	 read_bytes=0	 write_bytes=0	
Time=14:44:25	CPU0 Usage=5.5	CPU0time_system=4997.17	CPU0time_idle=74120.13	ram_available=1278291968	ram_percent=39.1	swap_used=12263424	swap_percent=0.6	bytes_sent=0	 bytes_recv=0	 packets_sent=0	 packets_recv=0	 errin=0	 errout=0	 dropin=0	 dropout=0	read_count=0	 write_count=0	 read_bytes=0	 write_bytes=0	
Time=14:44:27	CPU0 Usage=5.5	CPU0time_system=4997.27	CPU0time_idle=74122.01	ram_available=1278291968	ram_percent=39.1	swap_used=12263424	swap_percent=0.6	bytes_sent=60	 bytes_recv=60	 packets_sent=1	 packets_recv=1	 errin=0	 errout=0	 dropin=0	 dropout=0	read_count=0	 write_count=0	 read_bytes=0	 write_bytes=0	
Time=14:44:29	CPU0 Usage=6.5	CPU0time_system=4997.37	CPU0time_idle=74123.88	ram_available=1278291968	ram_percent=39.1	swap_used=12263424	swap_percent=0.6	bytes_sent=0	 bytes_recv=0	 packets_sent=0	 packets_recv=0	 errin=0	 errout=0	 dropin=0	 dropout=0	read_count=0	 write_count=0	 read_bytes=0	 write_bytes=0	
Time=14:44:31	CPU0 Usage=5.5	CPU0time_system=4997.48	CPU0time_idle=74125.76	ram_available=1278291968	ram_percent=39.1	swap_used=12263424	swap_percent=0.6	bytes_sent=0	 bytes_recv=0	 packets_sent=0	 packets_recv=0	 errin=0	 errout=0	 dropin=0	 dropout=0	read_count=0	 write_count=0	 read_bytes=0	 write_bytes=0	
Time=14:44:33	CPU0 Usage=6.0	CPU0time_system=4997.6	CPU0time_idle=74127.64	ram_available=1278291968	ram_percent=39.1	swap_used=12263424	swap_percent=0.6	bytes_sent=0	 bytes_recv=0	 packets_sent=0	 packets_recv=0	 errin=0	 errout=0	 dropin=0	 dropout=0	read_count=0	 write_count=0	 read_bytes=0	 write_bytes=0	
Time=14:44:35	CPU0 Usage=6.0	CPU0time_system=4997.71	CPU0time_idle=74129.52	ram_available=1278291968	ram_percent=39.1	swap_used=12263424	swap_percent=0.6	bytes_sent=0	 bytes_recv=0	 packets_sent=0	 packets_recv=0	 errin=0	 errout=0	 dropin=0	 dropout=0	read_count=0	 write_count=0	 read_bytes=0	 write_bytes=0	
Time=14:44:37	CPU0 Usage=5.6	CPU0time_system=4997.82	CPU0time_idle=74131.39	ram_available=1278291968	ram_percent=39.1	swap_used=12263424	swap_percent=0.6	bytes_sent=0	 bytes_recv=0	 packets_sent=0	 packets_recv=0	 errin=0	 errout=0	 dropin=0	 dropout=0	read_count=0	 write_count=0	 read_bytes=0	 write_bytes=0	
Time=14:44:39	CPU0 Usage=5.5	CPU0time_system=4997.92	CPU0time_idle=74133.27	ram_available=1278291968	ram_percent=39.1	swap_used=12263424	swap_percent=0.6	bytes_sent=0	 bytes_recv=0	 packets_sent=0	 packets_recv=0	 errin=0	 errout=0	 dropin=0	 dropout=0	read_count=0	 write_count=0	 read_bytes=0	 write_bytes=0	
Time=14:44:41	CPU0 Usage=5.6	CPU0time_system=4998.03	CPU0time_idle=74135.14	ram_available=1278291968	ram_percent=39.1	swap_used=12263424	swap_percent=0.6	bytes_sent=0	 bytes_recv=0	 packets_sent=0	 packets_recv=0	 errin=0	 errout=0	 dropin=0	 dropout=0	read_count=0	 write_count=0	 read_bytes=0	 write_bytes=0	
Time=14:44:43	CPU0 Usage=5.5	CPU0time_system=4998.14	CPU0time_idle=74137.02	ram_available=1278291968	ram_percent=39.1	swap_used=12263424	swap_percent=0.6	bytes_sent=0	 bytes_recv=0	 packets_sent=0	 packets_recv=0	 errin=0	 errout=0	 dropin=0	 dropout=0	read_count=0	 write_count=0	 read_bytes=0	 write_bytes=0	
Time=14:44:45	CPU0 Usage=5.5	CPU0time_system=4998.25	CPU0time_idle=74138.9	ram_available=1278291968	ram_percent=39.1	swap_used=12263424	swap_percent=0.6	bytes_sent=0	 bytes_recv=0	 packets_sent=0	 packets_recv=0	 errin=0	 errout=0	 dropin=0	 dropout=0	read_count=0	 write_count=0	 read_bytes=0	 write_bytes=0	
Time=14:44:47	CPU0 Usage=5.0	CPU0time_system=4998.34	CPU0time_idle=74140.79	ram_available=1278291968	ram_percent=39.1	swap_used=12263424	swap_percent=0.6	bytes_sent=0	 bytes_recv=60	 packets_sent=0	 packets_recv=1	 errin=0	 errout=0	 dropin=0	 dropout=0	read_count=0	 write_count=0	 read_bytes=0	 write_bytes=0	
Time=14:44:49	CPU0 Usage=5.0	CPU0time_system=4998.43	CPU0time_idle=74142.68	ram_available=1278287872	ram_percent=39.1	swap_used=12263424	swap_percent=0.6	bytes_sent=0	 bytes_recv=60	 packets_sent=0	 packets_recv=1	 errin=0	 errout=0	 dropin=0	 dropout=0	read_count=0	 write_count=0	 read_bytes=0	 write_bytes=0	
Time=14:44:51	CPU0 Usage=5.0	CPU0time_system=4998.53	CPU0time_idle=74144.57	ram_available=1278291968	ram_percent=39.1	swap_used=12263424	swap_percent=0.6	bytes_sent=0	 bytes_recv=0	 packets_sent=0	 packets_recv=0	 errin=0	 errout=0	 dropin=0	 dropout=0	read_count=0	 write_count=0	 read_bytes=0	 write_bytes=0	
Time=14:44:53	CPU0 Usage=5.0	CPU0time_system=4998.62	CPU0time_idle=74146.46	ram_available=1278291968	ram_percent=39.1	swap_used=12263424	swap_percent=0.6	bytes_sent=0	 bytes_recv=0	 packets_sent=0	 packets_recv=0	 errin=0	 errout=0	 dropin=0	 dropout=0	read_count=0	 write_count=0	 read_bytes=0	 write_bytes=0	
Time=14:44:55	CPU0 Usage=4.1	CPU0time_system=4998.69	CPU0time_idle=74148.34	ram_available=1278287872	ram_percent=39.1	swap_used=12263424	swap_percent=0.6	bytes_sent=0	 bytes_recv=0	 packets_sent=0	 packets_recv=0	 errin=0	 errout=0	 dropin=0	 dropout=0	read_count=0	 write_count=0	 read_bytes=0	 write_bytes=0	
Time=14:44:57	CPU0 Usage=2.6	CPU0time_system=4998.74	CPU0time_idle=74150.22	ram_available=1278291968	ram_percent=39.1	swap_used=12263424	swap_percent=0.6	bytes_sent=0	 bytes_recv=0	 packets_sent=0	 packets_recv=0	 errin=0	 errout=0	 dropin=0	 dropout=0	read_count=0	 write_count=0	 read_bytes=0	 write_bytes=0	
Time=14:44:59	CPU0 Usage=6.5	CPU0time_system=4998.85	CPU0time_idle=74152.1	ram_available=1278291968	ram_percent=39.1	swap_used=12263424	swap_percent=0.6	bytes_sent=0	 bytes_recv=313	 packets_sent=0	 packets_recv=2	 errin=0	 errout=0	 dropin=0	 dropout=0	read_count=0	 write_count=0	 read_bytes=0	 write_bytes=0	
Time=14:45:01	CPU0 Usage=5.1	CPU0time_system=4998.95	CPU0time_idle=74153.98	ram_available=1278291968	ram_percent=39.1	swap_used=12263424	swap_percent=0.6	bytes_sent=0	 bytes_recv=0	 packets_sent=0	 packets_recv=0	 errin=0	 errout=0	 dropin=0	 dropout=0	read_count=0	 write_count=0	 read_bytes=0	 write_bytes=0	
Time=14:45:03	CPU0 Usage=5.0	CPU0time_system=4999.04	CPU0time_idle=74155.87	ram_available=1278291968	ram_percent=39.1	swap_used=12263424	swap_percent=0.6	bytes_sent=0	 bytes_recv=0	 packets_sent=0	 packets_recv=0	 errin=0	 errout=0	 dropin=0	 dropout=0	read_count=0	 write_count=0	 read_bytes=0	 write_bytes=0	
Time=14:45:05	CPU0 Usage=3.6	CPU0time_system=4999.11	CPU0time_idle=74157.75	ram_available=1278291968	ram_percent=39.1	swap_used=12263424	swap_percent=0.6	bytes_sent=0	 bytes_recv=240	 packets_sent=0	 packets_recv=4	 errin=0	 errout=0	 dropin=0	 dropout=0	read_count=0	 write_count=0	 read_bytes=0	 write_bytes=0	
Time=14:45:07	CPU0 Usage=2.0	CPU0time_system=4999.15	CPU0time_idle=74159.68	ram_available=1278291968	ram_percent=39.1	swap_used=12263424	swap_percent=0.6	bytes_sent=0	 bytes_recv=0	 packets_sent=0	 packets_recv=0	 errin=0	 errout=0	 dropin=0	 dropout=0	read_count=0	 write_count=0	 read_bytes=0	 write_bytes=0	
Time=14:45:09	CPU0 Usage=2.5	CPU0time_system=4999.18	CPU0time_idle=74161.62	ram_available=1278291968	ram_percent=39.1	swap_used=12263424	swap_percent=0.6	bytes_sent=0	 bytes_recv=0	 packets_sent=0	 packets_recv=0	 errin=0	 errout=0	 dropin=0	 dropout=0	read_count=0	 write_count=0	 read_bytes=0	 write_bytes=0	
Time=14:45:11	CPU0 Usage=1.5	CPU0time_system=4999.21	CPU0time_idle=74163.56	ram_available=1278291968	ram_percent=39.1	swap_used=12263424	swap_percent=0.6	bytes_sent=0	 bytes_recv=60	 packets_sent=0	 packets_recv=1	 errin=0	 errout=0	 dropin=0	 dropout=0	read_count=0	 write_count=0	 read_bytes=0	 write_bytes=0	
Time=14:45:13	CPU0 Usage=1.5	CPU0time_system=4999.24	CPU0time_idle=74165.5	ram_available=1278291968	ram_percent=39.1	swap_used=12263424	swap_percent=0.6	bytes_sent=0	 bytes_recv=0	 packets_sent=0	 packets_recv=0	 errin=0	 errout=0	 dropin=0	 dropout=0	read_count=0	 write_count=0	 read_bytes=0	 write_bytes=0	
Time=14:45:15	CPU0 Usage=1.0	CPU0time_system=4999.26	CPU0time_idle=74167.43	ram_available=1278291968	ram_percent=39.1	swap_used=12263424	swap_percent=0.6	bytes_sent=0	 bytes_recv=0	 packets_sent=0	 packets_recv=0	 errin=0	 errout=0	 dropin=0	 dropout=0	read_count=0	 write_count=0	 read_bytes=0	 write_bytes=0	
Time=14:45:17	CPU0 Usage=2.0	CPU0time_system=4999.29	CPU0time_idle=74169.37	ram_available=1278291968	ram_percent=39.1	swap_used=12263424	swap_percent=0.6	bytes_sent=14328	 bytes_recv=132	 packets_sent=6	 packets_recv=2	 errin=0	 errout=0	 dropin=0	 dropout=0	read_count=0	 write_count=0	 read_bytes=0	 write_bytes=0	
Time=14:45:19	CPU0 Usage=2.0	CPU0time_system=4999.32	CPU0time_idle=74171.3	ram_available=1278291968	ram_percent=39.1	swap_used=12263424	swap_percent=0.6	bytes_sent=0	 bytes_recv=0	 packets_sent=0	 packets_recv=0	 errin=0	 errout=0	 dropin=0	 dropout=0	read_count=0	 write_count=0	 read_bytes=0	 write_bytes=0	
Time=14:45:21	CPU0 Usage=1.5	CPU0time_system=4999.35	CPU0time_idle=74173.24	ram_available=1278291968	ram_percent=39.1	swap_used=12263424	swap_percent=0.6	bytes_sent=120	 bytes_recv=120	 packets_sent=2	 packets_recv=2	 errin=0	 errout=0	 dropin=0	 dropout=0	read_count=0	 write_count=0	 read_bytes=0	 write_bytes=0	
Time=14:45:23	CPU0 Usage=2.0	CPU0time_system=4999.36	CPU0time_idle=74175.18	ram_available=1278291968	ram_percent=39.1	swap_used=12263424	swap_percent=0.6	bytes_sent=0	 bytes_recv=0	 packets_sent=0	 packets_recv=0	 errin=0	 errout=0	 dropin=0	 dropout=0	read_count=0	 write_count=0	 read_bytes=0	 write_bytes=0	
