Time	CPU0 Usage	CPU0time_system	CPU0time_idle	ram_available	ram_percent	swap_used	swap_percent	bytes_sent	 bytes_recv	 packets_sent	 packets_recv	 errin	 errout	 dropin	 dropout	read_count	 write_count	 read_bytes	 write_bytes	
03:00:16	0.0	11313.96	188910.12	1638047744	21.9	30273536	1.4	0	0	0	0	0	0	0	0	0	0	0	0	
03:00:18	0.0	11313.97	188912.12	1637920768	21.9	30273536	1.4	0	0	0	0	0	0	0	0	0	0	0	0	
03:00:20	0.0	11313.97	188914.12	1637920768	21.9	30273536	1.4	0	0	0	0	0	0	0	0	0	6	0	32768	
03:00:22	0.0	11313.97	188916.11	1637928960	21.9	30273536	1.4	0	0	0	0	0	0	0	0	0	0	0	0	
03:00:24	0.0	11313.97	188918.11	1637928960	21.9	30273536	1.4	0	0	0	0	0	0	0	0	0	0	0	0	
03:00:26	0.0	11313.97	188920.11	1637928960	21.9	30273536	1.4	0	0	0	0	0	0	0	0	0	0	0	0	
03:00:28	0.0	11313.97	188922.11	1637928960	21.9	30273536	1.4	0	0	0	0	0	0	0	0	0	0	0	0	
03:00:30	0.0	11313.97	188924.11	1637928960	21.9	30273536	1.4	0	0	0	0	0	0	0	0	0	0	0	0	
03:00:32	0.0	11313.97	188926.1	1637928960	21.9	30273536	1.4	0	0	0	0	0	0	0	0	0	0	0	0	
03:00:34	0.0	11313.97	188928.1	1637928960	21.9	30273536	1.4	0	0	0	0	0	0	0	0	0	0	0	0	
03:00:36	0.0	11313.97	188930.1	1637928960	21.9	30273536	1.4	0	0	0	0	0	0	0	0	0	0	0	0	
03:00:38	0.0	11313.97	188932.1	1637928960	21.9	30273536	1.4	0	0	0	0	0	0	0	0	0	0	0	0	
03:00:40	0.0	11313.97	188934.09	1637928960	21.9	30273536	1.4	0	60	0	1	0	0	0	0	0	8	0	98304	
03:00:42	0.5	11313.97	188936.08	1637928960	21.9	30273536	1.4	0	0	0	0	0	0	0	0	0	0	0	0	
03:00:44	0.5	11313.98	188938.08	1640280064	21.8	30273536	1.4	0	0	0	0	0	0	0	0	0	0	0	0	
03:00:46	0.0	11313.98	188940.08	1640312832	21.8	30273536	1.4	0	0	0	0	0	0	0	0	0	38	0	180224	
03:00:48	0.0	11313.98	188942.08	1640312832	21.8	30273536	1.4	0	0	0	0	0	0	0	0	0	0	0	0	
03:00:50	0.0	11313.98	188944.07	1640312832	21.8	30273536	1.4	0	0	0	0	0	0	0	0	0	0	0	0	
03:00:52	0.0	11313.98	188946.07	1640312832	21.8	30273536	1.4	0	0	0	0	0	0	0	0	0	0	0	0	
03:00:54	0.0	11313.98	188948.07	1640312832	21.8	30273536	1.4	0	0	0	0	0	0	0	0	0	0	0	0	
03:00:56	0.0	11313.98	188950.06	1640312832	21.8	30273536	1.4	0	0	0	0	0	0	0	0	0	0	0	0	
03:00:58	0.0	11313.98	188952.06	1640312832	21.8	30273536	1.4	0	0	0	0	0	0	0	0	0	0	0	0	
03:01:00	0.0	11313.98	188954.05	1640312832	21.8	30273536	1.4	0	0	0	0	0	0	0	0	0	0	0	0	
03:01:02	0.5	11313.98	188956.05	1640312832	21.8	30273536	1.4	0	60	0	1	0	0	0	0	0	0	0	0	
03:01:04	0.0	11313.98	188958.04	1640312832	21.8	30273536	1.4	0	0	0	0	0	0	0	0	0	0	0	0	
03:01:06	0.0	11313.98	188960.04	1640312832	21.8	30273536	1.4	0	0	0	0	0	0	0	0	0	0	0	0	
03:01:08	0.0	11313.98	188962.04	1640161280	21.8	30273536	1.4	12904	252	6	4	0	0	0	0	0	0	0	0	
03:01:10	0.0	11313.98	188964.04	1640161280	21.8	30273536	1.4	0	0	0	0	0	0	0	0	0	2	0	24576	
03:01:12	0.0	11313.98	188966.03	1640161280	21.8	30273536	1.4	60	60	1	1	0	0	0	0	0	0	0	0	
03:01:14	0.0	11313.98	188968.03	1640161280	21.8	30273536	1.4	0	0	0	0	0	0	0	0	0	0	0	0	
03:01:16	0.0	11313.98	188970.03	1640161280	21.8	30273536	1.4	0	180	0	3	0	0	0	0	0	11	0	49152	
03:01:18	0.0	11313.98	188972.02	1640161280	21.8	30273536	1.4	0	0	0	0	0	0	0	0	0	0	0	0	
03:01:20	0.0	11313.98	188974.02	1640161280	21.8	30273536	1.4	0	60	0	1	0	0	0	0	0	4	0	40960	
03:01:22	0.0	11313.98	188976.02	1640169472	21.8	30273536	1.4	0	0	0	0	0	0	0	0	0	0	0	0	
03:01:24	0.0	11313.98	188978.01	1640169472	21.8	30273536	1.4	0	0	0	0	0	0	0	0	0	0	0	0	
03:01:26	0.0	11313.98	188980.01	1640169472	21.8	30273536	1.4	0	0	0	0	0	0	0	0	0	5	0	24576	
03:01:28	0.0	11313.98	188982.01	1640169472	21.8	30273536	1.4	0	0	0	0	0	0	0	0	0	0	0	0	
03:01:30	0.0	11313.98	188984.01	1640169472	21.8	30273536	1.4	0	0	0	0	0	0	0	0	0	0	0	0	
03:01:32	0.0	11313.98	188986.0	1640177664	21.8	30273536	1.4	0	0	0	0	0	0	0	0	0	0	0	0	
03:01:34	0.0	11313.98	188988.0	1640177664	21.8	30273536	1.4	0	0	0	0	0	0	0	0	0	0	0	0	
03:01:36	0.0	11313.98	188990.0	1640177664	21.8	30273536	1.4	0	0	0	0	0	0	0	0	0	0	0	0	
03:01:38	0.0	11313.98	188992.0	1640177664	21.8	30273536	1.4	0	0	0	0	0	0	0	0	0	0	0	0	
03:01:40	0.0	11313.98	188993.99	1640177664	21.8	30273536	1.4	0	0	0	0	0	0	0	0	0	0	0	0	
03:01:42	0.0	11313.98	188995.99	1640177664	21.8	30273536	1.4	0	0	0	0	0	0	0	0	0	0	0	0	
03:01:44	0.0	11313.98	188997.99	1640177664	21.8	30273536	1.4	0	0	0	0	0	0	0	0	0	0	0	0	
03:01:46	0.0	11313.98	188999.98	1640177664	21.8	30273536	1.4	0	0	0	0	0	0	0	0	0	0	0	0	
03:01:48	0.0	11313.98	189001.98	1640177664	21.8	30273536	1.4	0	0	0	0	0	0	0	0	0	5	0	24576	
03:01:50	0.0	11313.98	189003.98	1640177664	21.8	30273536	1.4	0	0	0	0	0	0	0	0	0	2	0	32768	
03:01:52	0.0	11313.98	189005.98	1640185856	21.8	30273536	1.4	0	0	0	0	0	0	0	0	0	0	0	0	
03:01:54	0.0	11313.98	189007.98	1640185856	21.8	30273536	1.4	0	0	0	0	0	0	0	0	0	0	0	0	
03:01:56	0.0	11313.98	189009.97	1640185856	21.8	30273536	1.4	0	0	0	0	0	0	0	0	0	5	0	24576	
03:01:58	0.0	11313.98	189011.97	1640185856	21.8	30273536	1.4	0	0	0	0	0	0	0	0	0	0	0	0	
03:02:00	0.0	11313.99	189013.96	1640185856	21.8	30273536	1.4	14328	198	6	3	0	0	0	0	0	2	0	8192	
03:02:02	0.5	11314.0	189015.96	1640194048	21.8	30273536	1.4	0	0	0	0	0	0	0	0	0	0	0	0	
03:02:04	0.0	11314.0	189017.96	1640194048	21.8	30273536	1.4	60	60	1	1	0	0	0	0	0	0	0	0	
03:02:06	0.0	11314.0	189019.95	1640194048	21.8	30273536	1.4	0	0	0	0	0	0	0	0	0	0	0	0	
03:02:08	0.0	11314.0	189021.95	1640194048	21.8	30273536	1.4	0	0	0	0	0	0	0	0	0	0	0	0	
03:02:10	0.0	11314.0	189023.95	1640194048	21.8	30273536	1.4	0	0	0	0	0	0	0	0	0	0	0	0	
03:02:12	0.0	11314.0	189025.94	1640194048	21.8	30273536	1.4	0	120	0	2	0	0	0	0	0	0	0	0	
03:02:14	0.0	11314.0	189027.94	1640194048	21.8	30273536	1.4	0	0	0	0	0	0	0	0	0	0	0	0	
03:02:16	0.0	11314.0	189029.94	1640194048	21.8	30273536	1.4	0	0	0	0	0	0	0	0	0	0	0	0	
03:02:18	0.0	11314.0	189031.94	1640194048	21.8	30273536	1.4	0	0	0	0	0	0	0	0	0	0	0	0	
03:02:20	0.0	11314.0	189033.93	1640194048	21.8	30273536	1.4	0	0	0	0	0	0	0	0	0	2	0	24576	
03:02:22	0.0	11314.0	189035.93	1640194048	21.8	30273536	1.4	0	0	0	0	0	0	0	0	0	0	0	0	
03:02:24	0.0	11314.0	189037.92	1640194048	21.8	30273536	1.4	0	60	0	1	0	0	0	0	0	0	0	0	
03:02:26	0.0	11314.0	189039.92	1640194048	21.8	30273536	1.4	0	0	0	0	0	0	0	0	0	5	0	24576	
03:02:28	0.0	11314.0	189041.92	1640194048	21.8	30273536	1.4	0	0	0	0	0	0	0	0	0	0	0	0	
03:02:30	0.0	11314.0	189043.92	1640194048	21.8	30273536	1.4	0	0	0	0	0	0	0	0	0	0	0	0	
03:02:32	0.0	11314.0	189045.92	1640194048	21.8	30273536	1.4	0	0	0	0	0	0	0	0	0	0	0	0	
03:02:34	0.0	11314.0	189047.91	1640194048	21.8	30273536	1.4	0	0	0	0	0	0	0	0	0	0	0	0	
03:02:36	0.0	11314.0	189049.91	1640194048	21.8	30273536	1.4	0	0	0	0	0	0	0	0	0	0	0	0	
03:02:38	0.0	11314.0	189051.91	1640194048	21.8	30273536	1.4	0	0	0	0	0	0	0	0	0	0	0	0	
03:02:40	0.0	11314.0	189053.9	1640194048	21.8	30273536	1.4	0	120	0	2	0	0	0	0	0	0	0	0	
03:02:42	0.0	11314.0	189055.9	1640194048	21.8	30273536	1.4	0	0	0	0	0	0	0	0	0	0	0	0	
03:02:44	0.0	11314.0	189057.9	1640194048	21.8	30273536	1.4	0	0	0	0	0	0	0	0	0	0	0	0	
03:02:46	0.0	11314.0	189059.9	1640194048	21.8	30273536	1.4	0	0	0	0	0	0	0	0	0	0	0	0	
03:02:48	0.0	11314.0	189061.89	1640194048	21.8	30273536	1.4	0	0	0	0	0	0	0	0	0	5	0	24576	
03:02:50	0.0	11314.0	189063.89	1640194048	21.8	30273536	1.4	0	0	0	0	0	0	0	0	0	2	0	32768	
03:02:52	0.0	11314.0	189065.88	1640210432	21.8	30273536	1.4	11480	198	6	3	0	0	0	0	0	0	0	0	
03:02:54	0.0	11314.0	189067.88	1640210432	21.8	30273536	1.4	0	0	0	0	0	0	0	0	0	0	0	0	
03:02:56	0.0	11314.0	189069.88	1640210432	21.8	30273536	1.4	60	60	1	1	0	0	0	0	0	5	0	24576	
03:02:58	0.0	11314.0	189071.88	1640210432	21.8	30273536	1.4	0	60	0	1	0	0	0	0	0	0	0	0	
03:03:00	0.5	11314.0	189073.87	1640210432	21.8	30273536	1.4	0	0	0	0	0	0	0	0	0	2	0	8192	
03:03:02	0.0	11314.0	189075.86	1640218624	21.8	30273536	1.4	0	0	0	0	0	0	0	0	0	0	0	0	
03:03:04	0.0	11314.0	189077.86	1640218624	21.8	30273536	1.4	0	0	0	0	0	0	0	0	0	0	0	0	
03:03:06	0.0	11314.0	189079.86	1640218624	21.8	30273536	1.4	0	0	0	0	0	0	0	0	0	0	0	0	
03:03:08	0.0	11314.0	189081.86	1640218624	21.8	30273536	1.4	0	0	0	0	0	0	0	0	0	0	0	0	
03:03:10	0.0	11314.0	189083.86	1640218624	21.8	30273536	1.4	0	0	0	0	0	0	0	0	0	0	0	0	
03:03:12	0.0	11314.0	189085.85	1640218624	21.8	30273536	1.4	0	0	0	0	0	0	0	0	0	0	0	0	
03:03:14	0.0	11314.0	189087.85	1640218624	21.8	30273536	1.4	0	0	0	0	0	0	0	0	0	0	0	0	
03:03:16	0.0	11314.0	189089.85	1640218624	21.8	30273536	1.4	0	0	0	0	0	0	0	0	0	0	0	0	
03:03:18	0.0	11314.0	189091.84	1640218624	21.8	30273536	1.4	0	0	0	0	0	0	0	0	0	0	0	0	
03:03:20	0.0	11314.0	189093.84	1640218624	21.8	30273536	1.4	0	0	0	0	0	0	0	0	0	2	0	24576	
03:03:22	0.0	11314.0	189095.84	1640218624	21.8	30273536	1.4	0	0	0	0	0	0	0	0	0	0	0	0	
03:03:24	0.0	11314.0	189097.84	1640218624	21.8	30273536	1.4	0	0	0	0	0	0	0	0	0	0	0	0	
03:03:26	0.0	11314.0	189099.83	1640218624	21.8	30273536	1.4	0	0	0	0	0	0	0	0	0	5	0	24576	
03:03:28	0.0	11314.0	189101.83	1640218624	21.8	30273536	1.4	0	0	0	0	0	0	0	0	0	0	0	0	
03:03:30	0.0	11314.0	189103.83	1640218624	21.8	30273536	1.4	0	0	0	0	0	0	0	0	0	0	0	0	
03:03:32	0.0	11314.0	189105.83	1640218624	21.8	30273536	1.4	0	0	0	0	0	0	0	0	0	0	0	0	
03:03:34	0.0	11314.0	189107.82	1640218624	21.8	30273536	1.4	0	0	0	0	0	0	0	0	0	0	0	0	
03:03:36	0.0	11314.0	189109.82	1640218624	21.8	30273536	1.4	0	0	0	0	0	0	0	0	0	0	0	0	
03:03:38	0.0	11314.0	189111.82	1640218624	21.8	30273536	1.4	0	0	0	0	0	0	0	0	0	0	0	0	
03:03:40	0.0	11314.0	189113.82	1640218624	21.8	30273536	1.4	0	0	0	0	0	0	0	0	0	0	0	0	
03:03:42	0.0	11314.0	189115.81	1640218624	21.8	30273536	1.4	0	0	0	0	0	0	0	0	0	0	0	0	
03:03:44	0.0	11314.0	189117.81	1640218624	21.8	30273536	1.4	12904	0	6	0	0	0	0	0	0	0	0	0	
03:03:46	0.0	11314.0	189119.8	1640218624	21.8	30273536	1.4	0	198	0	3	0	0	0	0	0	0	0	0	
03:03:48	1.0	11314.02	189121.79	1639936000	21.8	30273536	1.4	0	0	0	0	0	0	0	0	0	0	0	0	
03:03:50	0.0	11314.02	189123.79	1639972864	21.8	30273536	1.4	60	60	1	1	0	0	0	0	0	2	0	24576	
03:03:52	0.0	11314.02	189125.78	1639972864	21.8	30273536	1.4	0	0	0	0	0	0	0	0	0	0	0	0	
03:03:54	0.0	11314.02	189127.78	1639972864	21.8	30273536	1.4	0	60	0	1	0	0	0	0	0	0	0	0	
03:03:56	0.0	11314.02	189129.78	1639972864	21.8	30273536	1.4	0	0	0	0	0	0	0	0	0	5	0	24576	
03:03:58	0.5	11314.03	189131.76	1639297024	21.8	30273536	1.4	0	0	0	0	0	0	0	0	0	0	0	0	
03:04:00	0.5	11314.03	189133.76	1639292928	21.8	30273536	1.4	0	0	0	0	0	0	0	0	0	2	0	8192	
03:04:02	0.0	11314.03	189135.75	1639292928	21.8	30273536	1.4	0	0	0	0	0	0	0	0	0	0	0	0	
03:04:04	0.0	11314.03	189137.75	1639292928	21.8	30273536	1.4	0	0	0	0	0	0	0	0	0	0	0	0	
03:04:06	0.0	11314.03	189139.75	1639292928	21.8	30273536	1.4	0	0	0	0	0	0	0	0	0	0	0	0	
03:04:08	0.0	11314.03	189141.74	1639264256	21.8	30273536	1.4	0	0	0	0	0	0	0	0	0	0	0	0	
03:04:10	0.0	11314.03	189143.74	1639264256	21.8	30273536	1.4	0	0	0	0	0	0	0	0	0	0	0	0	
03:04:12	0.0	11314.03	189145.74	1639264256	21.8	30273536	1.4	0	0	0	0	0	0	0	0	0	0	0	0	
03:04:14	0.0	11314.03	189147.73	1639264256	21.8	30273536	1.4	0	0	0	0	0	0	0	0	0	0	0	0	
03:04:16	0.0	11314.03	189149.73	1639264256	21.8	30273536	1.4	0	60	0	1	0	0	0	0	0	0	0	0	
03:04:18	0.0	11314.03	189151.73	1639264256	21.8	30273536	1.4	0	60	0	1	0	0	0	0	0	0	0	0	
03:04:20	0.0	11314.03	189153.73	1639354368	21.8	30273536	1.4	0	0	0	0	0	0	0	0	0	2	0	24576	
03:04:22	0.0	11314.03	189155.72	1639391232	21.8	30273536	1.4	0	0	0	0	0	0	0	0	0	0	0	0	
03:04:24	0.0	11314.03	189157.72	1639391232	21.8	30273536	1.4	0	0	0	0	0	0	0	0	0	0	0	0	
03:04:26	0.0	11314.03	189159.72	1639391232	21.8	30273536	1.4	0	0	0	0	0	0	0	0	0	5	0	24576	
03:04:28	0.0	11314.03	189161.72	1639391232	21.8	30273536	1.4	0	0	0	0	0	0	0	0	0	0	0	0	
03:04:30	0.0	11314.03	189163.72	1639391232	21.8	30273536	1.4	0	0	0	0	0	0	0	0	0	0	0	0	
03:04:32	0.0	11314.03	189165.71	1639391232	21.8	30273536	1.4	0	0	0	0	0	0	0	0	0	0	0	0	
03:04:34	0.0	11314.03	189167.71	1639391232	21.8	30273536	1.4	0	0	0	0	0	0	0	0	0	0	0	0	
03:04:36	0.0	11314.03	189169.71	1639391232	21.8	30273536	1.4	14336	0	6	0	0	0	0	0	0	0	0	0	
03:04:38	0.0	11314.03	189171.7	1639391232	21.8	30273536	1.4	0	198	0	3	0	0	0	0	0	0	0	0	
03:04:40	0.0	11314.03	189173.7	1639391232	21.8	30273536	1.4	0	0	0	0	0	0	0	0	0	0	0	0	
03:04:42	0.0	11314.03	189175.7	1639391232	21.8	30273536	1.4	60	60	1	1	0	0	0	0	0	0	0	0	
03:04:44	0.0	11314.03	189177.7	1639391232	21.8	30273536	1.4	0	0	0	0	0	0	0	0	0	0	0	0	
03:04:46	0.0	11314.03	189179.7	1639391232	21.8	30273536	1.4	0	0	0	0	0	0	0	0	0	0	0	0	
03:04:48	0.0	11314.03	189181.69	1639391232	21.8	30273536	1.4	0	0	0	0	0	0	0	0	0	0	0	0	
03:04:50	0.0	11314.03	189183.69	1639399424	21.8	30273536	1.4	0	60	0	1	0	0	0	0	0	2	0	24576	
03:04:52	0.0	11314.03	189185.69	1639399424	21.8	30273536	1.4	0	0	0	0	0	0	0	0	0	0	0	0	
03:04:54	0.0	11314.03	189187.69	1639399424	21.8	30273536	1.4	0	0	0	0	0	0	0	0	0	0	0	0	
03:04:56	0.0	11314.03	189189.68	1639399424	21.8	30273536	1.4	0	0	0	0	0	0	0	0	0	5	0	24576	
03:04:58	0.0	11314.03	189191.68	1639399424	21.8	30273536	1.4	0	0	0	0	0	0	0	0	0	0	0	0	
03:05:00	0.0	11314.03	189193.68	1639411712	21.8	30273536	1.4	0	0	0	0	0	0	0	0	0	2	0	8192	
03:05:02	0.0	11314.03	189195.67	1639411712	21.8	30273536	1.4	0	0	0	0	0	0	0	0	0	0	0	0	
03:05:04	0.0	11314.03	189197.67	1639411712	21.8	30273536	1.4	0	0	0	0	0	0	0	0	0	0	0	0	
03:05:06	0.0	11314.03	189199.67	1639411712	21.8	30273536	1.4	0	0	0	0	0	0	0	0	0	0	0	0	
03:05:08	0.0	11314.03	189201.67	1639428096	21.8	30273536	1.4	0	0	0	0	0	0	0	0	0	0	0	0	
03:05:10	0.0	11314.03	189203.66	1639428096	21.8	30273536	1.4	0	0	0	0	0	0	0	0	0	0	0	0	
03:05:12	0.0	11314.03	189205.66	1639428096	21.8	30273536	1.4	0	253	0	1	0	0	0	0	0	0	0	0	
03:05:14	0.0	11314.03	189207.66	1639428096	21.8	30273536	1.4	0	0	0	0	0	0	0	0	0	0	0	0	
03:05:16	0.0	11314.03	189209.66	1639428096	21.8	30273536	1.4	0	0	0	0	0	0	0	0	0	0	0	0	
03:05:18	0.0	11314.03	189211.66	1639428096	21.8	30273536	1.4	0	0	0	0	0	0	0	0	0	0	0	0	
03:05:20	0.0	11314.03	189213.65	1639428096	21.8	30273536	1.4	0	0	0	0	0	0	0	0	0	2	0	24576	
03:05:22	0.0	11314.03	189215.65	1639428096	21.8	30273536	1.4	0	0	0	0	0	0	0	0	0	0	0	0	
03:05:24	0.0	11314.03	189217.65	1639428096	21.8	30273536	1.4	0	0	0	0	0	0	0	0	0	0	0	0	
03:05:26	0.0	11314.03	189219.65	1639428096	21.8	30273536	1.4	0	0	0	0	0	0	0	0	0	5	0	24576	
03:05:28	0.0	11314.03	189221.64	1639428096	21.8	30273536	1.4	14328	0	6	0	0	0	0	0	0	0	0	0	
03:05:30	0.0	11314.03	189223.64	1639428096	21.8	30273536	1.4	0	264	0	4	0	0	0	0	0	0	0	0	
03:05:32	0.0	11314.03	189225.64	1639428096	21.8	30273536	1.4	0	0	0	0	0	0	0	0	0	0	0	0	
03:05:34	0.0	11314.03	189227.64	1639428096	21.8	30273536	1.4	60	60	1	1	0	0	0	0	0	0	0	0	
03:05:36	0.0	11314.03	189229.64	1639428096	21.8	30273536	1.4	0	0	0	0	0	0	0	0	0	0	0	0	
03:05:38	0.0	11314.03	189231.63	1639428096	21.8	30273536	1.4	0	253	0	1	0	0	0	0	0	0	0	0	
03:05:40	0.0	11314.03	189233.63	1639428096	21.8	30273536	1.4	0	0	0	0	0	0	0	0	0	0	0	0	
03:05:42	0.0	11314.03	189235.63	1639428096	21.8	30273536	1.4	0	0	0	0	0	0	0	0	0	0	0	0	
03:05:44	0.0	11314.03	189237.62	1639428096	21.8	30273536	1.4	0	0	0	0	0	0	0	0	0	0	0	0	
03:05:46	0.0	11314.03	189239.62	1639428096	21.8	30273536	1.4	0	0	0	0	0	0	0	0	0	0	0	0	
03:05:48	0.0	11314.03	189241.62	1639428096	21.8	30273536	1.4	0	0	0	0	0	0	0	0	0	0	0	0	
03:05:50	0.0	11314.03	189243.62	1639436288	21.8	30273536	1.4	0	0	0	0	0	0	0	0	0	2	0	24576	
03:05:52	0.0	11314.03	189245.62	1639436288	21.8	30273536	1.4	0	0	0	0	0	0	0	0	0	0	0	0	
03:05:54	0.0	11314.03	189247.61	1639403520	21.8	30273536	1.4	0	212	0	3	0	0	0	0	0	0	0	0	
03:05:56	0.0	11314.03	189249.61	1639403520	21.8	30273536	1.4	0	0	0	0	0	0	0	0	0	5	0	24576	
03:05:58	0.0	11314.03	189251.61	1639403520	21.8	30273536	1.4	0	0	0	0	0	0	0	0	0	0	0	0	
03:06:00	1.0	11314.04	189253.6	1639411712	21.8	30273536	1.4	0	0	0	0	0	0	0	0	0	2	0	8192	
03:06:02	0.0	11314.04	189255.6	1639411712	21.8	30273536	1.4	0	0	0	0	0	0	0	0	0	0	0	0	
03:06:04	0.0	11314.04	189257.59	1639411712	21.8	30273536	1.4	0	0	0	0	0	0	0	0	0	0	0	0	
03:06:06	0.0	11314.04	189259.59	1639411712	21.8	30273536	1.4	0	120	0	2	0	0	0	0	0	0	0	0	
03:06:08	0.0	11314.04	189261.59	1639411712	21.8	30273536	1.4	0	0	0	0	0	0	0	0	0	0	0	0	
03:06:10	0.0	11314.04	189263.59	1639411712	21.8	30273536	1.4	0	0	0	0	0	0	0	0	0	0	0	0	
03:06:12	0.0	11314.04	189265.58	1639411712	21.8	30273536	1.4	0	0	0	0	0	0	0	0	0	0	0	0	
03:06:14	0.0	11314.04	189267.58	1639411712	21.8	30273536	1.4	0	0	0	0	0	0	0	0	0	0	0	0	
03:06:16	0.0	11314.04	189269.58	1639411712	21.8	30273536	1.4	0	0	0	0	0	0	0	0	0	0	0	0	
03:06:18	0.0	11314.04	189271.58	1639411712	21.8	30273536	1.4	0	0	0	0	0	0	0	0	0	0	0	0	
03:06:20	0.0	11314.04	189273.58	1639411712	21.8	30273536	1.4	0	0	0	0	0	0	0	0	0	2	0	24576	
03:06:22	1.5	11314.05	189275.54	1635602432	22.0	30273536	1.4	14336	438	6	7	0	0	0	0	0	0	0	0	
03:06:24	0.0	11314.05	189277.53	1635602432	22.0	30273536	1.4	0	0	0	0	0	0	0	0	0	0	0	0	
03:06:26	0.0	11314.05	189279.53	1635602432	22.0	30273536	1.4	60	60	1	1	0	0	0	0	0	5	0	24576	
03:06:28	0.0	11314.05	189281.53	1635602432	22.0	30273536	1.4	0	0	0	0	0	0	0	0	0	0	0	0	
03:06:30	0.0	11314.05	189283.53	1635602432	22.0	30273536	1.4	0	0	0	0	0	0	0	0	0	0	0	0	
03:06:32	0.0	11314.05	189285.52	1635602432	22.0	30273536	1.4	0	0	0	0	0	0	0	0	0	0	0	0	
03:06:34	0.0	11314.05	189287.52	1635602432	22.0	30273536	1.4	0	0	0	0	0	0	0	0	0	0	0	0	
03:06:36	0.0	11314.05	189289.52	1635602432	22.0	30273536	1.4	0	0	0	0	0	0	0	0	0	0	0	0	
03:06:38	0.0	11314.05	189291.52	1635602432	22.0	30273536	1.4	0	0	0	0	0	0	0	0	0	0	0	0	
03:06:40	0.0	11314.05	189293.52	1635602432	22.0	30273536	1.4	0	0	0	0	0	0	0	0	0	0	0	0	
03:06:42	0.0	11314.05	189295.51	1635610624	22.0	30273536	1.4	0	0	0	0	0	0	0	0	0	0	0	0	
03:06:44	0.0	11314.05	189297.51	1635610624	22.0	30273536	1.4	0	0	0	0	0	0	0	0	0	0	0	0	
03:06:46	0.0	11314.05	189299.5	1635610624	22.0	30273536	1.4	0	0	0	0	0	0	0	0	0	0	0	0	
03:06:48	0.0	11314.05	189301.5	1635610624	22.0	30273536	1.4	0	0	0	0	0	0	0	0	0	0	0	0	
03:06:50	0.0	11314.05	189303.5	1635610624	22.0	30273536	1.4	0	0	0	0	0	0	0	0	0	2	0	24576	
03:06:52	0.5	11314.05	189305.49	1635483648	22.0	30273536	1.4	0	0	0	0	0	0	0	0	0	0	0	0	
03:06:54	0.0	11314.05	189307.49	1635483648	22.0	30273536	1.4	0	0	0	0	0	0	0	0	0	0	0	0	
03:06:56	0.0	11314.05	189309.48	1635483648	22.0	30273536	1.4	0	0	0	0	0	0	0	0	0	5	0	24576	
03:06:58	0.0	11314.05	189311.48	1635483648	22.0	30273536	1.4	0	0	0	0	0	0	0	0	0	0	0	0	
03:07:00	0.5	11314.06	189313.48	1635483648	22.0	30273536	1.4	0	0	0	0	0	0	0	0	0	0	0	0	
03:07:02	0.0	11314.06	189315.47	1635483648	22.0	30273536	1.4	0	0	0	0	0	0	0	0	0	0	0	0	
03:07:04	0.0	11314.06	189317.47	1635483648	22.0	30273536	1.4	0	60	0	1	0	0	0	0	0	0	0	0	
03:07:06	0.0	11314.06	189319.47	1635483648	22.0	30273536	1.4	0	0	0	0	0	0	0	0	0	0	0	0	
03:07:08	0.0	11314.06	189321.46	1635483648	22.0	30273536	1.4	0	0	0	0	0	0	0	0	0	0	0	0	
03:07:10	0.0	11314.06	189323.46	1635483648	22.0	30273536	1.4	0	0	0	0	0	0	0	0	0	0	0	0	
03:07:12	0.0	11314.06	189325.46	1635483648	22.0	30273536	1.4	0	0	0	0	0	0	0	0	0	0	0	0	
03:07:14	0.0	11314.06	189327.46	1635483648	22.0	30273536	1.4	14328	264	6	4	0	0	0	0	0	0	0	0	
03:07:16	0.0	11314.06	189329.45	1635483648	22.0	30273536	1.4	0	0	0	0	0	0	0	0	0	0	0	0	
03:07:18	0.0	11314.06	189331.45	1635483648	22.0	30273536	1.4	60	60	1	1	0	0	0	0	0	0	0	0	
03:07:20	0.0	11314.06	189333.45	1635483648	22.0	30273536	1.4	0	0	0	0	0	0	0	0	0	2	0	24576	
03:07:22	0.0	11314.06	189335.44	1635491840	22.0	30273536	1.4	0	0	0	0	0	0	0	0	0	0	0	0	
03:07:24	0.0	11314.06	189337.44	1635491840	22.0	30273536	1.4	0	0	0	0	0	0	0	0	0	0	0	0	
03:07:26	0.0	11314.06	189339.44	1635491840	22.0	30273536	1.4	0	120	0	2	0	0	0	0	0	5	0	24576	
03:07:28	0.0	11314.06	189341.44	1635491840	22.0	30273536	1.4	0	120	0	2	0	0	0	0	0	0	0	0	
03:07:30	0.0	11314.06	189343.44	1635491840	22.0	30273536	1.4	0	0	0	0	0	0	0	0	0	2	0	8192	
03:07:32	0.0	11314.06	189345.43	1635500032	22.0	30273536	1.4	0	120	0	2	0	0	0	0	0	0	0	0	
03:07:34	0.0	11314.06	189347.43	1635500032	22.0	30273536	1.4	0	0	0	0	0	0	0	0	0	0	0	0	
03:07:36	0.0	11314.06	189349.43	1635500032	22.0	30273536	1.4	0	0	0	0	0	0	0	0	0	0	0	0	
03:07:38	0.0	11314.06	189351.42	1635500032	22.0	30273536	1.4	0	0	0	0	0	0	0	0	0	0	0	0	
03:07:40	0.5	11314.07	189353.42	1635500032	22.0	30273536	1.4	0	0	0	0	0	0	0	0	0	0	0	0	
03:07:42	0.0	11314.07	189355.42	1635500032	22.0	30273536	1.4	0	0	0	0	0	0	0	0	0	0	0	0	
03:07:44	0.0	11314.07	189357.42	1635500032	22.0	30273536	1.4	0	0	0	0	0	0	0	0	0	0	0	0	
03:07:46	0.0	11314.07	189359.42	1635500032	22.0	30273536	1.4	0	0	0	0	0	0	0	0	0	0	0	0	
03:07:48	0.0	11314.07	189361.41	1635500032	22.0	30273536	1.4	0	0	0	0	0	0	0	0	0	0	0	0	
03:07:50	0.0	11314.07	189363.41	1635500032	22.0	30273536	1.4	0	0	0	0	0	0	0	0	0	2	0	24576	
03:07:52	0.0	11314.07	189365.41	1635500032	22.0	30273536	1.4	0	0	0	0	0	0	0	0	0	0	0	0	
03:07:54	0.5	11314.07	189367.4	1635500032	22.0	30273536	1.4	0	0	0	0	0	0	0	0	0	0	0	0	
03:07:56	0.0	11314.07	189369.4	1635500032	22.0	30273536	1.4	0	0	0	0	0	0	0	0	0	5	0	24576	
03:07:58	0.0	11314.07	189371.4	1635500032	22.0	30273536	1.4	0	0	0	0	0	0	0	0	0	0	0	0	
03:08:00	0.0	11314.07	189373.39	1635500032	22.0	30273536	1.4	0	0	0	0	0	0	0	0	0	0	0	0	
03:08:02	0.0	11314.07	189375.39	1635500032	22.0	30273536	1.4	0	0	0	0	0	0	0	0	0	0	0	0	
03:08:04	0.0	11314.07	189377.39	1635500032	22.0	30273536	1.4	0	0	0	0	0	0	0	0	0	0	0	0	
03:08:06	0.0	11314.07	189379.38	1635500032	22.0	30273536	1.4	14328	198	6	3	0	0	0	0	0	0	0	0	
03:08:08	0.5	11314.08	189381.38	1634742272	22.1	30273536	1.4	0	0	0	0	0	0	0	0	0	0	0	0	
03:08:10	0.0	11314.08	189383.38	1634742272	22.1	30273536	1.4	60	60	1	1	0	0	0	0	0	0	0	0	
03:08:12	0.0	11314.08	189385.37	1634742272	22.1	30273536	1.4	0	0	0	0	0	0	0	0	0	0	0	0	
03:08:14	0.0	11314.08	189387.37	1634742272	22.1	30273536	1.4	0	0	0	0	0	0	0	0	0	0	0	0	
03:08:16	0.0	11314.08	189389.37	1634742272	22.1	30273536	1.4	0	0	0	0	0	0	0	0	0	0	0	0	
03:08:18	0.0	11314.08	189391.37	1634742272	22.1	30273536	1.4	0	0	0	0	0	0	0	0	0	0	0	0	
03:08:20	0.0	11314.08	189393.36	1634832384	22.1	30273536	1.4	0	0	0	0	0	0	0	0	0	2	0	24576	
03:08:22	0.0	11314.08	189395.36	1634869248	22.1	30273536	1.4	0	0	0	0	0	0	0	0	0	0	0	0	
03:08:24	0.0	11314.08	189397.36	1634869248	22.1	30273536	1.4	0	0	0	0	0	0	0	0	0	0	0	0	
03:08:26	0.0	11314.08	189399.36	1634869248	22.1	30273536	1.4	0	60	0	1	0	0	0	0	0	5	0	24576	
03:08:28	0.0	11314.08	189401.36	1634869248	22.1	30273536	1.4	0	60	0	1	0	0	0	0	0	0	0	0	
03:08:30	0.0	11314.08	189403.35	1634869248	22.1	30273536	1.4	0	0	0	0	0	0	0	0	0	2	0	8192	
03:08:32	0.0	11314.08	189405.35	1634877440	22.1	30273536	1.4	0	0	0	0	0	0	0	0	0	0	0	0	
03:08:34	0.0	11314.08	189407.35	1634877440	22.1	30273536	1.4	0	0	0	0	0	0	0	0	0	0	0	0	
03:08:36	0.0	11314.08	189409.35	1634877440	22.1	30273536	1.4	0	0	0	0	0	0	0	0	0	0	0	0	
03:08:38	0.0	11314.08	189411.34	1634877440	22.1	30273536	1.4	372	240	5	3	0	0	0	0	0	0	0	0	
03:08:40	0.0	11314.08	189413.34	1634877440	22.1	30273536	1.4	74	60	1	1	0	0	0	0	0	0	0	0	
03:08:42	0.0	11314.08	189415.34	1634877440	22.1	30273536	1.4	60	60	1	1	0	0	0	0	0	0	0	0	
03:08:44	0.0	11314.08	189417.34	1634877440	22.1	30273536	1.4	74	0	1	0	0	0	0	0	0	0	0	0	
03:08:46	0.0	11314.08	189419.33	1634750464	22.1	30273536	1.4	164	82	2	1	0	0	0	0	0	0	0	0	
03:08:48	0.0	11314.08	189421.33	1634750464	22.1	30273536	1.4	148	280	2	1	0	0	0	0	0	0	0	0	
03:08:50	0.0	11314.08	189423.33	1634750464	22.1	30273536	1.4	74	0	1	0	0	0	0	0	0	2	0	24576	
03:08:52	0.0	11314.08	189425.32	1634750464	22.1	30273536	1.4	74	0	1	0	0	0	0	0	0	6	0	32768	
03:08:54	0.0	11314.08	189427.32	1634750464	22.1	30273536	1.4	74	0	1	0	0	0	0	0	0	0	0	0	
03:08:56	0.0	11314.08	189429.32	1634750464	22.1	30273536	1.4	238	180	3	2	0	0	0	0	0	0	0	0	
03:08:58	1.0	11314.09	189431.31	1634750464	22.1	30273536	1.4	14558	264	9	4	0	0	0	0	0	0	0	0	
03:09:00	0.0	11314.09	189433.3	1634750464	22.1	30273536	1.4	148	0	2	0	0	0	0	0	0	0	0	0	
03:09:02	0.0	11314.09	189435.3	1634750464	22.1	30273536	1.4	60	60	1	1	0	0	0	0	0	5	0	24576	
03:09:04	0.0	11314.09	189437.3	1634750464	22.1	30273536	1.4	148	0	2	0	0	0	0	0	0	0	0	0	
03:09:06	0.0	11314.09	189439.29	1634750464	22.1	30273536	1.4	312	180	4	2	0	0	0	0	0	0	0	0	
03:09:08	0.0	11314.09	189441.29	1634750464	22.1	30273536	1.4	148	0	2	0	0	0	0	0	0	0	0	0	
03:09:10	0.0	11314.09	189443.29	1634750464	22.1	30273536	1.4	148	0	2	0	0	0	0	0	0	0	0	0	
03:09:12	0.5	11314.09	189445.27	1634766848	22.1	30273536	1.4	134	60	2	1	0	0	0	0	0	5	0	24576	
03:09:14	0.0	11314.09	189447.27	1634766848	22.1	30273536	1.4	148	0	2	0	0	0	0	0	0	0	0	0	
03:09:16	0.0	11314.09	189449.26	1634766848	22.1	30273536	1.4	0	0	0	0	0	0	0	0	0	0	0	0	
03:09:18	0.0	11314.09	189451.26	1634766848	22.1	30273536	1.4	0	0	0	0	0	0	0	0	0	0	0	0	
03:09:20	0.0	11314.09	189453.26	1634766848	22.1	30273536	1.4	0	120	0	2	0	0	0	0	0	6	0	40960	
03:09:22	0.0	11314.09	189455.26	1634779136	22.1	30273536	1.4	74	120	1	2	0	0	0	0	0	9	0	57344	
03:09:24	0.0	11314.09	189457.26	1634779136	22.1	30273536	1.4	0	0	0	0	0	0	0	0	0	0	0	0	
03:09:26	0.0	11314.09	189459.25	1634787328	22.1	30273536	1.4	0	0	0	0	0	0	0	0	0	12	0	65536	
03:09:28	0.0	11314.09	189461.25	1634787328	22.1	30273536	1.4	0	0	0	0	0	0	0	0	0	0	0	0	
03:09:30	0.0	11314.09	189463.25	1634787328	22.1	30273536	1.4	0	0	0	0	0	0	0	0	0	0	0	0	
03:09:32	0.0	11314.09	189465.24	1634787328	22.1	30273536	1.4	0	0	0	0	0	0	0	0	0	5	0	24576	
03:09:35	0.0	11314.09	189467.24	1634787328	22.1	30273536	1.4	0	0	0	0	0	0	0	0	0	0	0	0	
03:09:37	0.0	11314.09	189469.24	1634787328	22.1	30273536	1.4	0	253	0	1	0	0	0	0	0	0	0	0	
03:09:39	0.0	11314.09	189471.24	1634787328	22.1	30273536	1.4	0	0	0	0	0	0	0	0	0	0	0	0	
03:09:41	0.0	11314.09	189473.24	1634787328	22.1	30273536	1.4	0	0	0	0	0	0	0	0	0	0	0	0	
03:09:43	0.5	11314.1	189475.23	1634787328	22.1	30273536	1.4	0	0	0	0	0	0	0	0	0	0	0	0	
03:09:45	0.0	11314.1	189477.23	1634787328	22.1	30273536	1.4	0	0	0	0	0	0	0	0	0	0	0	0	
03:09:47	0.0	11314.1	189479.23	1634787328	22.1	30273536	1.4	0	0	0	0	0	0	0	0	0	0	0	0	
03:09:49	0.0	11314.1	189481.23	1634787328	22.1	30273536	1.4	0	0	0	0	0	0	0	0	0	0	0	0	
03:09:51	0.0	11314.1	189483.22	1634787328	22.1	30273536	1.4	14328	198	6	3	0	0	0	0	0	0	0	0	
03:09:53	0.0	11314.1	189485.22	1634787328	22.1	30273536	1.4	0	0	0	0	0	0	0	0	0	0	0	0	
03:09:55	0.0	11314.1	189487.22	1634787328	22.1	30273536	1.4	60	60	1	1	0	0	0	0	0	0	0	0	
03:09:57	0.0	11314.1	189489.22	1634795520	22.1	30273536	1.4	0	0	0	0	0	0	0	0	0	2	0	24576	
03:09:59	0.5	11314.1	189491.21	1634795520	22.1	30273536	1.4	0	0	0	0	0	0	0	0	0	0	0	0	
03:10:01	0.0	11314.1	189493.2	1634795520	22.1	30273536	1.4	0	0	0	0	0	0	0	0	0	0	0	0	
03:10:03	0.0	11314.1	189495.2	1634795520	22.1	30273536	1.4	0	0	0	0	0	0	0	0	0	5	0	24576	
03:10:05	0.0	11314.1	189497.2	1634795520	22.1	30273536	1.4	0	0	0	0	0	0	0	0	0	0	0	0	
03:10:07	0.0	11314.1	189499.2	1634803712	22.1	30273536	1.4	0	0	0	0	0	0	0	0	0	2	0	8192	
03:10:09	0.0	11314.1	189501.2	1634803712	22.1	30273536	1.4	0	0	0	0	0	0	0	0	0	0	0	0	
03:10:11	0.0	11314.1	189503.19	1634803712	22.1	30273536	1.4	0	0	0	0	0	0	0	0	0	0	0	0	
03:10:13	0.0	11314.1	189505.19	1634803712	22.1	30273536	1.4	0	0	0	0	0	0	0	0	0	0	0	0	
03:10:15	0.0	11314.1	189507.18	1634803712	22.1	30273536	1.4	0	0	0	0	0	0	0	0	0	0	0	0	
03:10:17	0.0	11314.1	189509.18	1634803712	22.1	30273536	1.4	0	0	0	0	0	0	0	0	0	0	0	0	
03:10:19	0.0	11314.1	189511.18	1634803712	22.1	30273536	1.4	0	0	0	0	0	0	0	0	0	0	0	0	
03:10:21	0.0	11314.1	189513.18	1634803712	22.1	30273536	1.4	0	0	0	0	0	0	0	0	0	0	0	0	
03:10:23	0.0	11314.1	189515.18	1634803712	22.1	30273536	1.4	0	0	0	0	0	0	0	0	0	0	0	0	
03:10:25	0.0	11314.1	189517.18	1634803712	22.1	30273536	1.4	0	0	0	0	0	0	0	0	0	0	0	0	
03:10:27	0.0	11314.1	189519.17	1634803712	22.1	30273536	1.4	0	0	0	0	0	0	0	0	0	2	0	24576	
03:10:29	0.0	11314.1	189521.17	1634803712	22.1	30273536	1.4	0	0	0	0	0	0	0	0	0	0	0	0	
03:10:31	0.0	11314.1	189523.17	1634803712	22.1	30273536	1.4	0	0	0	0	0	0	0	0	0	0	0	0	
03:10:33	0.0	11314.1	189525.17	1634803712	22.1	30273536	1.4	0	373	0	3	0	0	0	0	0	5	0	24576	
03:10:35	0.0	11314.1	189527.16	1634803712	22.1	30273536	1.4	0	0	0	0	0	0	0	0	0	0	0	0	
03:10:37	0.0	11314.1	189529.16	1634803712	22.1	30273536	1.4	0	0	0	0	0	0	0	0	0	0	0	0	
03:10:39	0.0	11314.1	189531.16	1634811904	22.1	30273536	1.4	0	0	0	0	0	0	0	0	0	0	0	0	
03:10:41	0.5	11314.1	189533.15	1634811904	22.1	30273536	1.4	0	0	0	0	0	0	0	0	0	0	0	0	
03:10:43	0.0	11314.1	189535.14	1634811904	22.1	30273536	1.4	0	0	0	0	0	0	0	0	0	0	0	0	
03:10:45	0.0	11314.1	189537.14	1634811904	22.1	30273536	1.4	14402	366	7	5	0	0	0	0	0	0	0	0	
03:10:47	0.0	11314.1	189539.14	1634811904	22.1	30273536	1.4	0	0	0	0	0	0	0	0	0	0	0	0	
03:10:49	0.0	11314.1	189541.14	1634811904	22.1	30273536	1.4	60	60	1	1	0	0	0	0	0	0	0	0	
03:10:51	0.0	11314.1	189543.13	1634811904	22.1	30273536	1.4	0	0	0	0	0	0	0	0	0	0	0	0	
03:10:53	0.0	11314.1	189545.13	1634811904	22.1	30273536	1.4	0	0	0	0	0	0	0	0	0	0	0	0	
03:10:55	0.0	11314.1	189547.13	1634811904	22.1	30273536	1.4	0	0	0	0	0	0	0	0	0	0	0	0	
03:10:57	0.0	11314.1	189549.12	1634811904	22.1	30273536	1.4	0	0	0	0	0	0	0	0	0	2	0	24576	
03:10:59	0.5	11314.11	189551.12	1634811904	22.1	30273536	1.4	0	0	0	0	0	0	0	0	0	0	0	0	
03:11:01	0.0	11314.11	189553.11	1634811904	22.1	30273536	1.4	0	0	0	0	0	0	0	0	0	0	0	0	
03:11:03	0.0	11314.11	189555.11	1634811904	22.1	30273536	1.4	0	0	0	0	0	0	0	0	0	5	0	24576	
03:11:05	0.0	11314.11	189557.11	1634811904	22.1	30273536	1.4	0	60	0	1	0	0	0	0	0	0	0	0	
03:11:07	0.0	11314.11	189559.1	1634820096	22.1	30273536	1.4	0	0	0	0	0	0	0	0	0	2	0	8192	
03:11:09	0.0	11314.11	189561.1	1634820096	22.1	30273536	1.4	0	0	0	0	0	0	0	0	0	0	0	0	
03:11:11	0.0	11314.11	189563.1	1634820096	22.1	30273536	1.4	0	0	0	0	0	0	0	0	0	0	0	0	
03:11:13	0.0	11314.11	189565.09	1634820096	22.1	30273536	1.4	0	0	0	0	0	0	0	0	0	0	0	0	
03:11:15	0.0	11314.11	189567.09	1634820096	22.1	30273536	1.4	0	0	0	0	0	0	0	0	0	0	0	0	
03:11:17	0.0	11314.11	189569.09	1634820096	22.1	30273536	1.4	0	0	0	0	0	0	0	0	0	0	0	0	
03:11:19	0.0	11314.11	189571.09	1634820096	22.1	30273536	1.4	0	0	0	0	0	0	0	0	0	0	0	0	
03:11:21	0.0	11314.11	189573.08	1634820096	22.1	30273536	1.4	0	0	0	0	0	0	0	0	0	0	0	0	
03:11:23	0.0	11314.11	189575.08	1634820096	22.1	30273536	1.4	0	0	0	0	0	0	0	0	0	0	0	0	
03:11:25	0.0	11314.11	189577.08	1634820096	22.1	30273536	1.4	0	0	0	0	0	0	0	0	0	0	0	0	
03:11:27	0.0	11314.11	189579.08	1634820096	22.1	30273536	1.4	0	0	0	0	0	0	0	0	0	2	0	24576	
03:11:29	0.0	11314.11	189581.08	1634820096	22.1	30273536	1.4	0	0	0	0	0	0	0	0	0	0	0	0	
03:11:31	0.0	11314.11	189583.08	1634820096	22.1	30273536	1.4	0	0	0	0	0	0	0	0	0	0	0	0	
03:11:33	0.0	11314.11	189585.07	1634820096	22.1	30273536	1.4	0	0	0	0	0	0	0	0	0	5	0	24576	
03:11:35	0.0	11314.11	189587.07	1634820096	22.1	30273536	1.4	14336	0	6	0	0	0	0	0	0	0	0	0	
03:11:37	0.0	11314.11	189589.07	1634820096	22.1	30273536	1.4	0	198	0	3	0	0	0	0	0	0	0	0	
03:11:39	0.0	11314.11	189591.06	1634820096	22.1	30273536	1.4	0	0	0	0	0	0	0	0	0	0	0	0	
03:11:41	0.5	11314.11	189593.05	1634820096	22.1	30273536	1.4	60	60	1	1	0	0	0	0	0	0	0	0	
03:11:43	0.0	11314.11	189595.05	1634820096	22.1	30273536	1.4	0	0	0	0	0	0	0	0	0	0	0	0	
03:11:45	0.0	11314.11	189597.05	1634820096	22.1	30273536	1.4	0	0	0	0	0	0	0	0	0	0	0	0	
03:11:47	0.0	11314.11	189599.04	1634820096	22.1	30273536	1.4	0	0	0	0	0	0	0	0	0	0	0	0	
03:11:49	0.0	11314.11	189601.04	1634820096	22.1	30273536	1.4	0	0	0	0	0	0	0	0	0	0	0	0	
03:11:51	0.5	11314.11	189603.04	1634820096	22.1	30273536	1.4	0	0	0	0	0	0	0	0	0	0	0	0	
03:11:53	0.0	11314.11	189605.04	1634820096	22.1	30273536	1.4	0	0	0	0	0	0	0	0	0	0	0	0	
03:11:55	0.0	11314.11	189607.04	1634820096	22.1	30273536	1.4	0	0	0	0	0	0	0	0	0	0	0	0	
03:11:57	0.0	11314.11	189609.03	1634828288	22.1	30273536	1.4	0	0	0	0	0	0	0	0	0	2	0	24576	
03:11:59	0.5	11314.11	189611.02	1634828288	22.1	30273536	1.4	0	0	0	0	0	0	0	0	0	0	0	0	
03:12:01	0.5	11314.11	189613.01	1634828288	22.1	30273536	1.4	0	0	0	0	0	0	0	0	0	0	0	0	
03:12:03	0.0	11314.11	189615.01	1634828288	22.1	30273536	1.4	0	0	0	0	0	0	0	0	0	5	0	24576	
03:12:05	0.0	11314.11	189617.0	1634828288	22.1	30273536	1.4	0	0	0	0	0	0	0	0	0	0	0	0	
03:12:07	0.0	11314.11	189619.0	1634836480	22.1	30273536	1.4	0	0	0	0	0	0	0	0	0	2	0	8192	
03:12:09	0.0	11314.11	189621.0	1634836480	22.1	30273536	1.4	0	0	0	0	0	0	0	0	0	0	0	0	
03:12:11	0.0	11314.11	189623.0	1634836480	22.1	30273536	1.4	0	0	0	0	0	0	0	0	0	0	0	0	
03:12:13	0.0	11314.11	189624.99	1634836480	22.1	30273536	1.4	0	0	0	0	0	0	0	0	0	0	0	0	
03:12:15	0.0	11314.11	189626.99	1634836480	22.1	30273536	1.4	0	0	0	0	0	0	0	0	0	0	0	0	
03:12:17	0.0	11314.11	189628.99	1634836480	22.1	30273536	1.4	0	0	0	0	0	0	0	0	0	0	0	0	
03:12:19	0.0	11314.11	189630.99	1634836480	22.1	30273536	1.4	0	0	0	0	0	0	0	0	0	0	0	0	
03:12:21	0.0	11314.11	189632.98	1634836480	22.1	30273536	1.4	0	0	0	0	0	0	0	0	0	0	0	0	
03:12:23	0.0	11314.11	189634.98	1634836480	22.1	30273536	1.4	0	0	0	0	0	0	0	0	0	0	0	0	
03:12:25	0.0	11314.11	189636.98	1634836480	22.1	30273536	1.4	0	0	0	0	0	0	0	0	0	0	0	0	
03:12:27	0.0	11314.11	189638.98	1634836480	22.1	30273536	1.4	14336	120	6	2	0	0	0	0	0	2	0	24576	
03:12:29	0.0	11314.11	189640.98	1634836480	22.1	30273536	1.4	0	258	0	4	0	0	0	0	0	0	0	0	
03:12:31	0.5	11314.12	189642.97	1634836480	22.1	30273536	1.4	0	0	0	0	0	0	0	0	0	0	0	0	
03:12:33	0.0	11314.12	189644.97	1634836480	22.1	30273536	1.4	60	60	1	1	0	0	0	0	0	5	0	24576	
03:12:35	0.0	11314.12	189646.97	1634836480	22.1	30273536	1.4	0	0	0	0	0	0	0	0	0	0	0	0	
03:12:37	0.0	11314.12	189648.96	1634836480	22.1	30273536	1.4	0	120	0	2	0	0	0	0	0	0	0	0	
03:12:39	0.0	11314.12	189650.96	1634836480	22.1	30273536	1.4	0	0	0	0	0	0	0	0	0	0	0	0	
03:12:41	0.0	11314.12	189652.96	1634836480	22.1	30273536	1.4	0	0	0	0	0	0	0	0	0	0	0	0	
03:12:43	0.0	11314.12	189654.96	1634836480	22.1	30273536	1.4	0	0	0	0	0	0	0	0	0	0	0	0	
03:12:45	0.0	11314.12	189656.95	1634836480	22.1	30273536	1.4	0	0	0	0	0	0	0	0	0	0	0	0	
03:12:47	0.0	11314.12	189658.95	1634836480	22.1	30273536	1.4	0	0	0	0	0	0	0	0	0	0	0	0	
03:12:49	0.0	11314.12	189660.95	1634836480	22.1	30273536	1.4	0	0	0	0	0	0	0	0	0	0	0	0	
03:12:51	0.0	11314.12	189662.95	1634836480	22.1	30273536	1.4	0	0	0	0	0	0	0	0	0	0	0	0	
03:12:53	0.0	11314.12	189664.94	1634836480	22.1	30273536	1.4	0	0	0	0	0	0	0	0	0	0	0	0	
03:12:55	0.0	11314.12	189666.94	1634836480	22.1	30273536	1.4	0	60	0	1	0	0	0	0	0	0	0	0	
03:12:57	0.0	11314.12	189668.94	1634844672	22.1	30273536	1.4	0	0	0	0	0	0	0	0	0	2	0	24576	
03:12:59	0.0	11314.12	189670.93	1634844672	22.1	30273536	1.4	0	0	0	0	0	0	0	0	0	0	0	0	
03:13:01	0.0	11314.12	189672.93	1634844672	22.1	30273536	1.4	0	0	0	0	0	0	0	0	0	0	0	0	
03:13:03	0.0	11314.12	189674.92	1634844672	22.1	30273536	1.4	0	0	0	0	0	0	0	0	0	5	0	24576	
03:13:05	0.0	11314.12	189676.92	1634844672	22.1	30273536	1.4	0	0	0	0	0	0	0	0	0	0	0	0	
03:13:07	0.0	11314.12	189678.92	1634852864	22.1	30273536	1.4	0	0	0	0	0	0	0	0	0	2	0	8192	
03:13:09	0.0	11314.12	189680.92	1634852864	22.1	30273536	1.4	0	0	0	0	0	0	0	0	0	0	0	0	
03:13:11	0.0	11314.12	189682.92	1634852864	22.1	30273536	1.4	0	0	0	0	0	0	0	0	0	0	0	0	
03:13:13	0.0	11314.12	189684.91	1634852864	22.1	30273536	1.4	0	0	0	0	0	0	0	0	0	0	0	0	
03:13:15	0.0	11314.12	189686.91	1634852864	22.1	30273536	1.4	0	0	0	0	0	0	0	0	0	0	0	0	
03:13:17	0.0	11314.12	189688.91	1634852864	22.1	30273536	1.4	0	0	0	0	0	0	0	0	0	0	0	0	
03:13:19	0.0	11314.12	189690.91	1634852864	22.1	30273536	1.4	0	0	0	0	0	0	0	0	0	0	0	0	
03:13:21	0.0	11314.12	189692.9	1634852864	22.1	30273536	1.4	14328	198	6	3	0	0	0	0	0	0	0	0	
03:13:23	0.0	11314.12	189694.9	1634852864	22.1	30273536	1.4	0	0	0	0	0	0	0	0	0	0	0	0	
03:13:25	0.0	11314.12	189696.9	1634852864	22.1	30273536	1.4	60	60	1	1	0	0	0	0	0	0	0	0	
03:13:27	0.0	11314.12	189698.9	1634852864	22.1	30273536	1.4	0	0	0	0	0	0	0	0	0	2	0	24576	
03:13:29	0.0	11314.12	189700.9	1634852864	22.1	30273536	1.4	0	0	0	0	0	0	0	0	0	0	0	0	
03:13:31	0.0	11314.12	189702.89	1634852864	22.1	30273536	1.4	0	0	0	0	0	0	0	0	0	0	0	0	
03:13:33	0.0	11314.12	189704.89	1634852864	22.1	30273536	1.4	0	0	0	0	0	0	0	0	0	5	0	24576	
03:13:35	0.0	11314.12	189706.89	1634852864	22.1	30273536	1.4	0	0	0	0	0	0	0	0	0	0	0	0	
03:13:37	0.0	11314.12	189708.88	1634852864	22.1	30273536	1.4	0	0	0	0	0	0	0	0	0	0	0	0	
03:13:39	0.0	11314.12	189710.88	1634852864	22.1	30273536	1.4	0	0	0	0	0	0	0	0	0	0	0	0	
03:13:41	0.0	11314.12	189712.88	1634852864	22.1	30273536	1.4	0	0	0	0	0	0	0	0	0	0	0	0	
03:13:43	0.0	11314.12	189714.88	1634852864	22.1	30273536	1.4	0	0	0	0	0	0	0	0	0	0	0	0	
03:13:45	0.0	11314.12	189716.88	1634852864	22.1	30273536	1.4	0	0	0	0	0	0	0	0	0	0	0	0	
03:13:47	0.0	11314.12	189718.87	1634852864	22.1	30273536	1.4	0	0	0	0	0	0	0	0	0	0	0	0	
03:13:49	0.0	11314.12	189720.87	1634852864	22.1	30273536	1.4	0	0	0	0	0	0	0	0	0	0	0	0	
03:13:51	0.0	11314.12	189722.87	1634852864	22.1	30273536	1.4	0	0	0	0	0	0	0	0	0	0	0	0	
03:13:53	0.0	11314.12	189724.87	1634852864	22.1	30273536	1.4	0	0	0	0	0	0	0	0	0	0	0	0	
03:13:55	0.0	11314.12	189726.86	1634852864	22.1	30273536	1.4	0	0	0	0	0	0	0	0	0	0	0	0	
03:13:57	0.0	11314.12	189728.86	1634861056	22.1	30273536	1.4	0	0	0	0	0	0	0	0	0	2	0	24576	
03:13:59	0.5	11314.12	189730.85	1634861056	22.1	30273536	1.4	0	0	0	0	0	0	0	0	0	0	0	0	
03:14:01	0.0	11314.12	189732.85	1634861056	22.1	30273536	1.4	0	0	0	0	0	0	0	0	0	0	0	0	
03:14:03	0.0	11314.12	189734.85	1634861056	22.1	30273536	1.4	0	0	0	0	0	0	0	0	0	5	0	24576	
03:14:05	0.0	11314.12	189736.84	1634861056	22.1	30273536	1.4	0	0	0	0	0	0	0	0	0	0	0	0	
03:14:07	0.0	11314.12	189738.84	1634869248	22.1	30273536	1.4	0	0	0	0	0	0	0	0	0	2	0	8192	
03:14:09	0.5	11314.12	189740.84	1634869248	22.1	30273536	1.4	0	0	0	0	0	0	0	0	0	0	0	0	
03:14:11	0.0	11314.13	189742.84	1634869248	22.1	30273536	1.4	0	0	0	0	0	0	0	0	0	0	0	0	
03:14:13	0.0	11314.13	189744.83	1634869248	22.1	30273536	1.4	12896	264	6	4	0	0	0	0	0	0	0	0	
03:14:15	0.0	11314.13	189746.83	1634869248	22.1	30273536	1.4	0	0	0	0	0	0	0	0	0	0	0	0	
03:14:17	0.0	11314.13	189748.83	1634869248	22.1	30273536	1.4	60	60	1	1	0	0	0	0	0	0	0	0	
03:14:19	0.0	11314.13	189750.83	1634869248	22.1	30273536	1.4	0	0	0	0	0	0	0	0	0	0	0	0	
03:14:21	0.0	11314.13	189752.82	1634869248	22.1	30273536	1.4	0	0	0	0	0	0	0	0	0	0	0	0	
03:14:23	0.0	11314.13	189754.82	1634869248	22.1	30273536	1.4	0	0	0	0	0	0	0	0	0	0	0	0	
03:14:25	0.0	11314.13	189756.82	1634869248	22.1	30273536	1.4	0	0	0	0	0	0	0	0	0	0	0	0	
03:14:27	0.0	11314.13	189758.82	1634869248	22.1	30273536	1.4	0	0	0	0	0	0	0	0	0	2	0	24576	
03:14:29	0.0	11314.13	189760.82	1634869248	22.1	30273536	1.4	0	0	0	0	0	0	0	0	0	0	0	0	
03:14:31	0.0	11314.13	189762.82	1634869248	22.1	30273536	1.4	0	0	0	0	0	0	0	0	0	0	0	0	
03:14:33	0.0	11314.13	189764.81	1634869248	22.1	30273536	1.4	0	0	0	0	0	0	0	0	0	5	0	24576	
03:14:35	0.0	11314.13	189766.81	1634869248	22.1	30273536	1.4	0	0	0	0	0	0	0	0	0	0	0	0	
03:14:37	0.0	11314.13	189768.81	1634869248	22.1	30273536	1.4	0	0	0	0	0	0	0	0	0	0	0	0	
03:14:39	0.0	11314.13	189770.81	1634869248	22.1	30273536	1.4	0	0	0	0	0	0	0	0	0	0	0	0	
03:14:41	0.0	11314.13	189772.8	1634869248	22.1	30273536	1.4	0	120	0	2	0	0	0	0	0	0	0	0	
03:14:43	0.0	11314.13	189774.8	1634869248	22.1	30273536	1.4	0	0	0	0	0	0	0	0	0	0	0	0	
03:14:45	0.0	11314.13	189776.8	1634869248	22.1	30273536	1.4	0	0	0	0	0	0	0	0	0	0	0	0	
03:14:47	0.0	11314.14	189778.8	1634869248	22.1	30273536	1.4	0	0	0	0	0	0	0	0	0	0	0	0	
03:14:49	0.0	11314.14	189780.8	1634869248	22.1	30273536	1.4	0	0	0	0	0	0	0	0	0	0	0	0	
03:14:51	0.0	11314.14	189782.79	1634869248	22.1	30273536	1.4	0	120	0	2	0	0	0	0	0	0	0	0	
03:14:53	0.0	11314.14	189784.79	1634869248	22.1	30273536	1.4	0	120	0	2	0	0	0	0	0	0	0	0	
03:14:55	0.0	11314.14	189786.79	1634869248	22.1	30273536	1.4	0	0	0	0	0	0	0	0	0	0	0	0	
03:14:57	0.0	11314.14	189788.79	1634877440	22.1	30273536	1.4	0	120	0	2	0	0	0	0	0	2	0	24576	
03:14:59	0.5	11314.14	189790.78	1634877440	22.1	30273536	1.4	0	0	0	0	0	0	0	0	0	0	0	0	
03:15:01	0.0	11314.14	189792.77	1634877440	22.1	30273536	1.4	0	0	0	0	0	0	0	0	0	0	0	0	
03:15:03	0.0	11314.14	189794.77	1634877440	22.1	30273536	1.4	0	0	0	0	0	0	0	0	0	5	0	24576	
03:15:05	0.0	11314.14	189796.77	1634877440	22.1	30273536	1.4	14328	198	6	3	0	0	0	0	0	0	0	0	
03:15:07	0.0	11314.14	189798.76	1634885632	22.1	30273536	1.4	0	0	0	0	0	0	0	0	0	2	0	8192	
03:15:09	0.0	11314.14	189800.76	1634885632	22.1	30273536	1.4	60	60	1	1	0	0	0	0	0	0	0	0	
03:15:11	0.0	11314.14	189802.76	1634885632	22.1	30273536	1.4	0	0	0	0	0	0	0	0	0	0	0	0	
03:15:13	0.0	11314.14	189804.76	1634885632	22.1	30273536	1.4	0	0	0	0	0	0	0	0	0	0	0	0	
03:15:15	0.0	11314.14	189806.76	1634885632	22.1	30273536	1.4	0	0	0	0	0	0	0	0	0	0	0	0	
03:15:17	0.0	11314.14	189808.75	1634885632	22.1	30273536	1.4	0	0	0	0	0	0	0	0	0	0	0	0	
03:15:19	0.0	11314.14	189810.75	1634885632	22.1	30273536	1.4	0	0	0	0	0	0	0	0	0	0	0	0	
03:15:21	0.0	11314.14	189812.75	1634885632	22.1	30273536	1.4	0	0	0	0	0	0	0	0	0	0	0	0	
03:15:23	0.0	11314.14	189814.75	1634885632	22.1	30273536	1.4	0	0	0	0	0	0	0	0	0	0	0	0	
03:15:25	0.0	11314.14	189816.74	1634885632	22.1	30273536	1.4	0	0	0	0	0	0	0	0	0	0	0	0	
03:15:27	0.0	11314.14	189818.74	1634885632	22.1	30273536	1.4	90	90	1	1	0	0	0	0	0	2	0	24576	
03:15:29	0.0	11314.14	189820.74	1634885632	22.1	30273536	1.4	0	0	0	0	0	0	0	0	0	0	0	0	
03:15:31	0.0	11314.14	189822.74	1634885632	22.1	30273536	1.4	0	0	0	0	0	0	0	0	0	0	0	0	
03:15:33	0.0	11314.14	189824.74	1634885632	22.1	30273536	1.4	60	60	1	1	0	0	0	0	0	6	0	32768	
03:15:35	0.0	11314.14	189826.73	1634885632	22.1	30273536	1.4	0	0	0	0	0	0	0	0	0	0	0	0	
03:15:37	0.0	11314.14	189828.73	1634885632	22.1	30273536	1.4	0	0	0	0	0	0	0	0	0	0	0	0	
03:15:39	0.0	11314.14	189830.73	1634885632	22.1	30273536	1.4	0	0	0	0	0	0	0	0	0	0	0	0	
03:15:41	0.0	11314.14	189832.72	1634885632	22.1	30273536	1.4	0	60	0	1	0	0	0	0	0	0	0	0	
03:15:43	0.0	11314.14	189834.72	1634885632	22.1	30273536	1.4	0	0	0	0	0	0	0	0	0	0	0	0	
03:15:45	0.0	11314.14	189836.72	1634885632	22.1	30273536	1.4	0	0	0	0	0	0	0	0	0	0	0	0	
03:15:47	0.0	11314.14	189838.72	1634885632	22.1	30273536	1.4	0	0	0	0	0	0	0	0	0	0	0	0	
03:15:49	0.0	11314.14	189840.72	1634885632	22.1	30273536	1.4	0	0	0	0	0	0	0	0	0	0	0	0	
03:15:51	0.5	11314.15	189842.71	1634885632	22.1	30273536	1.4	0	0	0	0	0	0	0	0	0	0	0	0	
03:15:53	0.0	11314.15	189844.71	1634885632	22.1	30273536	1.4	0	0	0	0	0	0	0	0	0	0	0	0	
03:15:55	0.0	11314.15	189846.7	1634885632	22.1	30273536	1.4	0	0	0	0	0	0	0	0	0	0	0	0	
03:15:57	0.0	11314.15	189848.7	1634885632	22.1	30273536	1.4	14320	258	6	4	0	0	0	0	0	2	0	24576	
03:15:59	0.5	11314.15	189850.69	1634893824	22.1	30273536	1.4	0	0	0	0	0	0	0	0	0	0	0	0	
03:16:01	0.0	11314.15	189852.69	1634893824	22.1	30273536	1.4	60	60	1	1	0	0	0	0	0	0	0	0	
03:16:03	0.0	11314.15	189854.69	1634893824	22.1	30273536	1.4	0	0	0	0	0	0	0	0	0	7	0	32768	
03:16:05	0.0	11314.15	189856.68	1634893824	22.1	30273536	1.4	0	0	0	0	0	0	0	0	0	0	0	0	
03:16:07	0.0	11314.15	189858.68	1634893824	22.1	30273536	1.4	0	60	0	1	0	0	0	0	0	0	0	0	
03:16:09	0.0	11314.15	189860.68	1634893824	22.1	30273536	1.4	0	0	0	0	0	0	0	0	0	0	0	0	
03:16:11	0.0	11314.15	189862.68	1634893824	22.1	30273536	1.4	0	0	0	0	0	0	0	0	0	0	0	0	
03:16:13	0.0	11314.15	189864.67	1634893824	22.1	30273536	1.4	0	0	0	0	0	0	0	0	0	0	0	0	
03:16:15	0.0	11314.15	189866.67	1634893824	22.1	30273536	1.4	0	0	0	0	0	0	0	0	0	0	0	0	
03:16:17	0.0	11314.15	189868.67	1634893824	22.1	30273536	1.4	0	0	0	0	0	0	0	0	0	0	0	0	
03:16:19	0.0	11314.15	189870.67	1634893824	22.1	30273536	1.4	0	0	0	0	0	0	0	0	0	0	0	0	
03:16:21	0.5	11314.15	189872.66	1634893824	22.1	30273536	1.4	0	0	0	0	0	0	0	0	0	0	0	0	
03:16:23	0.0	11314.15	189874.66	1634893824	22.1	30273536	1.4	0	60	0	1	0	0	0	0	0	0	0	0	
03:16:25	0.0	11314.15	189876.65	1634893824	22.1	30273536	1.4	0	0	0	0	0	0	0	0	0	0	0	0	
03:16:27	0.0	11314.15	189878.65	1634893824	22.1	30273536	1.4	0	0	0	0	0	0	0	0	0	2	0	24576	
03:16:29	0.0	11314.15	189880.65	1634902016	22.1	30273536	1.4	0	0	0	0	0	0	0	0	0	0	0	0	
03:16:31	0.0	11314.15	189882.64	1634902016	22.1	30273536	1.4	0	0	0	0	0	0	0	0	0	0	0	0	
03:16:33	0.0	11314.15	189884.64	1634902016	22.1	30273536	1.4	0	0	0	0	0	0	0	0	0	5	0	24576	
03:16:35	0.0	11314.15	189886.64	1634902016	22.1	30273536	1.4	0	0	0	0	0	0	0	0	0	0	0	0	
03:16:37	0.0	11314.15	189888.64	1634902016	22.1	30273536	1.4	0	0	0	0	0	0	0	0	0	2	0	8192	
03:16:39	0.0	11314.15	189890.64	1634910208	22.1	30273536	1.4	0	0	0	0	0	0	0	0	0	0	0	0	
03:16:41	0.0	11314.15	189892.63	1634910208	22.1	30273536	1.4	0	120	0	2	0	0	0	0	0	0	0	0	
03:16:43	0.0	11314.15	189894.62	1634910208	22.1	30273536	1.4	0	0	0	0	0	0	0	0	0	0	0	0	
03:16:45	0.0	11314.15	189896.62	1634910208	22.1	30273536	1.4	0	0	0	0	0	0	0	0	0	0	0	0	
03:16:47	0.0	11314.15	189898.62	1634910208	22.1	30273536	1.4	0	120	0	2	0	0	0	0	0	0	0	0	
03:16:49	0.0	11314.16	189900.62	1634910208	22.1	30273536	1.4	14328	198	6	3	0	0	0	0	0	5	0	24576	
03:16:51	0.0	11314.16	189902.62	1634910208	22.1	30273536	1.4	0	0	0	0	0	0	0	0	0	0	0	0	
03:16:53	0.0	11314.16	189904.61	1634910208	22.1	30273536	1.4	60	60	1	1	0	0	0	0	0	0	0	0	
03:16:55	0.0	11314.16	189906.61	1634910208	22.1	30273536	1.4	0	0	0	0	0	0	0	0	0	0	0	0	
03:16:57	0.0	11314.16	189908.61	1634910208	22.1	30273536	1.4	0	0	0	0	0	0	0	0	0	2	0	32768	
03:16:59	1.0	11314.17	189910.58	1634648064	22.1	30273536	1.4	0	0	0	0	0	0	0	0	0	0	0	0	
03:17:01	0.0	11314.17	189912.58	1634664448	22.1	30273536	1.4	0	0	0	0	0	0	0	0	0	0	0	0	
03:17:03	0.0	11314.17	189914.58	1634664448	22.1	30273536	1.4	0	0	0	0	0	0	0	0	0	13	0	90112	
03:17:05	0.0	11314.17	189916.57	1634664448	22.1	30273536	1.4	0	0	0	0	0	0	0	0	0	0	0	0	
03:17:07	0.0	11314.17	189918.57	1634664448	22.1	30273536	1.4	0	0	0	0	0	0	0	0	0	0	0	0	
03:17:09	0.0	11314.17	189920.57	1634664448	22.1	30273536	1.4	0	0	0	0	0	0	0	0	0	0	0	0	
03:17:11	0.0	11314.17	189922.56	1634664448	22.1	30273536	1.4	0	60	0	1	0	0	0	0	0	0	0	0	
03:17:13	0.0	11314.17	189924.56	1634664448	22.1	30273536	1.4	0	0	0	0	0	0	0	0	0	0	0	0	
03:17:15	0.0	11314.17	189926.56	1634664448	22.1	30273536	1.4	0	0	0	0	0	0	0	0	0	0	0	0	
03:17:17	0.0	11314.17	189928.56	1634664448	22.1	30273536	1.4	0	253	0	1	0	0	0	0	0	5	0	24576	
03:17:19	0.0	11314.17	189930.56	1634664448	22.1	30273536	1.4	0	0	0	0	0	0	0	0	0	0	0	0	
03:17:21	0.0	11314.17	189932.55	1634664448	22.1	30273536	1.4	0	0	0	0	0	0	0	0	0	0	0	0	
03:17:23	0.0	11314.17	189934.55	1634680832	22.1	30273536	1.4	0	0	0	0	0	0	0	0	0	17	0	73728	
03:17:25	0.0	11314.17	189936.55	1634680832	22.1	30273536	1.4	0	0	0	0	0	0	0	0	0	0	0	0	
03:17:27	0.0	11314.17	189938.55	1634680832	22.1	30273536	1.4	0	0	0	0	0	0	0	0	0	2	0	32768	
03:17:29	0.0	11314.17	189940.54	1634680832	22.1	30273536	1.4	0	0	0	0	0	0	0	0	0	0	0	0	
03:17:31	0.0	11314.17	189942.54	1634680832	22.1	30273536	1.4	0	0	0	0	0	0	0	0	0	0	0	0	
03:17:33	0.0	11314.17	189944.54	1634680832	22.1	30273536	1.4	0	0	0	0	0	0	0	0	0	9	0	40960	
03:17:35	0.0	11314.18	189946.54	1634680832	22.1	30273536	1.4	0	0	0	0	0	0	0	0	0	0	0	0	
03:17:37	0.0	11314.18	189948.54	1634680832	22.1	30273536	1.4	0	0	0	0	0	0	0	0	0	0	0	0	
03:17:39	0.0	11314.18	189950.53	1634680832	22.1	30273536	1.4	0	60	0	1	0	0	0	0	0	0	0	0	
03:17:41	0.0	11314.18	189952.53	1634680832	22.1	30273536	1.4	14328	198	6	3	0	0	0	0	0	0	0	0	
03:17:43	0.0	11314.18	189954.52	1634680832	22.1	30273536	1.4	0	0	0	0	0	0	0	0	0	0	0	0	
03:17:45	0.0	11314.18	189956.52	1634680832	22.1	30273536	1.4	60	60	1	1	0	0	0	0	0	0	0	0	
03:17:47	0.0	11314.19	189958.52	1634680832	22.1	30273536	1.4	0	0	0	0	0	0	0	0	0	0	0	0	
03:17:49	0.0	11314.19	189960.52	1634680832	22.1	30273536	1.4	0	0	0	0	0	0	0	0	0	0	0	0	
03:17:51	0.0	11314.19	189962.52	1634680832	22.1	30273536	1.4	0	0	0	0	0	0	0	0	0	0	0	0	
03:17:53	0.0	11314.19	189964.52	1634680832	22.1	30273536	1.4	0	0	0	0	0	0	0	0	0	0	0	0	
03:17:55	0.0	11314.19	189966.51	1634680832	22.1	30273536	1.4	0	212	0	3	0	0	0	0	0	0	0	0	
03:17:57	0.0	11314.19	189968.51	1634689024	22.1	30273536	1.4	0	0	0	0	0	0	0	0	0	2	0	24576	
03:17:59	0.5	11314.19	189970.5	1634689024	22.1	30273536	1.4	0	0	0	0	0	0	0	0	0	0	0	0	
03:18:01	0.0	11314.19	189972.5	1634689024	22.1	30273536	1.4	0	0	0	0	0	0	0	0	0	0	0	0	
03:18:03	0.0	11314.19	189974.5	1634689024	22.1	30273536	1.4	0	0	0	0	0	0	0	0	0	5	0	24576	
03:18:05	0.0	11314.19	189976.49	1634689024	22.1	30273536	1.4	0	0	0	0	0	0	0	0	0	0	0	0	
03:18:07	0.0	11314.19	189978.49	1634689024	22.1	30273536	1.4	0	0	0	0	0	0	0	0	0	0	0	0	
03:18:09	0.0	11314.19	189980.49	1634689024	22.1	30273536	1.4	0	0	0	0	0	0	0	0	0	0	0	0	
03:18:11	0.0	11314.19	189982.48	1634689024	22.1	30273536	1.4	0	0	0	0	0	0	0	0	0	0	0	0	
03:18:13	0.0	11314.19	189984.48	1634689024	22.1	30273536	1.4	0	0	0	0	0	0	0	0	0	0	0	0	
03:18:15	0.0	11314.19	189986.48	1634689024	22.1	30273536	1.4	0	0	0	0	0	0	0	0	0	0	0	0	
03:18:17	0.0	11314.19	189988.48	1634689024	22.1	30273536	1.4	0	0	0	0	0	0	0	0	0	0	0	0	
03:18:19	0.0	11314.19	189990.48	1634689024	22.1	30273536	1.4	0	0	0	0	0	0	0	0	0	0	0	0	
03:18:21	0.0	11314.19	189992.48	1634689024	22.1	30273536	1.4	0	0	0	0	0	0	0	0	0	0	0	0	
03:18:23	0.0	11314.19	189994.47	1634689024	22.1	30273536	1.4	0	0	0	0	0	0	0	0	0	0	0	0	
03:18:25	0.0	11314.19	189996.47	1634689024	22.1	30273536	1.4	0	0	0	0	0	0	0	0	0	0	0	0	
03:18:27	0.0	11314.19	189998.47	1634697216	22.1	30273536	1.4	0	0	0	0	0	0	0	0	0	2	0	24576	
03:18:29	0.0	11314.19	190000.46	1634697216	22.1	30273536	1.4	0	0	0	0	0	0	0	0	0	0	0	0	
03:18:31	0.0	11314.19	190002.46	1634697216	22.1	30273536	1.4	0	0	0	0	0	0	0	0	0	0	0	0	
03:18:33	0.0	11314.19	190004.46	1634697216	22.1	30273536	1.4	14328	0	6	0	0	0	0	0	0	5	0	24576	
03:18:35	0.0	11314.19	190006.46	1634697216	22.1	30273536	1.4	0	264	0	4	0	0	0	0	0	0	0	0	
03:18:37	0.0	11314.19	190008.46	1634705408	22.1	30273536	1.4	238	374	3	4	0	0	0	0	0	2	0	8192	
03:18:39	0.0	11314.19	190010.45	1634705408	22.1	30273536	1.4	134	60	2	1	0	0	0	0	0	0	0	0	
03:18:41	0.0	11314.19	190012.45	1634705408	22.1	30273536	1.4	74	0	1	0	0	0	0	0	0	0	0	0	
03:18:43	0.0	11314.19	190014.44	1634705408	22.1	30273536	1.4	60	60	1	1	0	0	0	0	0	0	0	0	
03:18:45	0.0	11314.19	190016.44	1634705408	22.1	30273536	1.4	74	0	1	0	0	0	0	0	0	0	0	0	
03:18:47	0.0	11314.19	190018.44	1634578432	22.1	30273536	1.4	238	212	3	2	0	0	0	0	0	0	0	0	
03:18:49	0.0	11314.19	190020.44	1634578432	22.1	30273536	1.4	134	60	2	1	0	0	0	0	0	0	0	0	
03:18:51	0.0	11314.19	190022.44	1634578432	22.1	30273536	1.4	74	120	1	2	0	0	0	0	0	0	0	0	
03:18:53	0.0	11314.19	190024.43	1634578432	22.1	30273536	1.4	74	0	1	0	0	0	0	0	0	5	0	24576	
03:18:55	0.0	11314.19	190026.43	1634578432	22.1	30273536	1.4	74	0	1	0	0	0	0	0	0	0	0	0	
03:18:57	0.0	11314.19	190028.43	1634586624	22.1	30273536	1.4	312	212	4	2	0	0	0	0	0	2	0	24576	
03:18:59	0.5	11314.2	190030.42	1634586624	22.1	30273536	1.4	148	0	2	0	0	0	0	0	0	0	0	0	
03:19:01	0.0	11314.2	190032.41	1634586624	22.1	30273536	1.4	148	0	2	0	0	0	0	0	0	0	0	0	
03:19:03	0.0	11314.2	190034.41	1634586624	22.1	30273536	1.4	0	0	0	0	0	0	0	0	0	6	0	32768	
03:19:05	0.0	11314.2	190036.41	1634586624	22.1	30273536	1.4	148	0	2	0	0	0	0	0	0	0	0	0	
03:19:07	0.0	11314.2	190038.4	1634594816	22.1	30273536	1.4	386	180	5	2	0	0	0	0	0	0	0	0	
03:19:09	0.0	11314.2	190040.4	1634594816	22.1	30273536	1.4	222	0	3	0	0	0	0	0	0	0	0	0	
03:19:11	0.0	11314.2	190042.4	1634594816	22.1	30273536	1.4	222	0	3	0	0	0	0	0	0	0	0	0	
03:19:13	0.0	11314.2	190044.4	1634594816	22.1	30273536	1.4	0	0	0	0	0	0	0	0	0	5	0	24576	
03:19:15	0.0	11314.2	190046.39	1634594816	22.1	30273536	1.4	222	0	3	0	0	0	0	0	0	0	0	0	
03:19:17	0.0	11314.2	190048.39	1634603008	22.1	30273536	1.4	74	0	1	0	0	0	0	0	0	2	0	8192	
03:19:19	0.0	11314.2	190050.39	1634603008	22.1	30273536	1.4	74	0	1	0	0	0	0	0	0	0	0	0	
03:19:21	0.0	11314.2	190052.38	1634603008	22.1	30273536	1.4	74	0	1	0	0	0	0	0	0	0	0	0	
03:19:23	0.0	11314.2	190054.38	1634603008	22.1	30273536	1.4	74	0	1	0	0	0	0	0	0	5	0	24576	
03:19:25	0.0	11314.2	190056.38	1634603008	22.1	30273536	1.4	14470	126	8	2	0	0	0	0	0	0	0	0	
03:19:27	0.0	11314.2	190058.38	1634611200	22.1	30273536	1.4	0	198	0	3	0	0	0	0	0	6	0	40960	
03:19:29	0.0	11314.2	190060.38	1634611200	22.1	30273536	1.4	0	0	0	0	0	0	0	0	0	0	0	0	
03:19:31	0.0	11314.2	190062.37	1634611200	22.1	30273536	1.4	60	60	1	1	0	0	0	0	0	0	0	0	
03:19:33	0.0	11314.2	190064.37	1634611200	22.1	30273536	1.4	0	0	0	0	0	0	0	0	0	5	0	24576	
03:19:35	0.0	11314.2	190066.37	1634611200	22.1	30273536	1.4	0	0	0	0	0	0	0	0	0	0	0	0	
03:19:37	0.0	11314.2	190068.36	1634611200	22.1	30273536	1.4	0	0	0	0	0	0	0	0	0	0	0	0	
03:19:39	0.0	11314.2	190070.36	1634611200	22.1	30273536	1.4	0	0	0	0	0	0	0	0	0	0	0	0	
03:19:41	0.0	11314.2	190072.36	1634611200	22.1	30273536	1.4	0	0	0	0	0	0	0	0	0	0	0	0	
03:19:43	0.0	11314.2	190074.36	1634611200	22.1	30273536	1.4	0	0	0	0	0	0	0	0	0	0	0	0	
03:19:45	0.0	11314.2	190076.36	1634611200	22.1	30273536	1.4	0	0	0	0	0	0	0	0	0	0	0	0	
03:19:47	0.0	11314.2	190078.35	1634611200	22.1	30273536	1.4	0	0	0	0	0	0	0	0	0	0	0	0	
03:19:49	0.0	11314.2	190080.35	1634611200	22.1	30273536	1.4	0	0	0	0	0	0	0	0	0	0	0	0	
03:19:51	0.0	11314.2	190082.35	1634611200	22.1	30273536	1.4	0	0	0	0	0	0	0	0	0	0	0	0	
03:19:53	0.0	11314.2	190084.34	1634611200	22.1	30273536	1.4	0	0	0	0	0	0	0	0	0	0	0	0	
03:19:55	0.0	11314.2	190086.34	1634611200	22.1	30273536	1.4	0	0	0	0	0	0	0	0	0	0	0	0	
03:19:57	0.0	11314.2	190088.34	1634619392	22.1	30273536	1.4	0	0	0	0	0	0	0	0	0	2	0	24576	
03:19:59	1.0	11314.21	190090.33	1634619392	22.1	30273536	1.4	0	0	0	0	0	0	0	0	0	0	0	0	
03:20:01	0.0	11314.21	190092.33	1634619392	22.1	30273536	1.4	0	0	0	0	0	0	0	0	0	0	0	0	
03:20:03	0.0	11314.21	190094.32	1634619392	22.1	30273536	1.4	0	0	0	0	0	0	0	0	0	5	0	24576	
03:20:05	0.0	11314.21	190096.32	1634619392	22.1	30273536	1.4	0	0	0	0	0	0	0	0	0	0	0	0	
03:20:07	0.0	11314.21	190098.32	1634627584	22.1	30273536	1.4	0	0	0	0	0	0	0	0	0	2	0	8192	
03:20:09	0.0	11314.21	190100.32	1634627584	22.1	30273536	1.4	0	0	0	0	0	0	0	0	0	0	0	0	
03:20:11	0.5	11314.22	190102.32	1634627584	22.1	30273536	1.4	0	60	0	1	0	0	0	0	0	0	0	0	
03:20:13	0.0	11314.22	190104.31	1634627584	22.1	30273536	1.4	0	0	0	0	0	0	0	0	0	0	0	0	
03:20:15	0.0	11314.22	190106.31	1634627584	22.1	30273536	1.4	0	0	0	0	0	0	0	0	0	0	0	0	
03:20:17	0.0	11314.22	190108.31	1634627584	22.1	30273536	1.4	14328	0	6	0	0	0	0	0	0	0	0	0	
03:20:19	0.0	11314.22	190110.31	1634627584	22.1	30273536	1.4	0	264	0	4	0	0	0	0	0	0	0	0	
03:20:21	0.0	11314.22	190112.3	1634627584	22.1	30273536	1.4	0	0	0	0	0	0	0	0	0	0	0	0	
03:20:23	0.0	11314.22	190114.3	1634627584	22.1	30273536	1.4	60	60	1	1	0	0	0	0	0	0	0	0	
03:20:25	0.0	11314.22	190116.3	1634627584	22.1	30273536	1.4	0	0	0	0	0	0	0	0	0	0	0	0	
03:20:27	0.0	11314.22	190118.3	1634627584	22.1	30273536	1.4	0	0	0	0	0	0	0	0	0	2	0	24576	
03:20:29	0.0	11314.22	190120.3	1634627584	22.1	30273536	1.4	0	0	0	0	0	0	0	0	0	0	0	0	
03:20:31	0.0	11314.22	190122.29	1634627584	22.1	30273536	1.4	0	0	0	0	0	0	0	0	0	0	0	0	
03:20:33	0.0	11314.22	190124.29	1634627584	22.1	30273536	1.4	0	0	0	0	0	0	0	0	0	5	0	24576	
03:20:35	0.0	11314.22	190126.29	1634627584	22.1	30273536	1.4	0	0	0	0	0	0	0	0	0	0	0	0	
03:20:37	0.0	11314.22	190128.28	1634627584	22.1	30273536	1.4	0	0	0	0	0	0	0	0	0	0	0	0	
03:20:39	0.0	11314.22	190130.28	1634627584	22.1	30273536	1.4	0	253	0	1	0	0	0	0	0	0	0	0	
03:20:41	0.0	11314.22	190132.28	1634627584	22.1	30273536	1.4	0	0	0	0	0	0	0	0	0	0	0	0	
03:20:43	0.0	11314.22	190134.28	1634627584	22.1	30273536	1.4	0	0	0	0	0	0	0	0	0	0	0	0	
03:20:45	0.0	11314.22	190136.28	1634627584	22.1	30273536	1.4	0	0	0	0	0	0	0	0	0	0	0	0	
03:20:47	0.0	11314.22	190138.27	1634627584	22.1	30273536	1.4	0	0	0	0	0	0	0	0	0	0	0	0	
03:20:49	0.0	11314.22	190140.27	1634627584	22.1	30273536	1.4	0	0	0	0	0	0	0	0	0	0	0	0	
03:20:51	0.0	11314.22	190142.27	1634627584	22.1	30273536	1.4	0	0	0	0	0	0	0	0	0	0	0	0	
03:20:53	0.0	11314.22	190144.27	1634627584	22.1	30273536	1.4	0	0	0	0	0	0	0	0	0	0	0	0	
03:20:55	0.0	11314.22	190146.26	1634627584	22.1	30273536	1.4	0	0	0	0	0	0	0	0	0	0	0	0	
03:20:57	0.0	11314.22	190148.26	1634635776	22.1	30273536	1.4	0	120	0	2	0	0	0	0	0	2	0	24576	
03:20:59	0.5	11314.22	190150.25	1634635776	22.1	30273536	1.4	0	0	0	0	0	0	0	0	0	0	0	0	
03:21:01	0.0	11314.22	190152.25	1634635776	22.1	30273536	1.4	0	0	0	0	0	0	0	0	0	0	0	0	
03:21:03	0.0	11314.22	190154.25	1634635776	22.1	30273536	1.4	0	0	0	0	0	0	0	0	0	5	0	24576	
03:21:05	0.0	11314.22	190156.24	1634635776	22.1	30273536	1.4	0	0	0	0	0	0	0	0	0	0	0	0	
03:21:07	0.0	11314.22	190158.24	1634643968	22.1	30273536	1.4	0	0	0	0	0	0	0	0	0	2	0	8192	
03:21:09	0.0	11314.22	190160.24	1634643968	22.1	30273536	1.4	14328	0	6	0	0	0	0	0	0	0	0	0	
03:21:11	0.0	11314.22	190162.24	1634643968	22.1	30273536	1.4	66	300	1	4	0	0	0	0	0	0	0	0	
03:21:13	0.0	11314.22	190164.23	1634643968	22.1	30273536	1.4	0	0	0	0	0	0	0	0	0	0	0	0	
03:21:15	0.0	11314.22	190166.23	1634643968	22.1	30273536	1.4	60	60	1	1	0	0	0	0	0	0	0	0	
03:21:17	0.0	11314.22	190168.23	1634643968	22.1	30273536	1.4	0	0	0	0	0	0	0	0	0	0	0	0	
03:21:19	0.0	11314.22	190170.23	1634643968	22.1	30273536	1.4	0	0	0	0	0	0	0	0	0	0	0	0	
03:21:21	1.0	11314.22	190172.2	1634643968	22.1	30273536	1.4	0	60	0	1	0	0	0	0	0	0	0	0	
03:21:23	0.0	11314.22	190174.2	1634643968	22.1	30273536	1.4	0	0	0	0	0	0	0	0	0	0	0	0	
03:21:25	0.0	11314.22	190176.2	1634643968	22.1	30273536	1.4	0	0	0	0	0	0	0	0	0	0	0	0	
03:21:27	0.0	11314.22	190178.2	1634643968	22.1	30273536	1.4	0	0	0	0	0	0	0	0	0	2	0	24576	
03:21:29	0.0	11314.22	190180.19	1634643968	22.1	30273536	1.4	0	0	0	0	0	0	0	0	0	0	0	0	
03:21:31	0.0	11314.22	190182.19	1634643968	22.1	30273536	1.4	0	0	0	0	0	0	0	0	0	0	0	0	
03:21:33	0.0	11314.22	190184.19	1634643968	22.1	30273536	1.4	0	60	0	1	0	0	0	0	0	5	0	24576	
03:21:35	0.0	11314.22	190186.19	1634643968	22.1	30273536	1.4	0	0	0	0	0	0	0	0	0	0	0	0	
03:21:37	0.0	11314.22	190188.18	1634643968	22.1	30273536	1.4	0	0	0	0	0	0	0	0	0	0	0	0	
03:21:39	0.0	11314.22	190190.18	1634643968	22.1	30273536	1.4	0	253	0	1	0	0	0	0	0	0	0	0	
03:21:41	0.0	11314.22	190192.18	1634643968	22.1	30273536	1.4	0	0	0	0	0	0	0	0	0	0	0	0	
03:21:43	0.0	11314.22	190194.18	1634643968	22.1	30273536	1.4	0	120	0	2	0	0	0	0	0	0	0	0	
03:21:45	0.0	11314.22	190196.18	1634643968	22.1	30273536	1.4	0	0	0	0	0	0	0	0	0	0	0	0	
03:21:47	0.0	11314.22	190198.17	1634643968	22.1	30273536	1.4	0	0	0	0	0	0	0	0	0	0	0	0	
03:21:49	0.0	11314.22	190200.17	1634643968	22.1	30273536	1.4	0	0	0	0	0	0	0	0	0	0	0	0	
03:21:51	0.0	11314.22	190202.17	1634643968	22.1	30273536	1.4	0	0	0	0	0	0	0	0	0	0	0	0	
03:21:53	0.0	11314.22	190204.17	1634643968	22.1	30273536	1.4	0	0	0	0	0	0	0	0	0	0	0	0	
03:21:55	0.0	11314.22	190206.16	1634643968	22.1	30273536	1.4	0	0	0	0	0	0	0	0	0	0	0	0	
03:21:58	0.0	11314.22	190208.16	1634652160	22.1	30273536	1.4	0	60	0	1	0	0	0	0	0	2	0	24576	
03:22:00	0.5	11314.23	190210.15	1634652160	22.1	30273536	1.4	0	0	0	0	0	0	0	0	0	0	0	0	
03:22:02	0.0	11314.23	190212.15	1634652160	22.1	30273536	1.4	0	0	0	0	0	0	0	0	0	0	0	0	
03:22:04	0.0	11314.23	190214.15	1634652160	22.1	30273536	1.4	14320	198	6	3	0	0	0	0	0	5	0	24576	
03:22:06	0.0	11314.23	190216.14	1634652160	22.1	30273536	1.4	0	0	0	0	0	0	0	0	0	0	0	0	
03:22:08	0.0	11314.23	190218.14	1634660352	22.1	30273536	1.4	60	60	1	1	0	0	0	0	0	2	0	8192	
03:22:10	0.0	11314.23	190220.14	1634660352	22.1	30273536	1.4	0	0	0	0	0	0	0	0	0	0	0	0	
03:22:12	0.0	11314.23	190222.14	1634660352	22.1	30273536	1.4	0	0	0	0	0	0	0	0	0	0	0	0	
03:22:14	0.0	11314.23	190224.13	1634660352	22.1	30273536	1.4	0	0	0	0	0	0	0	0	0	0	0	0	
03:22:16	0.0	11314.23	190226.13	1634660352	22.1	30273536	1.4	0	0	0	0	0	0	0	0	0	0	0	0	
03:22:18	0.0	11314.23	190228.13	1634660352	22.1	30273536	1.4	0	360	0	6	0	0	0	0	0	0	0	0	
03:22:20	0.0	11314.23	190230.13	1634660352	22.1	30273536	1.4	0	0	0	0	0	0	0	0	0	0	0	0	
03:22:22	0.0	11314.23	190232.12	1634660352	22.1	30273536	1.4	0	0	0	0	0	0	0	0	0	0	0	0	
03:22:24	0.0	11314.23	190234.12	1634660352	22.1	30273536	1.4	0	0	0	0	0	0	0	0	0	0	0	0	
03:22:26	0.0	11314.23	190236.12	1634660352	22.1	30273536	1.4	0	0	0	0	0	0	0	0	0	0	0	0	
03:22:28	0.0	11314.23	190238.12	1634660352	22.1	30273536	1.4	0	0	0	0	0	0	0	0	0	2	0	24576	
03:22:30	0.0	11314.23	190240.12	1634660352	22.1	30273536	1.4	0	0	0	0	0	0	0	0	0	0	0	0	
03:22:32	0.0	11314.23	190242.11	1634660352	22.1	30273536	1.4	0	0	0	0	0	0	0	0	0	0	0	0	
03:22:34	0.0	11314.23	190244.11	1634660352	22.1	30273536	1.4	0	253	0	1	0	0	0	0	0	5	0	24576	
03:22:36	0.0	11314.23	190246.11	1634660352	22.1	30273536	1.4	0	0	0	0	0	0	0	0	0	0	0	0	
03:22:38	0.0	11314.23	190248.1	1634660352	22.1	30273536	1.4	0	0	0	0	0	0	0	0	0	0	0	0	
03:22:40	0.0	11314.23	190250.1	1634660352	22.1	30273536	1.4	0	0	0	0	0	0	0	0	0	0	0	0	
03:22:42	0.5	11314.24	190252.1	1634660352	22.1	30273536	1.4	0	0	0	0	0	0	0	0	0	0	0	0	
03:22:44	0.0	11314.24	190254.1	1634660352	22.1	30273536	1.4	0	0	0	0	0	0	0	0	0	0	0	0	
03:22:46	0.0	11314.24	190256.1	1634660352	22.1	30273536	1.4	0	0	0	0	0	0	0	0	0	0	0	0	
03:22:48	0.0	11314.24	190258.09	1634660352	22.1	30273536	1.4	0	0	0	0	0	0	0	0	0	0	0	0	
03:22:50	0.0	11314.24	190260.09	1634660352	22.1	30273536	1.4	0	0	0	0	0	0	0	0	0	0	0	0	
03:22:52	0.0	11314.24	190262.09	1634660352	22.1	30273536	1.4	0	0	0	0	0	0	0	0	0	0	0	0	
03:22:54	0.0	11314.24	190264.08	1634660352	22.1	30273536	1.4	0	0	0	0	0	0	0	0	0	0	0	0	
03:22:56	0.0	11314.24	190266.08	1634660352	22.1	30273536	1.4	14336	198	6	3	0	0	0	0	0	0	0	0	
03:22:58	0.0	11314.24	190268.08	1634668544	22.1	30273536	1.4	0	0	0	0	0	0	0	0	0	2	0	24576	
03:23:00	0.5	11314.24	190270.07	1634668544	22.1	30273536	1.4	120	120	2	2	0	0	0	0	0	0	0	0	
03:23:02	0.0	11314.24	190272.07	1634668544	22.1	30273536	1.4	0	120	0	2	0	0	0	0	0	0	0	0	
03:23:04	0.0	11314.24	190274.06	1634668544	22.1	30273536	1.4	0	0	0	0	0	0	0	0	0	5	0	24576	
03:23:06	0.0	11314.24	190276.06	1634668544	22.1	30273536	1.4	0	0	0	0	0	0	0	0	0	0	0	0	
03:23:08	0.0	11314.24	190278.06	1634676736	22.1	30273536	1.4	0	0	0	0	0	0	0	0	0	2	0	8192	
03:23:10	0.0	11314.24	190280.06	1634676736	22.1	30273536	1.4	0	0	0	0	0	0	0	0	0	0	0	0	
03:23:12	0.0	11314.24	190282.05	1634676736	22.1	30273536	1.4	0	0	0	0	0	0	0	0	0	0	0	0	
03:23:14	0.0	11314.24	190284.05	1634676736	22.1	30273536	1.4	0	0	0	0	0	0	0	0	0	0	0	0	
03:23:16	0.0	11314.24	190286.05	1634676736	22.1	30273536	1.4	0	0	0	0	0	0	0	0	0	0	0	0	
03:23:18	0.0	11314.24	190288.05	1634676736	22.1	30273536	1.4	0	0	0	0	0	0	0	0	0	0	0	0	
03:23:20	0.0	11314.24	190290.04	1634676736	22.1	30273536	1.4	0	0	0	0	0	0	0	0	0	0	0	0	
03:23:22	0.0	11314.24	190292.04	1634676736	22.1	30273536	1.4	0	0	0	0	0	0	0	0	0	0	0	0	
03:23:24	0.0	11314.24	190294.04	1634676736	22.1	30273536	1.4	0	0	0	0	0	0	0	0	0	0	0	0	
03:23:26	0.0	11314.24	190296.04	1634676736	22.1	30273536	1.4	0	0	0	0	0	0	0	0	0	0	0	0	
03:23:28	0.0	11314.24	190298.04	1634676736	22.1	30273536	1.4	0	0	0	0	0	0	0	0	0	2	0	32768	
03:23:30	0.0	11314.24	190300.04	1634676736	22.1	30273536	1.4	0	0	0	0	0	0	0	0	0	0	0	0	
03:23:32	0.0	11314.24	190302.03	1634676736	22.1	30273536	1.4	0	0	0	0	0	0	0	0	0	0	0	0	
03:23:34	0.0	11314.24	190304.03	1634676736	22.1	30273536	1.4	0	0	0	0	0	0	0	0	0	5	0	24576	
03:23:36	0.0	11314.24	190306.03	1634676736	22.1	30273536	1.4	0	0	0	0	0	0	0	0	0	0	0	0	
03:23:38	0.0	11314.24	190308.02	1634676736	22.1	30273536	1.4	0	0	0	0	0	0	0	0	0	0	0	0	
03:23:40	0.0	11314.24	190310.02	1634676736	22.1	30273536	1.4	0	0	0	0	0	0	0	0	0	0	0	0	
03:23:42	0.5	11314.25	190312.02	1634676736	22.1	30273536	1.4	0	0	0	0	0	0	0	0	0	0	0	0	
03:23:44	0.0	11314.25	190314.02	1634676736	22.1	30273536	1.4	0	0	0	0	0	0	0	0	0	0	0	0	
03:23:46	0.0	11314.25	190316.02	1634676736	22.1	30273536	1.4	0	60	0	1	0	0	0	0	0	0	0	0	
03:23:48	0.0	11314.25	190318.01	1634676736	22.1	30273536	1.4	12904	264	6	4	0	0	0	0	0	0	0	0	
03:23:50	0.0	11314.25	190320.01	1634676736	22.1	30273536	1.4	0	0	0	0	0	0	0	0	0	0	0	0	
03:23:52	0.0	11314.25	190322.01	1634676736	22.1	30273536	1.4	60	60	1	1	0	0	0	0	0	0	0	0	
03:23:54	0.0	11314.25	190324.01	1634676736	22.1	30273536	1.4	0	0	0	0	0	0	0	0	0	0	0	0	
03:23:56	0.0	11314.25	190326.0	1634676736	22.1	30273536	1.4	0	0	0	0	0	0	0	0	0	0	0	0	
03:23:58	0.0	11314.25	190328.0	1634684928	22.1	30273536	1.4	0	0	0	0	0	0	0	0	0	2	0	24576	
03:24:00	1.0	11314.26	190329.99	1634684928	22.1	30273536	1.4	0	0	0	0	0	0	0	0	0	0	0	0	
03:24:02	0.0	11314.26	190331.99	1634684928	22.1	30273536	1.4	0	0	0	0	0	0	0	0	0	0	0	0	
03:24:04	0.0	11314.26	190333.98	1634684928	22.1	30273536	1.4	0	0	0	0	0	0	0	0	0	5	0	24576	
03:24:06	0.0	11314.26	190335.98	1634684928	22.1	30273536	1.4	0	0	0	0	0	0	0	0	0	0	0	0	
03:24:08	0.0	11314.26	190337.98	1634693120	22.1	30273536	1.4	0	0	0	0	0	0	0	0	0	2	0	8192	
03:24:10	0.0	11314.26	190339.98	1634693120	22.1	30273536	1.4	0	0	0	0	0	0	0	0	0	0	0	0	
03:24:12	0.0	11314.26	190341.98	1634693120	22.1	30273536	1.4	0	0	0	0	0	0	0	0	0	0	0	0	
03:24:14	0.0	11314.26	190343.97	1634693120	22.1	30273536	1.4	0	0	0	0	0	0	0	0	0	0	0	0	
03:24:16	0.0	11314.26	190345.97	1634693120	22.1	30273536	1.4	0	0	0	0	0	0	0	0	0	0	0	0	
03:24:18	0.0	11314.26	190347.97	1634693120	22.1	30273536	1.4	0	0	0	0	0	0	0	0	0	0	0	0	
03:24:20	0.0	11314.26	190349.97	1634693120	22.1	30273536	1.4	0	0	0	0	0	0	0	0	0	0	0	0	
03:24:22	0.0	11314.26	190351.96	1634693120	22.1	30273536	1.4	0	0	0	0	0	0	0	0	0	0	0	0	
03:24:24	0.0	11314.26	190353.96	1634693120	22.1	30273536	1.4	0	0	0	0	0	0	0	0	0	0	0	0	
03:24:26	0.0	11314.26	190355.96	1634693120	22.1	30273536	1.4	0	0	0	0	0	0	0	0	0	0	0	0	
03:24:28	0.0	11314.26	190357.96	1634693120	22.1	30273536	1.4	0	0	0	0	0	0	0	0	0	2	0	24576	
03:24:30	0.0	11314.26	190359.96	1634693120	22.1	30273536	1.4	0	0	0	0	0	0	0	0	0	0	0	0	
03:24:32	0.0	11314.26	190361.95	1634693120	22.1	30273536	1.4	0	0	0	0	0	0	0	0	0	0	0	0	
03:24:34	0.0	11314.26	190363.95	1634693120	22.1	30273536	1.4	0	0	0	0	0	0	0	0	0	5	0	24576	
03:24:36	0.0	11314.26	190365.95	1634693120	22.1	30273536	1.4	0	120	0	2	0	0	0	0	0	0	0	0	
03:24:38	0.0	11314.26	190367.95	1634693120	22.1	30273536	1.4	0	0	0	0	0	0	0	0	0	0	0	0	
03:24:40	0.0	11314.26	190369.94	1634693120	22.1	30273536	1.4	14336	264	6	4	0	0	0	0	0	0	0	0	
03:24:42	0.0	11314.26	190371.94	1634693120	22.1	30273536	1.4	0	60	0	1	0	0	0	0	0	0	0	0	
03:24:44	0.0	11314.26	190373.94	1634693120	22.1	30273536	1.4	60	60	1	1	0	0	0	0	0	0	0	0	
03:24:46	0.0	11314.26	190375.94	1634693120	22.1	30273536	1.4	0	0	0	0	0	0	0	0	0	0	0	0	
03:24:48	0.0	11314.26	190377.94	1634693120	22.1	30273536	1.4	0	0	0	0	0	0	0	0	0	0	0	0	
03:24:50	0.0	11314.26	190379.93	1634693120	22.1	30273536	1.4	0	0	0	0	0	0	0	0	0	0	0	0	
03:24:52	0.0	11314.26	190381.92	1634693120	22.1	30273536	1.4	0	0	0	0	0	0	0	0	0	0	0	0	
03:24:54	0.0	11314.26	190383.92	1634693120	22.1	30273536	1.4	0	0	0	0	0	0	0	0	0	0	0	0	
03:24:56	0.0	11314.26	190385.92	1634693120	22.1	30273536	1.4	0	0	0	0	0	0	0	0	0	0	0	0	
03:24:58	0.5	11314.26	190387.91	1634693120	22.1	30273536	1.4	0	0	0	0	0	0	0	0	0	2	0	24576	
03:25:00	0.0	11314.26	190389.91	1634701312	22.1	30273536	1.4	0	0	0	0	0	0	0	0	0	0	0	0	
03:25:02	0.0	11314.26	190391.9	1634701312	22.1	30273536	1.4	0	0	0	0	0	0	0	0	0	0	0	0	
03:25:04	0.0	11314.26	190393.9	1634701312	22.1	30273536	1.4	0	0	0	0	0	0	0	0	0	5	0	24576	
03:25:06	0.0	11314.26	190395.9	1634701312	22.1	30273536	1.4	0	0	0	0	0	0	0	0	0	0	0	0	
03:25:08	0.0	11314.26	190397.9	1634701312	22.1	30273536	1.4	0	180	0	3	0	0	0	0	0	0	0	0	
03:25:10	0.0	11314.26	190399.9	1634701312	22.1	30273536	1.4	0	0	0	0	0	0	0	0	0	0	0	0	
03:25:12	0.0	11314.26	190401.89	1634697216	22.1	30273536	1.4	0	0	0	0	0	0	0	0	0	0	0	0	
03:25:14	0.0	11314.26	190403.89	1634697216	22.1	30273536	1.4	0	0	0	0	0	0	0	0	0	0	0	0	
03:25:16	0.0	11314.26	190405.89	1634697216	22.1	30273536	1.4	0	0	0	0	0	0	0	0	0	0	0	0	
03:25:18	0.0	11314.26	190407.88	1634697216	22.1	30273536	1.4	0	0	0	0	0	0	0	0	0	0	0	0	
03:25:20	0.0	11314.26	190409.88	1634697216	22.1	30273536	1.4	0	0	0	0	0	0	0	0	0	0	0	0	
03:25:22	0.0	11314.26	190411.88	1634697216	22.1	30273536	1.4	0	0	0	0	0	0	0	0	0	0	0	0	
03:25:24	0.0	11314.26	190413.88	1634697216	22.1	30273536	1.4	0	0	0	0	0	0	0	0	0	0	0	0	
03:25:26	0.0	11314.26	190415.88	1634697216	22.1	30273536	1.4	0	0	0	0	0	0	0	0	0	0	0	0	
03:25:28	0.0	11314.26	190417.88	1634697216	22.1	30273536	1.4	0	0	0	0	0	0	0	0	0	2	0	32768	
03:25:30	0.0	11314.26	190419.87	1634701312	22.1	30273536	1.4	0	0	0	0	0	0	0	0	0	0	0	0	
03:25:32	0.0	11314.26	190421.87	1634701312	22.1	30273536	1.4	14328	264	6	4	0	0	0	0	0	0	0	0	
03:25:34	0.0	11314.26	190423.87	1634701312	22.1	30273536	1.4	0	0	0	0	0	0	0	0	0	5	0	24576	
03:25:36	0.0	11314.26	190425.86	1634701312	22.1	30273536	1.4	60	60	1	1	0	0	0	0	0	0	0	0	
03:25:38	0.0	11314.26	190427.86	1634701312	22.1	30273536	1.4	0	0	0	0	0	0	0	0	0	2	0	8192	
03:25:40	0.0	11314.26	190429.86	1634709504	22.1	30273536	1.4	0	0	0	0	0	0	0	0	0	0	0	0	
03:25:42	1.0	11314.26	190431.84	1634709504	22.1	30273536	1.4	0	0	0	0	0	0	0	0	0	0	0	0	
03:25:44	0.0	11314.26	190433.84	1634709504	22.1	30273536	1.4	0	0	0	0	0	0	0	0	0	0	0	0	
03:25:46	0.0	11314.26	190435.84	1634709504	22.1	30273536	1.4	0	0	0	0	0	0	0	0	0	0	0	0	
03:25:48	0.0	11314.26	190437.83	1634709504	22.1	30273536	1.4	0	0	0	0	0	0	0	0	0	0	0	0	
03:25:50	0.0	11314.26	190439.83	1634709504	22.1	30273536	1.4	0	0	0	0	0	0	0	0	0	0	0	0	
03:25:52	0.0	11314.26	190441.83	1634709504	22.1	30273536	1.4	0	0	0	0	0	0	0	0	0	0	0	0	
03:25:54	0.0	11314.26	190443.83	1634709504	22.1	30273536	1.4	0	0	0	0	0	0	0	0	0	0	0	0	
03:25:56	0.0	11314.26	190445.82	1634709504	22.1	30273536	1.4	0	0	0	0	0	0	0	0	0	0	0	0	
03:25:58	0.5	11314.26	190447.82	1634709504	22.1	30273536	1.4	0	0	0	0	0	0	0	0	0	2	0	24576	
03:26:00	0.0	11314.26	190449.81	1634709504	22.1	30273536	1.4	0	0	0	0	0	0	0	0	0	0	0	0	
03:26:02	0.5	11314.26	190451.8	1634709504	22.1	30273536	1.4	0	0	0	0	0	0	0	0	0	0	0	0	
03:26:04	0.0	11314.26	190453.79	1634582528	22.1	30273536	1.4	0	0	0	0	0	0	0	0	0	5	0	24576	
03:26:06	0.0	11314.26	190455.79	1634582528	22.1	30273536	1.4	0	0	0	0	0	0	0	0	0	0	0	0	
03:26:08	0.0	11314.26	190457.79	1634582528	22.1	30273536	1.4	0	60	0	1	0	0	0	0	0	0	0	0	
03:26:10	0.0	11314.26	190459.78	1634582528	22.1	30273536	1.4	0	0	0	0	0	0	0	0	0	0	0	0	
03:26:12	0.0	11314.26	190461.78	1634582528	22.1	30273536	1.4	0	0	0	0	0	0	0	0	0	0	0	0	
03:26:14	0.0	11314.26	190463.78	1634582528	22.1	30273536	1.4	0	0	0	0	0	0	0	0	0	0	0	0	
03:26:16	0.0	11314.26	190465.78	1634582528	22.1	30273536	1.4	0	0	0	0	0	0	0	0	0	0	0	0	
03:26:18	0.0	11314.26	190467.78	1634582528	22.1	30273536	1.4	0	0	0	0	0	0	0	0	0	0	0	0	
03:26:20	0.0	11314.26	190469.77	1634582528	22.1	30273536	1.4	0	0	0	0	0	0	0	0	0	0	0	0	
03:26:22	0.5	11314.26	190471.76	1634582528	22.1	30273536	1.4	0	0	0	0	0	0	0	0	0	0	0	0	
03:26:24	0.0	11314.26	190473.76	1634582528	22.1	30273536	1.4	14328	66	6	1	0	0	0	0	0	0	0	0	
03:26:26	0.0	11314.26	190475.75	1634582528	22.1	30273536	1.4	0	132	0	2	0	0	0	0	0	0	0	0	
03:26:28	0.0	11314.26	190477.75	1634582528	22.1	30273536	1.4	0	0	0	0	0	0	0	0	0	2	0	32768	
03:26:30	0.0	11314.26	190479.75	1634590720	22.1	30273536	1.4	60	60	1	1	0	0	0	0	0	0	0	0	
03:26:32	0.0	11314.26	190481.74	1634590720	22.1	30273536	1.4	0	0	0	0	0	0	0	0	0	0	0	0	
03:26:34	0.0	11314.26	190483.74	1634590720	22.1	30273536	1.4	0	0	0	0	0	0	0	0	0	5	0	24576	
03:26:36	0.0	11314.26	190485.74	1634590720	22.1	30273536	1.4	0	60	0	1	0	0	0	0	0	0	0	0	
03:26:38	0.0	11314.26	190487.74	1634590720	22.1	30273536	1.4	0	0	0	0	0	0	0	0	0	2	0	8192	
03:26:40	0.0	11314.26	190489.74	1634598912	22.1	30273536	1.4	0	0	0	0	0	0	0	0	0	0	0	0	
03:26:42	0.0	11314.26	190491.73	1634598912	22.1	30273536	1.4	0	0	0	0	0	0	0	0	0	0	0	0	
03:26:44	0.0	11314.26	190493.72	1634598912	22.1	30273536	1.4	0	0	0	0	0	0	0	0	0	0	0	0	
03:26:46	0.0	11314.26	190495.72	1634598912	22.1	30273536	1.4	0	0	0	0	0	0	0	0	0	0	0	0	
03:26:48	0.0	11314.26	190497.72	1634598912	22.1	30273536	1.4	0	0	0	0	0	0	0	0	0	0	0	0	
03:26:50	0.0	11314.26	190499.72	1634598912	22.1	30273536	1.4	0	0	0	0	0	0	0	0	0	0	0	0	
03:26:52	0.0	11314.26	190501.72	1634598912	22.1	30273536	1.4	0	0	0	0	0	0	0	0	0	0	0	0	
03:26:54	0.0	11314.26	190503.71	1634598912	22.1	30273536	1.4	0	0	0	0	0	0	0	0	0	0	0	0	
03:26:56	0.0	11314.26	190505.71	1634598912	22.1	30273536	1.4	0	0	0	0	0	0	0	0	0	0	0	0	
03:26:58	1.0	11314.27	190507.7	1634598912	22.1	30273536	1.4	0	0	0	0	0	0	0	0	0	2	0	32768	
03:27:00	0.0	11314.27	190509.7	1634598912	22.1	30273536	1.4	0	0	0	0	0	0	0	0	0	0	0	0	
03:27:02	0.0	11314.27	190511.7	1634598912	22.1	30273536	1.4	0	0	0	0	0	0	0	0	0	0	0	0	
03:27:04	0.0	11314.27	190513.69	1634598912	22.1	30273536	1.4	0	0	0	0	0	0	0	0	0	5	0	24576	
03:27:06	0.0	11314.27	190515.69	1634598912	22.1	30273536	1.4	0	0	0	0	0	0	0	0	0	0	0	0	
03:27:08	0.0	11314.27	190517.69	1634598912	22.1	30273536	1.4	0	0	0	0	0	0	0	0	0	0	0	0	
03:27:10	0.0	11314.27	190519.69	1634598912	22.1	30273536	1.4	0	0	0	0	0	0	0	0	0	0	0	0	
03:27:12	0.0	11314.27	190521.68	1634598912	22.1	30273536	1.4	0	120	0	2	0	0	0	0	0	0	0	0	
03:27:14	0.0	11314.27	190523.68	1634598912	22.1	30273536	1.4	0	0	0	0	0	0	0	0	0	0	0	0	
03:27:16	0.0	11314.27	190525.68	1634598912	22.1	30273536	1.4	14344	0	6	0	0	0	0	0	0	0	0	0	
03:27:18	0.0	11314.27	190527.68	1634598912	22.1	30273536	1.4	0	198	0	3	0	0	0	0	0	0	0	0	
03:27:20	0.0	11314.27	190529.68	1634598912	22.1	30273536	1.4	0	0	0	0	0	0	0	0	0	0	0	0	
03:27:22	0.0	11314.27	190531.67	1634598912	22.1	30273536	1.4	60	120	1	2	0	0	0	0	0	0	0	0	
03:27:24	0.0	11314.27	190533.67	1634598912	22.1	30273536	1.4	0	60	0	1	0	0	0	0	0	0	0	0	
03:27:26	0.0	11314.27	190535.66	1634598912	22.1	30273536	1.4	0	194	0	2	0	0	0	0	0	0	0	0	
03:27:28	0.0	11314.27	190537.66	1634598912	22.1	30273536	1.4	0	0	0	0	0	0	0	0	0	7	0	57344	
03:27:30	0.0	11314.27	190539.66	1634615296	22.1	30273536	1.4	0	0	0	0	0	0	0	0	0	0	0	0	
03:27:32	0.0	11314.27	190541.66	1634615296	22.1	30273536	1.4	0	0	0	0	0	0	0	0	0	0	0	0	
03:27:34	0.0	11314.27	190543.66	1634615296	22.1	30273536	1.4	0	0	0	0	0	0	0	0	0	5	0	24576	
03:27:36	0.0	11314.27	190545.65	1634615296	22.1	30273536	1.4	0	0	0	0	0	0	0	0	0	0	0	0	
03:27:38	0.0	11314.27	190547.65	1634615296	22.1	30273536	1.4	0	0	0	0	0	0	0	0	0	2	0	8192	
03:27:40	0.5	11314.27	190549.65	1634623488	22.1	30273536	1.4	0	60	0	1	0	0	0	0	0	0	0	0	
03:27:42	0.0	11314.27	190551.64	1634623488	22.1	30273536	1.4	0	0	0	0	0	0	0	0	0	0	0	0	
03:27:44	0.0	11314.27	190553.64	1634623488	22.1	30273536	1.4	0	0	0	0	0	0	0	0	0	0	0	0	
03:27:46	0.0	11314.27	190555.64	1634623488	22.1	30273536	1.4	0	0	0	0	0	0	0	0	0	0	0	0	
03:27:48	0.0	11314.27	190557.64	1634623488	22.1	30273536	1.4	0	0	0	0	0	0	0	0	0	5	0	24576	
03:27:50	0.0	11314.27	190559.63	1634623488	22.1	30273536	1.4	0	0	0	0	0	0	0	0	0	0	0	0	
03:27:52	0.0	11314.27	190561.63	1634623488	22.1	30273536	1.4	0	0	0	0	0	0	0	0	0	0	0	0	
03:27:54	0.0	11314.27	190563.63	1634623488	22.1	30273536	1.4	0	0	0	0	0	0	0	0	0	0	0	0	
03:27:56	0.0	11314.27	190565.63	1634623488	22.1	30273536	1.4	0	0	0	0	0	0	0	0	0	0	0	0	
03:27:58	0.0	11314.27	190567.62	1634623488	22.1	30273536	1.4	0	0	0	0	0	0	0	0	0	2	0	32768	
03:28:00	0.0	11314.27	190569.61	1634631680	22.1	30273536	1.4	0	0	0	0	0	0	0	0	0	0	0	0	
03:28:02	0.0	11314.27	190571.61	1634631680	22.1	30273536	1.4	0	0	0	0	0	0	0	0	0	0	0	0	
03:28:04	0.0	11314.27	190573.61	1634631680	22.1	30273536	1.4	0	0	0	0	0	0	0	0	0	5	0	24576	
03:28:06	0.0	11314.27	190575.61	1634631680	22.1	30273536	1.4	0	0	0	0	0	0	0	0	0	0	0	0	
03:28:08	0.0	11314.27	190577.6	1634631680	22.1	30273536	1.4	14336	0	6	0	0	0	0	0	0	0	0	0	
03:28:10	0.0	11314.28	190579.6	1634631680	22.1	30273536	1.4	0	264	0	4	0	0	0	0	0	0	0	0	
03:28:12	0.0	11314.28	190581.6	1634631680	22.1	30273536	1.4	0	0	0	0	0	0	0	0	0	0	0	0	
03:28:14	0.0	11314.28	190583.6	1634631680	22.1	30273536	1.4	60	60	1	1	0	0	0	0	0	0	0	0	
03:28:16	0.0	11314.28	190585.59	1634631680	22.1	30273536	1.4	0	0	0	0	0	0	0	0	0	0	0	0	
03:28:18	0.0	11314.28	190587.59	1634631680	22.1	30273536	1.4	0	0	0	0	0	0	0	0	0	2	0	8192	
03:28:20	0.0	11314.28	190589.59	1634639872	22.1	30273536	1.4	0	0	0	0	0	0	0	0	0	0	0	0	
03:28:22	0.0	11314.28	190591.59	1634639872	22.1	30273536	1.4	0	0	0	0	0	0	0	0	0	0	0	0	
03:28:24	0.0	11314.28	190593.58	1634639872	22.1	30273536	1.4	0	0	0	0	0	0	0	0	0	0	0	0	
03:28:26	0.0	11314.28	190595.58	1634639872	22.1	30273536	1.4	0	0	0	0	0	0	0	0	0	0	0	0	
03:28:28	0.0	11314.28	190597.58	1634639872	22.1	30273536	1.4	0	0	0	0	0	0	0	0	0	2	0	24576	
03:28:30	0.0	11314.28	190599.58	1634639872	22.1	30273536	1.4	0	0	0	0	0	0	0	0	0	0	0	0	
03:28:32	0.5	11314.28	190601.57	1634639872	22.1	30273536	1.4	0	0	0	0	0	0	0	0	0	0	0	0	
03:28:34	0.0	11314.28	190603.56	1634639872	22.1	30273536	1.4	0	0	0	0	0	0	0	0	0	5	0	24576	
03:28:36	0.0	11314.28	190605.56	1634639872	22.1	30273536	1.4	0	0	0	0	0	0	0	0	0	0	0	0	
03:28:38	0.0	11314.28	190607.56	1634648064	22.1	30273536	1.4	372	240	5	3	0	0	0	0	0	0	0	0	
03:28:40	0.0	11314.28	190609.56	1634648064	22.1	30273536	1.4	74	0	1	0	0	0	0	0	0	0	0	0	
03:28:42	0.0	11314.28	190611.55	1634648064	22.1	30273536	1.4	60	60	1	1	0	0	0	0	0	0	0	0	
03:28:44	0.0	11314.28	190613.55	1634648064	22.1	30273536	1.4	74	0	1	0	0	0	0	0	0	0	0	0	
03:28:46	0.0	11314.28	190615.55	1634648064	22.1	30273536	1.4	0	0	0	0	0	0	0	0	0	0	0	0	
03:28:48	0.0	11314.28	190617.54	1634648064	22.1	30273536	1.4	312	240	4	3	0	0	0	0	0	0	0	0	
03:28:50	0.0	11314.28	190619.54	1634648064	22.1	30273536	1.4	74	0	1	0	0	0	0	0	0	0	0	0	
03:28:52	0.0	11314.28	190621.54	1634648064	22.1	30273536	1.4	74	0	1	0	0	0	0	0	0	0	0	0	
03:28:54	0.0	11314.28	190623.54	1634648064	22.1	30273536	1.4	74	0	1	0	0	0	0	0	0	5	0	24576	
03:28:56	0.0	11314.28	190625.54	1634648064	22.1	30273536	1.4	0	0	0	0	0	0	0	0	0	0	0	0	
03:28:58	0.5	11314.28	190627.52	1634648064	22.1	30273536	1.4	312	212	4	2	0	0	0	0	0	2	0	24576	
03:29:00	0.0	11314.28	190629.52	1634660352	22.1	30273536	1.4	14402	0	7	0	0	0	0	0	0	0	0	0	
03:29:02	0.0	11314.28	190631.52	1634660352	22.1	30273536	1.4	74	198	1	3	0	0	0	0	0	0	0	0	
03:29:04	0.0	11314.28	190633.52	1634660352	22.1	30273536	1.4	74	0	1	0	0	0	0	0	0	6	0	32768	
03:29:06	0.0	11314.28	190635.51	1634660352	22.1	30273536	1.4	60	60	1	1	0	0	0	0	0	0	0	0	
03:29:08	0.0	11314.28	190637.51	1634660352	22.1	30273536	1.4	460	212	6	2	0	0	0	0	0	2	0	8192	
03:29:10	0.0	11314.28	190639.5	1634668544	22.1	30273536	1.4	148	0	2	0	0	0	0	0	0	0	0	0	
03:29:12	0.0	11314.28	190641.5	1634668544	22.1	30273536	1.4	60	60	1	1	0	0	0	0	0	0	0	0	
03:29:14	0.0	11314.28	190643.49	1634668544	22.1	30273536	1.4	148	0	2	0	0	0	0	0	0	5	0	24576	
03:29:16	0.0	11314.28	190645.49	1634668544	22.1	30273536	1.4	0	60	0	1	0	0	0	0	0	0	0	0	
03:29:18	0.0	11314.28	190647.48	1634668544	22.1	30273536	1.4	296	313	4	2	0	0	0	0	0	3	0	16384	
03:29:20	0.0	11314.28	190649.48	1634676736	22.1	30273536	1.4	148	0	2	0	0	0	0	0	0	0	0	0	
03:29:22	0.0	11314.28	190651.48	1634676736	22.1	30273536	1.4	0	0	0	0	0	0	0	0	0	0	0	0	
03:29:24	0.0	11314.28	190653.48	1634676736	22.1	30273536	1.4	148	0	2	0	0	0	0	0	0	8	0	49152	
03:29:26	0.0	11314.28	190655.48	1634676736	22.1	30273536	1.4	0	194	0	2	0	0	0	0	0	0	0	0	
03:29:28	0.0	11314.28	190657.47	1634676736	22.1	30273536	1.4	148	0	2	0	0	0	0	0	0	2	0	24576	
03:29:30	0.0	11314.28	190659.47	1634684928	22.1	30273536	1.4	74	0	1	0	0	0	0	0	0	0	0	0	
03:29:32	0.0	11314.28	190661.47	1634684928	22.1	30273536	1.4	0	0	0	0	0	0	0	0	0	0	0	0	
03:29:34	0.0	11314.28	190663.46	1634684928	22.1	30273536	1.4	74	0	1	0	0	0	0	0	0	5	0	24576	
03:29:36	0.0	11314.28	190665.46	1634684928	22.1	30273536	1.4	0	0	0	0	0	0	0	0	0	0	0	0	
03:29:38	0.0	11314.28	190667.46	1634684928	22.1	30273536	1.4	0	0	0	0	0	0	0	0	0	0	0	0	
03:29:40	0.0	11314.28	190669.46	1634684928	22.1	30273536	1.4	0	0	0	0	0	0	0	0	0	0	0	0	
03:29:42	0.0	11314.28	190671.46	1634684928	22.1	30273536	1.4	0	120	0	2	0	0	0	0	0	0	0	0	
03:29:44	0.0	11314.28	190673.45	1634693120	22.1	30273536	1.4	0	0	0	0	0	0	0	0	0	10	0	40960	
03:29:46	0.0	11314.28	190675.45	1634693120	22.1	30273536	1.4	0	120	0	2	0	0	0	0	0	0	0	0	
03:29:48	0.0	11314.28	190677.45	1634693120	22.1	30273536	1.4	0	0	0	0	0	0	0	0	0	0	0	0	
03:29:50	0.0	11314.28	190679.45	1634693120	22.1	30273536	1.4	0	120	0	2	0	0	0	0	0	0	0	0	
03:29:52	0.0	11314.28	190681.44	1634693120	22.1	30273536	1.4	14320	0	6	0	0	0	0	0	0	0	0	0	
03:29:54	0.0	11314.28	190683.44	1634693120	22.1	30273536	1.4	0	198	0	3	0	0	0	0	0	0	0	0	
03:29:56	0.0	11314.28	190685.44	1634693120	22.1	30273536	1.4	0	92	0	1	0	0	0	0	0	0	0	0	
03:29:58	0.5	11314.28	190687.43	1634693120	22.1	30273536	1.4	60	60	1	1	0	0	0	0	0	2	0	24576	
03:30:00	0.0	11314.28	190689.43	1634693120	22.1	30273536	1.4	0	0	0	0	0	0	0	0	0	0	0	0	
03:30:02	0.5	11314.28	190691.42	1634566144	22.1	30273536	1.4	0	0	0	0	0	0	0	0	0	0	0	0	
03:30:04	0.0	11314.28	190693.41	1634566144	22.1	30273536	1.4	0	0	0	0	0	0	0	0	0	5	0	24576	
03:30:06	0.0	11314.28	190695.41	1634566144	22.1	30273536	1.4	0	0	0	0	0	0	0	0	0	0	0	0	
03:30:08	0.0	11314.28	190697.41	1634566144	22.1	30273536	1.4	0	0	0	0	0	0	0	0	0	0	0	0	
03:30:10	0.0	11314.28	190699.4	1634566144	22.1	30273536	1.4	0	0	0	0	0	0	0	0	0	0	0	0	
03:30:12	0.0	11314.28	190701.4	1634566144	22.1	30273536	1.4	0	0	0	0	0	0	0	0	0	0	0	0	
03:30:14	0.0	11314.28	190703.4	1634566144	22.1	30273536	1.4	0	194	0	2	0	0	0	0	0	0	0	0	
03:30:16	0.0	11314.28	190705.4	1634566144	22.1	30273536	1.4	0	0	0	0	0	0	0	0	0	0	0	0	
03:30:18	0.0	11314.28	190707.4	1634566144	22.1	30273536	1.4	0	0	0	0	0	0	0	0	0	0	0	0	
03:30:20	0.0	11314.28	190709.39	1634566144	22.1	30273536	1.4	0	0	0	0	0	0	0	0	0	0	0	0	
03:30:22	0.0	11314.28	190711.39	1634566144	22.1	30273536	1.4	0	0	0	0	0	0	0	0	0	0	0	0	
03:30:24	0.0	11314.28	190713.39	1634566144	22.1	30273536	1.4	0	0	0	0	0	0	0	0	0	0	0	0	
03:30:26	0.0	11314.28	190715.38	1634566144	22.1	30273536	1.4	0	0	0	0	0	0	0	0	0	0	0	0	
03:30:28	0.0	11314.28	190717.38	1634574336	22.1	30273536	1.4	0	0	0	0	0	0	0	0	0	2	0	24576	
03:30:30	0.0	11314.28	190719.38	1634574336	22.1	30273536	1.4	0	0	0	0	0	0	0	0	0	0	0	0	
03:30:32	0.0	11314.28	190721.38	1634574336	22.1	30273536	1.4	0	0	0	0	0	0	0	0	0	0	0	0	
03:30:34	0.0	11314.28	190723.38	1634574336	22.1	30273536	1.4	0	0	0	0	0	0	0	0	0	5	0	24576	
03:30:36	0.0	11314.28	190725.38	1634574336	22.1	30273536	1.4	0	0	0	0	0	0	0	0	0	0	0	0	
03:30:38	0.5	11314.28	190727.37	1634582528	22.1	30273536	1.4	0	0	0	0	0	0	0	0	0	2	0	8192	
03:30:40	0.0	11314.28	190729.37	1634582528	22.1	30273536	1.4	0	194	0	2	0	0	0	0	0	0	0	0	
03:30:42	0.5	11314.29	190731.36	1634582528	22.1	30273536	1.4	0	60	0	1	0	0	0	0	0	0	0	0	
03:30:44	0.0	11314.29	190733.36	1634582528	22.1	30273536	1.4	0	0	0	0	0	0	0	0	0	0	0	0	
03:30:46	0.0	11314.29	190735.36	1634582528	22.1	30273536	1.4	14328	264	6	4	0	0	0	0	0	0	0	0	
03:30:48	0.0	11314.29	190737.36	1634582528	22.1	30273536	1.4	0	0	0	0	0	0	0	0	0	0	0	0	
03:30:50	0.0	11314.29	190739.36	1634582528	22.1	30273536	1.4	60	60	1	1	0	0	0	0	0	0	0	0	
03:30:52	0.0	11314.29	190741.35	1634582528	22.1	30273536	1.4	0	0	0	0	0	0	0	0	0	0	0	0	
03:30:54	0.0	11314.29	190743.35	1634582528	22.1	30273536	1.4	0	0	0	0	0	0	0	0	0	0	0	0	
03:30:56	0.0	11314.29	190745.35	1634582528	22.1	30273536	1.4	0	0	0	0	0	0	0	0	0	0	0	0	
03:30:58	0.5	11314.29	190747.34	1634582528	22.1	30273536	1.4	0	0	0	0	0	0	0	0	0	2	0	24576	
03:31:00	0.0	11314.29	190749.34	1634582528	22.1	30273536	1.4	0	0	0	0	0	0	0	0	0	0	0	0	
03:31:02	0.0	11314.29	190751.33	1634582528	22.1	30273536	1.4	0	0	0	0	0	0	0	0	0	0	0	0	
03:31:04	0.0	11314.29	190753.33	1634582528	22.1	30273536	1.4	0	0	0	0	0	0	0	0	0	5	0	24576	
03:31:06	0.0	11314.29	190755.33	1634582528	22.1	30273536	1.4	0	0	0	0	0	0	0	0	0	0	0	0	
03:31:08	0.0	11314.29	190757.33	1634582528	22.1	30273536	1.4	0	0	0	0	0	0	0	0	0	0	0	0	
03:31:10	0.0	11314.29	190759.32	1634582528	22.1	30273536	1.4	0	0	0	0	0	0	0	0	0	0	0	0	
03:31:12	0.0	11314.29	190761.32	1634582528	22.1	30273536	1.4	0	0	0	0	0	0	0	0	0	0	0	0	
03:31:14	0.0	11314.29	190763.32	1634582528	22.1	30273536	1.4	0	0	0	0	0	0	0	0	0	0	0	0	
03:31:16	0.0	11314.29	190765.32	1634582528	22.1	30273536	1.4	0	0	0	0	0	0	0	0	0	0	0	0	
03:31:18	0.0	11314.29	190767.32	1634582528	22.1	30273536	1.4	0	0	0	0	0	0	0	0	0	0	0	0	
03:31:20	0.0	11314.29	190769.31	1634582528	22.1	30273536	1.4	0	0	0	0	0	0	0	0	0	0	0	0	
03:31:22	0.0	11314.29	190771.31	1634582528	22.1	30273536	1.4	0	120	0	2	0	0	0	0	0	0	0	0	
03:31:24	0.0	11314.29	190773.31	1634582528	22.1	30273536	1.4	0	60	0	1	0	0	0	0	0	0	0	0	
03:31:26	0.0	11314.29	190775.3	1634582528	22.1	30273536	1.4	0	0	0	0	0	0	0	0	0	0	0	0	
03:31:28	0.0	11314.29	190777.3	1634590720	22.1	30273536	1.4	0	0	0	0	0	0	0	0	0	2	0	24576	
03:31:30	0.0	11314.29	190779.3	1634590720	22.1	30273536	1.4	0	0	0	0	0	0	0	0	0	0	0	0	
03:31:32	0.0	11314.29	190781.3	1634590720	22.1	30273536	1.4	0	0	0	0	0	0	0	0	0	0	0	0	
03:31:34	0.0	11314.29	190783.3	1634590720	22.1	30273536	1.4	0	0	0	0	0	0	0	0	0	5	0	24576	
03:31:36	0.0	11314.29	190785.3	1634590720	22.1	30273536	1.4	0	0	0	0	0	0	0	0	0	0	0	0	
03:31:38	0.0	11314.29	190787.29	1634598912	22.1	30273536	1.4	14402	300	7	4	0	0	0	0	0	2	0	8192	
03:31:40	0.0	11314.29	190789.29	1634598912	22.1	30273536	1.4	0	0	0	0	0	0	0	0	0	0	0	0	
03:31:42	0.0	11314.29	190791.29	1634598912	22.1	30273536	1.4	60	60	1	1	0	0	0	0	0	0	0	0	
03:31:44	0.0	11314.29	190793.28	1634598912	22.1	30273536	1.4	0	0	0	0	0	0	0	0	0	0	0	0	
03:31:46	0.0	11314.29	190795.28	1634598912	22.1	30273536	1.4	0	0	0	0	0	0	0	0	0	0	0	0	
03:31:48	0.0	11314.29	190797.28	1634598912	22.1	30273536	1.4	0	0	0	0	0	0	0	0	0	0	0	0	
03:31:50	0.0	11314.29	190799.28	1634598912	22.1	30273536	1.4	0	0	0	0	0	0	0	0	0	0	0	0	
03:31:52	0.0	11314.29	190801.28	1634598912	22.1	30273536	1.4	0	0	0	0	0	0	0	0	0	0	0	0	
03:31:54	0.0	11314.29	190803.27	1634598912	22.1	30273536	1.4	0	0	0	0	0	0	0	0	0	0	0	0	
03:31:56	0.0	11314.29	190805.27	1634598912	22.1	30273536	1.4	0	0	0	0	0	0	0	0	0	0	0	0	
03:31:58	0.0	11314.29	190807.26	1634607104	22.1	30273536	1.4	0	60	0	1	0	0	0	0	0	7	0	57344	
03:32:00	0.0	11314.29	190809.26	1634607104	22.1	30273536	1.4	0	0	0	0	0	0	0	0	0	0	0	0	
03:32:02	0.0	11314.29	190811.26	1634607104	22.1	30273536	1.4	0	0	0	0	0	0	0	0	0	0	0	0	
03:32:04	0.0	11314.29	190813.25	1634607104	22.1	30273536	1.4	0	0	0	0	0	0	0	0	0	5	0	24576	
03:32:06	0.0	11314.29	190815.25	1634607104	22.1	30273536	1.4	0	0	0	0	0	0	0	0	0	0	0	0	
03:32:08	0.0	11314.29	190817.25	1634607104	22.1	30273536	1.4	0	0	0	0	0	0	0	0	0	0	0	0	
03:32:10	0.5	11314.29	190819.24	1634607104	22.1	30273536	1.4	0	0	0	0	0	0	0	0	0	0	0	0	
03:32:12	0.0	11314.29	190821.24	1634607104	22.1	30273536	1.4	0	0	0	0	0	0	0	0	0	0	0	0	
03:32:14	0.0	11314.29	190823.24	1634607104	22.1	30273536	1.4	0	0	0	0	0	0	0	0	0	0	0	0	
03:32:16	0.0	11314.29	190825.24	1634607104	22.1	30273536	1.4	0	0	0	0	0	0	0	0	0	0	0	0	
03:32:18	0.0	11314.29	190827.24	1634607104	22.1	30273536	1.4	0	0	0	0	0	0	0	0	0	0	0	0	
03:32:20	0.0	11314.29	190829.23	1634607104	22.1	30273536	1.4	0	0	0	0	0	0	0	0	0	0	0	0	
03:32:22	0.0	11314.29	190831.23	1634607104	22.1	30273536	1.4	0	0	0	0	0	0	0	0	0	0	0	0	
03:32:24	0.0	11314.29	190833.23	1634607104	22.1	30273536	1.4	0	0	0	0	0	0	0	0	0	0	0	0	
03:32:26	0.0	11314.29	190835.22	1634607104	22.1	30273536	1.4	0	0	0	0	0	0	0	0	0	0	0	0	
03:32:28	0.0	11314.29	190837.22	1634615296	22.1	30273536	1.4	0	0	0	0	0	0	0	0	0	4	0	32768	
03:32:30	0.0	11314.29	190839.22	1634615296	22.1	30273536	1.4	14328	198	6	3	0	0	0	0	0	0	0	0	
03:32:32	0.0	11314.29	190841.22	1634615296	22.1	30273536	1.4	0	120	0	2	0	0	0	0	0	0	0	0	
03:32:34	0.0	11314.29	190843.22	1634615296	22.1	30273536	1.4	60	60	1	1	0	0	0	0	0	5	0	24576	
03:32:36	0.0	11314.29	190845.22	1634615296	22.1	30273536	1.4	0	0	0	0	0	0	0	0	0	0	0	0	
03:32:38	0.0	11314.29	190847.21	1634615296	22.1	30273536	1.4	0	0	0	0	0	0	0	0	0	0	0	0	
03:32:40	0.0	11314.29	190849.21	1634615296	22.1	30273536	1.4	0	0	0	0	0	0	0	0	0	0	0	0	
03:32:42	0.0	11314.29	190851.2	1634615296	22.1	30273536	1.4	0	0	0	0	0	0	0	0	0	0	0	0	
03:32:44	0.0	11314.29	190853.2	1634615296	22.1	30273536	1.4	0	0	0	0	0	0	0	0	0	0	0	0	
03:32:46	0.0	11314.29	190855.2	1634615296	22.1	30273536	1.4	0	0	0	0	0	0	0	0	0	0	0	0	
03:32:48	0.0	11314.29	190857.2	1634615296	22.1	30273536	1.4	0	0	0	0	0	0	0	0	0	0	0	0	
03:32:50	0.0	11314.29	190859.2	1634615296	22.1	30273536	1.4	0	0	0	0	0	0	0	0	0	0	0	0	
03:32:52	0.0	11314.29	190861.19	1634615296	22.1	30273536	1.4	0	0	0	0	0	0	0	0	0	0	0	0	
03:32:54	0.0	11314.29	190863.19	1634615296	22.1	30273536	1.4	0	0	0	0	0	0	0	0	0	0	0	0	
03:32:56	0.0	11314.29	190865.19	1634615296	22.1	30273536	1.4	0	0	0	0	0	0	0	0	0	0	0	0	
03:32:58	0.5	11314.29	190867.18	1634623488	22.1	30273536	1.4	0	0	0	0	0	0	0	0	0	2	0	24576	
03:33:00	0.0	11314.29	190869.18	1634623488	22.1	30273536	1.4	0	0	0	0	0	0	0	0	0	0	0	0	
03:33:02	0.0	11314.29	190871.17	1634623488	22.1	30273536	1.4	0	0	0	0	0	0	0	0	0	0	0	0	
03:33:04	0.0	11314.29	190873.17	1634623488	22.1	30273536	1.4	0	0	0	0	0	0	0	0	0	5	0	24576	
03:33:06	0.0	11314.29	190875.17	1634623488	22.1	30273536	1.4	0	0	0	0	0	0	0	0	0	0	0	0	
03:33:08	0.0	11314.29	190877.17	1634631680	22.1	30273536	1.4	0	0	0	0	0	0	0	0	0	2	0	8192	
03:33:10	0.0	11314.29	190879.16	1634631680	22.1	30273536	1.4	0	0	0	0	0	0	0	0	0	0	0	0	
03:33:12	0.0	11314.29	190881.16	1634631680	22.1	30273536	1.4	0	0	0	0	0	0	0	0	0	0	0	0	
03:33:14	0.0	11314.29	190883.16	1634631680	22.1	30273536	1.4	0	0	0	0	0	0	0	0	0	0	0	0	
03:33:16	0.0	11314.29	190885.16	1634631680	22.1	30273536	1.4	0	0	0	0	0	0	0	0	0	0	0	0	
03:33:18	0.0	11314.29	190887.16	1634631680	22.1	30273536	1.4	0	0	0	0	0	0	0	0	0	0	0	0	
03:33:20	0.0	11314.29	190889.15	1634631680	22.1	30273536	1.4	0	0	0	0	0	0	0	0	0	0	0	0	
03:33:22	0.0	11314.29	190891.15	1634631680	22.1	30273536	1.4	14336	198	6	3	0	0	0	0	0	0	0	0	
03:33:24	0.0	11314.29	190893.15	1634631680	22.1	30273536	1.4	0	0	0	0	0	0	0	0	0	0	0	0	
03:33:26	0.0	11314.29	190895.14	1634631680	22.1	30273536	1.4	60	120	1	2	0	0	0	0	0	0	0	0	
03:33:28	0.0	11314.29	190897.14	1634631680	22.1	30273536	1.4	0	60	0	1	0	0	0	0	0	2	0	24576	
03:33:30	0.0	11314.29	190899.14	1634631680	22.1	30273536	1.4	0	0	0	0	0	0	0	0	0	0	0	0	
03:33:32	0.0	11314.29	190901.14	1634631680	22.1	30273536	1.4	0	0	0	0	0	0	0	0	0	0	0	0	
03:33:34	0.0	11314.29	190903.13	1634631680	22.1	30273536	1.4	0	0	0	0	0	0	0	0	0	5	0	24576	
03:33:36	0.0	11314.29	190905.13	1634631680	22.1	30273536	1.4	0	0	0	0	0	0	0	0	0	0	0	0	
03:33:38	0.0	11314.29	190907.13	1634631680	22.1	30273536	1.4	0	253	0	1	0	0	0	0	0	0	0	0	
03:33:40	0.0	11314.29	190909.13	1634631680	22.1	30273536	1.4	0	0	0	0	0	0	0	0	0	0	0	0	
03:33:42	0.5	11314.3	190911.12	1634631680	22.1	30273536	1.4	0	0	0	0	0	0	0	0	0	0	0	0	
03:33:44	0.0	11314.3	190913.12	1634631680	22.1	30273536	1.4	0	0	0	0	0	0	0	0	0	0	0	0	
03:33:46	0.0	11314.3	190915.12	1634631680	22.1	30273536	1.4	0	194	0	2	0	0	0	0	0	0	0	0	
03:33:48	0.0	11314.3	190917.12	1634631680	22.1	30273536	1.4	0	0	0	0	0	0	0	0	0	0	0	0	
03:33:50	0.0	11314.3	190919.12	1634631680	22.1	30273536	1.4	0	0	0	0	0	0	0	0	0	0	0	0	
03:33:52	0.0	11314.3	190921.11	1634631680	22.1	30273536	1.4	0	0	0	0	0	0	0	0	0	0	0	0	
03:33:54	0.0	11314.3	190923.11	1634631680	22.1	30273536	1.4	0	0	0	0	0	0	0	0	0	0	0	0	
03:33:56	0.0	11314.3	190925.11	1634631680	22.1	30273536	1.4	0	0	0	0	0	0	0	0	0	0	0	0	
03:33:58	0.5	11314.3	190927.1	1634631680	22.1	30273536	1.4	0	60	0	1	0	0	0	0	0	2	0	32768	
03:34:00	0.0	11314.3	190929.1	1634639872	22.1	30273536	1.4	0	0	0	0	0	0	0	0	0	0	0	0	
03:34:02	0.0	11314.3	190931.09	1634639872	22.1	30273536	1.4	0	0	0	0	0	0	0	0	0	0	0	0	
03:34:04	0.0	11314.3	190933.09	1634639872	22.1	30273536	1.4	0	0	0	0	0	0	0	0	0	5	0	24576	
03:34:06	0.0	11314.3	190935.09	1634639872	22.1	30273536	1.4	0	0	0	0	0	0	0	0	0	0	0	0	
03:34:08	0.0	11314.3	190937.08	1634639872	22.1	30273536	1.4	0	0	0	0	0	0	0	0	0	0	0	0	
03:34:10	0.0	11314.3	190939.08	1634639872	22.1	30273536	1.4	0	0	0	0	0	0	0	0	0	0	0	0	
03:34:12	0.0	11314.3	190941.08	1634639872	22.1	30273536	1.4	0	0	0	0	0	0	0	0	0	0	0	0	
03:34:14	0.0	11314.3	190943.08	1634639872	22.1	30273536	1.4	14328	0	6	0	0	0	0	0	0	0	0	0	
03:34:16	0.0	11314.3	190945.08	1634639872	22.1	30273536	1.4	0	198	0	3	0	0	0	0	0	0	0	0	
03:34:18	0.0	11314.3	190947.08	1634639872	22.1	30273536	1.4	0	0	0	0	0	0	0	0	0	5	0	24576	
03:34:20	0.0	11314.3	190949.07	1634639872	22.1	30273536	1.4	60	60	1	1	0	0	0	0	0	0	0	0	
03:34:22	0.0	11314.3	190951.07	1634639872	22.1	30273536	1.4	0	0	0	0	0	0	0	0	0	0	0	0	
03:34:25	0.0	11314.3	190953.07	1634639872	22.1	30273536	1.4	0	0	0	0	0	0	0	0	0	0	0	0	
03:34:27	0.0	11314.3	190955.06	1634639872	22.1	30273536	1.4	0	0	0	0	0	0	0	0	0	0	0	0	
03:34:29	0.0	11314.3	190957.06	1634639872	22.1	30273536	1.4	0	0	0	0	0	0	0	0	0	2	0	32768	
03:34:31	0.0	11314.3	190959.06	1634656256	22.1	30273536	1.4	0	0	0	0	0	0	0	0	0	0	0	0	
03:34:33	0.0	11314.3	190961.06	1634656256	22.1	30273536	1.4	0	253	0	1	0	0	0	0	0	0	0	0	
03:34:35	0.5	11314.31	190963.06	1634656256	22.1	30273536	1.4	0	0	0	0	0	0	0	0	0	5	0	24576	
03:34:37	0.0	11314.31	190965.05	1634656256	22.1	30273536	1.4	0	0	0	0	0	0	0	0	0	0	0	0	
03:34:39	0.0	11314.31	190967.05	1634656256	22.1	30273536	1.4	0	0	0	0	0	0	0	0	0	2	0	8192	
03:34:41	0.0	11314.31	190969.05	1634664448	22.1	30273536	1.4	0	0	0	0	0	0	0	0	0	0	0	0	
03:34:43	0.0	11314.31	190971.04	1634664448	22.1	30273536	1.4	0	0	0	0	0	0	0	0	0	0	0	0	
03:34:45	0.0	11314.31	190973.04	1634664448	22.1	30273536	1.4	0	0	0	0	0	0	0	0	0	0	0	0	
03:34:47	0.0	11314.31	190975.04	1634664448	22.1	30273536	1.4	0	0	0	0	0	0	0	0	0	0	0	0	
03:34:49	0.0	11314.31	190977.04	1634664448	22.1	30273536	1.4	0	60	0	1	0	0	0	0	0	0	0	0	
03:34:51	0.0	11314.31	190979.04	1634664448	22.1	30273536	1.4	0	0	0	0	0	0	0	0	0	0	0	0	
03:34:53	0.0	11314.31	190981.04	1634664448	22.1	30273536	1.4	0	194	0	2	0	0	0	0	0	0	0	0	
03:34:55	0.0	11314.31	190983.03	1634664448	22.1	30273536	1.4	0	0	0	0	0	0	0	0	0	0	0	0	
03:34:57	0.0	11314.31	190985.03	1634664448	22.1	30273536	1.4	0	0	0	0	0	0	0	0	0	0	0	0	
03:34:59	0.5	11314.31	190987.02	1634664448	22.1	30273536	1.4	0	60	0	1	0	0	0	0	0	2	0	32768	
03:35:01	0.0	11314.31	190989.02	1634664448	22.1	30273536	1.4	0	0	0	0	0	0	0	0	0	0	0	0	
03:35:03	0.0	11314.31	190991.01	1634664448	22.1	30273536	1.4	0	0	0	0	0	0	0	0	0	0	0	0	
03:35:05	0.0	11314.31	190993.01	1634664448	22.1	30273536	1.4	0	0	0	0	0	0	0	0	0	5	0	24576	
03:35:07	0.0	11314.31	190995.01	1634664448	22.1	30273536	1.4	14344	0	6	0	0	0	0	0	0	0	0	0	
03:35:09	0.0	11314.31	190997.0	1634664448	22.1	30273536	1.4	0	132	0	2	0	0	0	0	0	0	0	0	
03:35:11	0.0	11314.31	190999.0	1634664448	22.1	30273536	1.4	0	60	0	1	0	0	0	0	0	0	0	0	
03:35:13	0.0	11314.31	191001.0	1634664448	22.1	30273536	1.4	60	60	1	1	0	0	0	0	0	0	0	0	
03:35:15	0.0	11314.31	191003.0	1634664448	22.1	30273536	1.4	0	0	0	0	0	0	0	0	0	0	0	0	
03:35:17	0.0	11314.31	191005.0	1634664448	22.1	30273536	1.4	0	0	0	0	0	0	0	0	0	0	0	0	
03:35:19	0.0	11314.31	191007.0	1634664448	22.1	30273536	1.4	0	0	0	0	0	0	0	0	0	0	0	0	
03:35:21	0.0	11314.31	191008.99	1634664448	22.1	30273536	1.4	0	0	0	0	0	0	0	0	0	0	0	0	
03:35:23	0.0	11314.31	191010.99	1634664448	22.1	30273536	1.4	0	0	0	0	0	0	0	0	0	0	0	0	
03:35:25	0.0	11314.31	191012.99	1634664448	22.1	30273536	1.4	0	0	0	0	0	0	0	0	0	0	0	0	
03:35:27	0.0	11314.31	191014.98	1634664448	22.1	30273536	1.4	0	0	0	0	0	0	0	0	0	0	0	0	
03:35:29	0.0	11314.31	191016.98	1634664448	22.1	30273536	1.4	0	0	0	0	0	0	0	0	0	2	0	32768	
03:35:31	0.0	11314.31	191018.98	1634672640	22.1	30273536	1.4	0	0	0	0	0	0	0	0	0	0	0	0	
03:35:33	0.0	11314.31	191020.98	1634672640	22.1	30273536	1.4	0	120	0	2	0	0	0	0	0	0	0	0	
03:35:35	0.0	11314.32	191022.98	1634672640	22.1	30273536	1.4	0	0	0	0	0	0	0	0	0	5	0	24576	
03:35:37	0.0	11314.32	191024.97	1634672640	22.1	30273536	1.4	0	0	0	0	0	0	0	0	0	0	0	0	
03:35:39	0.0	11314.32	191026.97	1634672640	22.1	30273536	1.4	0	194	0	2	0	0	0	0	0	2	0	8192	
03:35:41	0.0	11314.32	191028.97	1634680832	22.1	30273536	1.4	0	0	0	0	0	0	0	0	0	0	0	0	
03:35:43	0.0	11314.32	191030.96	1634680832	22.1	30273536	1.4	0	253	0	1	0	0	0	0	0	0	0	0	
03:35:45	0.0	11314.32	191032.96	1634680832	22.1	30273536	1.4	0	0	0	0	0	0	0	0	0	0	0	0	
03:35:47	0.0	11314.32	191034.96	1634680832	22.1	30273536	1.4	0	0	0	0	0	0	0	0	0	0	0	0	
03:35:49	0.0	11314.32	191036.96	1634680832	22.1	30273536	1.4	0	0	0	0	0	0	0	0	0	0	0	0	
03:35:51	0.0	11314.32	191038.96	1634680832	22.1	30273536	1.4	0	0	0	0	0	0	0	0	0	0	0	0	
03:35:53	0.0	11314.32	191040.95	1634680832	22.1	30273536	1.4	0	0	0	0	0	0	0	0	0	0	0	0	
03:35:55	0.0	11314.32	191042.95	1634680832	22.1	30273536	1.4	0	0	0	0	0	0	0	0	0	0	0	0	
03:35:57	0.0	11314.32	191044.95	1634680832	22.1	30273536	1.4	0	0	0	0	0	0	0	0	0	0	0	0	
03:35:59	0.5	11314.32	191046.94	1634680832	22.1	30273536	1.4	0	0	0	0	0	0	0	0	0	2	0	24576	
03:36:01	0.0	11314.32	191048.94	1634680832	22.1	30273536	1.4	14328	198	6	3	0	0	0	0	0	0	0	0	
03:36:03	0.0	11314.32	191050.93	1634680832	22.1	30273536	1.4	0	0	0	0	0	0	0	0	0	0	0	0	
03:36:05	0.0	11314.32	191052.93	1634553856	22.1	30273536	1.4	60	60	1	1	0	0	0	0	0	5	0	24576	
03:36:07	0.0	11314.32	191054.93	1634553856	22.1	30273536	1.4	0	0	0	0	0	0	0	0	0	0	0	0	
03:36:09	0.0	11314.32	191056.92	1634553856	22.1	30273536	1.4	0	60	0	1	0	0	0	0	0	0	0	0	
03:36:11	0.0	11314.32	191058.92	1634553856	22.1	30273536	1.4	0	0	0	0	0	0	0	0	0	0	0	0	
03:36:13	0.0	11314.32	191060.92	1634553856	22.1	30273536	1.4	0	0	0	0	0	0	0	0	0	0	0	0	
03:36:15	0.0	11314.32	191062.92	1634553856	22.1	30273536	1.4	0	0	0	0	0	0	0	0	0	0	0	0	
03:36:17	0.0	11314.32	191064.92	1634553856	22.1	30273536	1.4	0	194	0	2	0	0	0	0	0	0	0	0	
03:36:19	0.0	11314.32	191066.91	1634553856	22.1	30273536	1.4	0	0	0	0	0	0	0	0	0	0	0	0	
03:36:21	0.0	11314.32	191068.91	1634553856	22.1	30273536	1.4	0	0	0	0	0	0	0	0	0	0	0	0	
03:36:23	0.0	11314.32	191070.91	1634553856	22.1	30273536	1.4	0	0	0	0	0	0	0	0	0	0	0	0	
03:36:25	0.0	11314.32	191072.9	1634553856	22.1	30273536	1.4	0	0	0	0	0	0	0	0	0	0	0	0	
03:36:27	0.0	11314.32	191074.9	1634553856	22.1	30273536	1.4	0	0	0	0	0	0	0	0	0	0	0	0	
03:36:29	0.0	11314.32	191076.9	1634553856	22.1	30273536	1.4	0	0	0	0	0	0	0	0	0	2	0	32768	
03:36:31	0.0	11314.32	191078.9	1634562048	22.1	30273536	1.4	0	0	0	0	0	0	0	0	0	0	0	0	
03:36:33	0.0	11314.32	191080.9	1634562048	22.1	30273536	1.4	0	0	0	0	0	0	0	0	0	0	0	0	
03:36:35	0.0	11314.32	191082.9	1634562048	22.1	30273536	1.4	0	0	0	0	0	0	0	0	0	5	0	24576	
03:36:37	0.0	11314.32	191084.89	1634562048	22.1	30273536	1.4	0	0	0	0	0	0	0	0	0	0	0	0	
03:36:39	0.0	11314.32	191086.89	1634562048	22.1	30273536	1.4	0	0	0	0	0	0	0	0	0	2	0	8192	
03:36:41	0.0	11314.32	191088.89	1634570240	22.1	30273536	1.4	0	0	0	0	0	0	0	0	0	0	0	0	
03:36:43	0.0	11314.32	191090.88	1634570240	22.1	30273536	1.4	0	0	0	0	0	0	0	0	0	0	0	0	
03:36:45	0.0	11314.32	191092.88	1634570240	22.1	30273536	1.4	0	0	0	0	0	0	0	0	0	0	0	0	
03:36:47	0.0	11314.32	191094.88	1634570240	22.1	30273536	1.4	0	0	0	0	0	0	0	0	0	0	0	0	
03:36:49	0.0	11314.32	191096.88	1634570240	22.1	30273536	1.4	0	0	0	0	0	0	0	0	0	0	0	0	
03:36:51	0.0	11314.32	191098.88	1634570240	22.1	30273536	1.4	14328	0	6	0	0	0	0	0	0	0	0	0	
03:36:53	0.0	11314.32	191100.87	1634570240	22.1	30273536	1.4	0	198	0	3	0	0	0	0	0	0	0	0	
03:36:55	0.0	11314.32	191102.87	1634570240	22.1	30273536	1.4	0	0	0	0	0	0	0	0	0	0	0	0	
03:36:57	0.0	11314.32	191104.87	1634570240	22.1	30273536	1.4	60	60	1	1	0	0	0	0	0	0	0	0	
03:36:59	0.5	11314.32	191106.86	1634570240	22.1	30273536	1.4	0	0	0	0	0	0	0	0	0	2	0	24576	
03:37:01	0.0	11314.32	191108.86	1634570240	22.1	30273536	1.4	0	0	0	0	0	0	0	0	0	0	0	0	
03:37:03	0.0	11314.32	191110.85	1634570240	22.1	30273536	1.4	0	0	0	0	0	0	0	0	0	0	0	0	
03:37:05	0.0	11314.32	191112.85	1634570240	22.1	30273536	1.4	0	0	0	0	0	0	0	0	0	5	0	24576	
03:37:07	0.0	11314.32	191114.85	1634570240	22.1	30273536	1.4	0	0	0	0	0	0	0	0	0	0	0	0	
03:37:09	0.0	11314.32	191116.84	1634570240	22.1	30273536	1.4	0	0	0	0	0	0	0	0	0	0	0	0	
03:37:11	0.0	11314.32	191118.84	1634570240	22.1	30273536	1.4	0	120	0	2	0	0	0	0	0	0	0	0	
03:37:13	0.5	11314.33	191120.84	1634570240	22.1	30273536	1.4	0	0	0	0	0	0	0	0	0	0	0	0	
03:37:15	0.0	11314.33	191122.84	1634570240	22.1	30273536	1.4	0	0	0	0	0	0	0	0	0	0	0	0	
03:37:17	0.0	11314.33	191124.84	1634570240	22.1	30273536	1.4	0	240	0	4	0	0	0	0	0	0	0	0	
03:37:19	0.0	11314.33	191126.83	1634570240	22.1	30273536	1.4	0	0	0	0	0	0	0	0	0	0	0	0	
03:37:21	0.0	11314.33	191128.83	1634570240	22.1	30273536	1.4	0	0	0	0	0	0	0	0	0	0	0	0	
03:37:23	0.0	11314.33	191130.83	1634570240	22.1	30273536	1.4	0	60	0	1	0	0	0	0	0	0	0	0	
03:37:25	0.0	11314.33	191132.83	1634570240	22.1	30273536	1.4	0	0	0	0	0	0	0	0	0	0	0	0	
03:37:27	0.0	11314.33	191134.82	1634570240	22.1	30273536	1.4	0	0	0	0	0	0	0	0	0	0	0	0	
03:37:29	0.0	11314.33	191136.82	1634570240	22.1	30273536	1.4	0	0	0	0	0	0	0	0	0	2	0	24576	
03:37:31	0.0	11314.33	191138.82	1634578432	22.1	30273536	1.4	0	0	0	0	0	0	0	0	0	0	0	0	
03:37:33	0.0	11314.33	191140.82	1634578432	22.1	30273536	1.4	0	0	0	0	0	0	0	0	0	0	0	0	
03:37:35	0.0	11314.33	191142.82	1634578432	22.1	30273536	1.4	0	0	0	0	0	0	0	0	0	5	0	24576	
03:37:37	0.0	11314.33	191144.81	1634578432	22.1	30273536	1.4	0	120	0	2	0	0	0	0	0	0	0	0	
03:37:39	0.0	11314.33	191146.81	1634586624	22.1	30273536	1.4	0	0	0	0	0	0	0	0	0	2	0	8192	
03:37:41	0.0	11314.33	191148.81	1634586624	22.1	30273536	1.4	0	0	0	0	0	0	0	0	0	0	0	0	
03:37:43	0.0	11314.33	191150.8	1634586624	22.1	30273536	1.4	0	0	0	0	0	0	0	0	0	0	0	0	
03:37:45	0.0	11314.33	191152.8	1634586624	22.1	30273536	1.4	14328	198	6	3	0	0	0	0	0	0	0	0	
03:37:47	0.0	11314.33	191154.8	1634586624	22.1	30273536	1.4	0	0	0	0	0	0	0	0	0	0	0	0	
03:37:49	0.0	11314.33	191156.8	1634586624	22.1	30273536	1.4	60	60	1	1	0	0	0	0	0	0	0	0	
03:37:51	0.0	11314.33	191158.8	1634586624	22.1	30273536	1.4	0	0	0	0	0	0	0	0	0	0	0	0	
03:37:53	0.0	11314.33	191160.79	1634586624	22.1	30273536	1.4	0	0	0	0	0	0	0	0	0	0	0	0	
03:37:55	0.0	11314.33	191162.79	1634586624	22.1	30273536	1.4	0	0	0	0	0	0	0	0	0	0	0	0	
03:37:57	0.0	11314.33	191164.79	1634586624	22.1	30273536	1.4	0	0	0	0	0	0	0	0	0	0	0	0	
03:37:59	0.0	11314.33	191166.78	1634586624	22.1	30273536	1.4	0	0	0	0	0	0	0	0	0	2	0	24576	
03:38:01	0.0	11314.33	191168.78	1634586624	22.1	30273536	1.4	0	0	0	0	0	0	0	0	0	0	0	0	
03:38:03	0.0	11314.33	191170.78	1634586624	22.1	30273536	1.4	0	0	0	0	0	0	0	0	0	0	0	0	
03:38:05	0.0	11314.33	191172.77	1634586624	22.1	30273536	1.4	0	0	0	0	0	0	0	0	0	5	0	24576	
03:38:07	0.0	11314.33	191174.77	1634586624	22.1	30273536	1.4	0	0	0	0	0	0	0	0	0	0	0	0	
03:38:09	0.0	11314.33	191176.77	1634586624	22.1	30273536	1.4	0	0	0	0	0	0	0	0	0	0	0	0	
03:38:11	0.0	11314.33	191178.76	1634586624	22.1	30273536	1.4	0	0	0	0	0	0	0	0	0	0	0	0	
03:38:13	0.0	11314.33	191180.76	1634586624	22.1	30273536	1.4	0	0	0	0	0	0	0	0	0	0	0	0	
03:38:15	0.0	11314.33	191182.76	1634586624	22.1	30273536	1.4	0	0	0	0	0	0	0	0	0	0	0	0	
03:38:17	0.0	11314.33	191184.76	1634586624	22.1	30273536	1.4	0	0	0	0	0	0	0	0	0	0	0	0	
03:38:19	0.0	11314.33	191186.76	1634586624	22.1	30273536	1.4	0	0	0	0	0	0	0	0	0	0	0	0	
03:38:21	0.0	11314.33	191188.76	1634586624	22.1	30273536	1.4	0	0	0	0	0	0	0	0	0	0	0	0	
03:38:23	0.0	11314.33	191190.76	1634586624	22.1	30273536	1.4	0	0	0	0	0	0	0	0	0	0	0	0	
03:38:25	0.0	11314.33	191192.75	1634586624	22.1	30273536	1.4	0	60	0	1	0	0	0	0	0	0	0	0	
03:38:27	0.0	11314.33	191194.75	1634586624	22.1	30273536	1.4	0	0	0	0	0	0	0	0	0	0	0	0	
03:38:29	0.0	11314.33	191196.75	1634586624	22.1	30273536	1.4	0	0	0	0	0	0	0	0	0	2	0	24576	
03:38:31	0.0	11314.33	191198.75	1634594816	22.1	30273536	1.4	0	0	0	0	0	0	0	0	0	0	0	0	
03:38:33	0.0	11314.33	191200.75	1634594816	22.1	30273536	1.4	0	0	0	0	0	0	0	0	0	0	0	0	
03:38:35	0.0	11314.33	191202.74	1634594816	22.1	30273536	1.4	0	0	0	0	0	0	0	0	0	5	0	24576	
03:38:37	0.0	11314.33	191204.74	1634594816	22.1	30273536	1.4	14328	198	6	3	0	0	0	0	0	0	0	0	
03:38:39	0.0	11314.33	191206.74	1634594816	22.1	30273536	1.4	0	0	0	0	0	0	0	0	0	2	0	8192	
03:38:41	0.0	11314.33	191208.74	1634603008	22.1	30273536	1.4	60	60	1	1	0	0	0	0	0	0	0	0	
03:38:43	0.0	11314.33	191210.74	1634603008	22.1	30273536	1.4	0	0	0	0	0	0	0	0	0	0	0	0	
03:38:45	0.0	11314.33	191212.73	1634603008	22.1	30273536	1.4	0	0	0	0	0	0	0	0	0	0	0	0	
03:38:47	0.0	11314.33	191214.73	1634603008	22.1	30273536	1.4	0	0	0	0	0	0	0	0	0	0	0	0	
03:38:49	0.0	11314.33	191216.73	1634603008	22.1	30273536	1.4	0	0	0	0	0	0	0	0	0	0	0	0	
03:38:51	0.0	11314.33	191218.72	1634603008	22.1	30273536	1.4	0	0	0	0	0	0	0	0	0	0	0	0	
03:38:53	0.0	11314.33	191220.72	1634603008	22.1	30273536	1.4	0	0	0	0	0	0	0	0	0	0	0	0	
03:38:55	0.0	11314.33	191222.72	1634603008	22.1	30273536	1.4	0	0	0	0	0	0	0	0	0	0	0	0	
03:38:57	0.0	11314.33	191224.72	1634603008	22.1	30273536	1.4	0	60	0	1	0	0	0	0	0	0	0	0	
03:38:59	1.0	11314.34	191226.71	1634603008	22.1	30273536	1.4	0	60	0	1	0	0	0	0	0	2	0	24576	
03:39:01	0.0	11314.34	191228.71	1634603008	22.1	30273536	1.4	0	0	0	0	0	0	0	0	0	0	0	0	
03:39:03	0.0	11314.34	191230.7	1634603008	22.1	30273536	1.4	0	0	0	0	0	0	0	0	0	0	0	0	
03:39:05	0.0	11314.34	191232.7	1634603008	22.1	30273536	1.4	0	0	0	0	0	0	0	0	0	5	0	24576	
03:39:07	0.0	11314.34	191234.7	1634603008	22.1	30273536	1.4	0	0	0	0	0	0	0	0	0	0	0	0	
03:39:09	0.0	11314.34	191236.7	1634603008	22.1	30273536	1.4	0	0	0	0	0	0	0	0	0	0	0	0	
03:39:11	0.0	11314.34	191238.7	1634603008	22.1	30273536	1.4	0	0	0	0	0	0	0	0	0	0	0	0	
03:39:13	0.0	11314.34	191240.69	1634603008	22.1	30273536	1.4	0	0	0	0	0	0	0	0	0	0	0	0	
03:39:15	0.0	11314.34	191242.69	1634603008	22.1	30273536	1.4	0	0	0	0	0	0	0	0	0	0	0	0	
03:39:17	0.0	11314.34	191244.69	1634603008	22.1	30273536	1.4	0	0	0	0	0	0	0	0	0	0	0	0	
03:39:19	0.0	11314.34	191246.69	1634603008	22.1	30273536	1.4	0	0	0	0	0	0	0	0	0	0	0	0	
03:39:21	0.0	11314.34	191248.68	1634603008	22.1	30273536	1.4	0	0	0	0	0	0	0	0	0	0	0	0	
03:39:23	0.0	11314.34	191250.68	1634603008	22.1	30273536	1.4	0	120	0	2	0	0	0	0	0	0	0	0	
03:39:25	0.0	11314.34	191252.68	1634603008	22.1	30273536	1.4	0	120	0	2	0	0	0	0	0	0	0	0	
03:39:27	0.0	11314.34	191254.68	1634603008	22.1	30273536	1.4	0	0	0	0	0	0	0	0	0	0	0	0	
03:39:29	0.0	11314.34	191256.68	1634603008	22.1	30273536	1.4	12896	330	6	5	0	0	0	0	0	2	0	24576	
03:39:31	0.0	11314.34	191258.67	1634611200	22.1	30273536	1.4	0	0	0	0	0	0	0	0	0	0	0	0	
03:39:33	0.0	11314.34	191260.67	1634611200	22.1	30273536	1.4	60	60	1	1	0	0	0	0	0	0	0	0	
03:39:35	0.0	11314.34	191262.67	1634611200	22.1	30273536	1.4	0	0	0	0	0	0	0	0	0	5	0	24576	
03:39:37	0.0	11314.34	191264.66	1634611200	22.1	30273536	1.4	0	0	0	0	0	0	0	0	0	0	0	0	
03:39:39	0.0	11314.34	191266.66	1634611200	22.1	30273536	1.4	0	0	0	0	0	0	0	0	0	2	0	8192	
03:39:41	0.0	11314.34	191268.66	1634619392	22.1	30273536	1.4	0	60	0	1	0	0	0	0	0	0	0	0	
03:39:43	0.0	11314.34	191270.66	1634619392	22.1	30273536	1.4	0	60	0	1	0	0	0	0	0	0	0	0	
03:39:45	0.0	11314.34	191272.66	1634619392	22.1	30273536	1.4	0	0	0	0	0	0	0	0	0	0	0	0	
03:39:47	0.0	11314.34	191274.65	1634619392	22.1	30273536	1.4	0	0	0	0	0	0	0	0	0	0	0	0	
03:39:49	0.0	11314.34	191276.65	1634619392	22.1	30273536	1.4	0	0	0	0	0	0	0	0	0	0	0	0	
03:39:51	0.0	11314.34	191278.65	1634619392	22.1	30273536	1.4	0	0	0	0	0	0	0	0	0	0	0	0	
03:39:53	0.0	11314.34	191280.65	1634619392	22.1	30273536	1.4	0	0	0	0	0	0	0	0	0	0	0	0	
03:39:55	0.0	11314.34	191282.64	1634619392	22.1	30273536	1.4	0	0	0	0	0	0	0	0	0	0	0	0	
03:39:57	0.0	11314.34	191284.64	1634619392	22.1	30273536	1.4	0	0	0	0	0	0	0	0	0	0	0	0	
03:39:59	0.0	11314.34	191286.63	1634619392	22.1	30273536	1.4	0	0	0	0	0	0	0	0	0	2	0	24576	
03:40:01	0.0	11314.34	191288.63	1634619392	22.1	30273536	1.4	0	0	0	0	0	0	0	0	0	0	0	0	
03:40:03	0.0	11314.34	191290.63	1634619392	22.1	30273536	1.4	0	0	0	0	0	0	0	0	0	0	0	0	
03:40:05	0.0	11314.34	191292.62	1634619392	22.1	30273536	1.4	0	0	0	0	0	0	0	0	0	5	0	24576	
03:40:07	0.0	11314.34	191294.62	1634619392	22.1	30273536	1.4	0	0	0	0	0	0	0	0	0	0	0	0	
03:40:09	0.0	11314.34	191296.62	1634619392	22.1	30273536	1.4	0	0	0	0	0	0	0	0	0	0	0	0	
03:40:11	0.0	11314.34	191298.62	1634619392	22.1	30273536	1.4	0	60	0	1	0	0	0	0	0	0	0	0	
03:40:13	0.0	11314.34	191300.61	1634619392	22.1	30273536	1.4	0	0	0	0	0	0	0	0	0	0	0	0	
03:40:15	0.0	11314.34	191302.61	1634619392	22.1	30273536	1.4	0	0	0	0	0	0	0	0	0	0	0	0	
03:40:17	0.0	11314.34	191304.61	1634619392	22.1	30273536	1.4	0	0	0	0	0	0	0	0	0	0	0	0	
03:40:19	0.0	11314.34	191306.61	1634619392	22.1	30273536	1.4	0	0	0	0	0	0	0	0	0	0	0	0	
03:40:21	0.0	11314.34	191308.6	1634619392	22.1	30273536	1.4	14328	258	6	4	0	0	0	0	0	0	0	0	
03:40:23	0.0	11314.34	191310.6	1634619392	22.1	30273536	1.4	0	60	0	1	0	0	0	0	0	0	0	0	
03:40:25	0.0	11314.34	191312.6	1634619392	22.1	30273536	1.4	60	60	1	1	0	0	0	0	0	0	0	0	
03:40:27	0.0	11314.34	191314.6	1634619392	22.1	30273536	1.4	0	0	0	0	0	0	0	0	0	0	0	0	
03:40:29	0.0	11314.34	191316.6	1634619392	22.1	30273536	1.4	0	0	0	0	0	0	0	0	0	2	0	24576	
03:40:31	0.0	11314.34	191318.59	1634627584	22.1	30273536	1.4	0	60	0	1	0	0	0	0	0	0	0	0	
03:40:33	0.0	11314.34	191320.59	1634627584	22.1	30273536	1.4	0	0	0	0	0	0	0	0	0	0	0	0	
03:40:35	0.0	11314.34	191322.59	1634627584	22.1	30273536	1.4	0	0	0	0	0	0	0	0	0	5	0	24576	
03:40:37	0.0	11314.34	191324.58	1634627584	22.1	30273536	1.4	0	0	0	0	0	0	0	0	0	0	0	0	
03:40:39	0.0	11314.34	191326.58	1634627584	22.1	30273536	1.4	0	0	0	0	0	0	0	0	0	2	0	8192	
03:40:41	0.0	11314.34	191328.58	1634635776	22.1	30273536	1.4	0	60	0	1	0	0	0	0	0	0	0	0	
03:40:43	0.5	11314.35	191330.58	1634635776	22.1	30273536	1.4	0	0	0	0	0	0	0	0	0	0	0	0	
03:40:45	0.0	11314.35	191332.57	1634635776	22.1	30273536	1.4	0	0	0	0	0	0	0	0	0	0	0	0	
03:40:47	0.0	11314.35	191334.57	1634635776	22.1	30273536	1.4	0	0	0	0	0	0	0	0	0	0	0	0	
03:40:49	0.0	11314.35	191336.57	1634635776	22.1	30273536	1.4	0	0	0	0	0	0	0	0	0	0	0	0	
03:40:51	0.0	11314.35	191338.57	1634635776	22.1	30273536	1.4	0	0	0	0	0	0	0	0	0	0	0	0	
03:40:53	0.0	11314.35	191340.56	1634635776	22.1	30273536	1.4	0	0	0	0	0	0	0	0	0	0	0	0	
03:40:55	0.0	11314.35	191342.56	1634635776	22.1	30273536	1.4	0	0	0	0	0	0	0	0	0	0	0	0	
03:40:57	0.0	11314.35	191344.56	1634635776	22.1	30273536	1.4	0	0	0	0	0	0	0	0	0	0	0	0	
03:40:59	0.0	11314.35	191346.55	1634635776	22.1	30273536	1.4	0	0	0	0	0	0	0	0	0	2	0	24576	
03:41:01	0.0	11314.35	191348.55	1634635776	22.1	30273536	1.4	0	0	0	0	0	0	0	0	0	0	0	0	
03:41:03	0.0	11314.35	191350.55	1634635776	22.1	30273536	1.4	0	0	0	0	0	0	0	0	0	0	0	0	
03:41:05	0.0	11314.35	191352.54	1634635776	22.1	30273536	1.4	0	0	0	0	0	0	0	0	0	5	0	24576	
03:41:07	0.0	11314.35	191354.54	1634635776	22.1	30273536	1.4	0	0	0	0	0	0	0	0	0	0	0	0	
03:41:09	0.0	11314.35	191356.54	1634635776	22.1	30273536	1.4	0	0	0	0	0	0	0	0	0	0	0	0	
03:41:11	0.0	11314.35	191358.54	1634635776	22.1	30273536	1.4	0	0	0	0	0	0	0	0	0	0	0	0	
03:41:13	0.0	11314.35	191360.53	1634635776	22.1	30273536	1.4	14320	198	6	3	0	0	0	0	0	0	0	0	
03:41:15	0.0	11314.35	191362.53	1634635776	22.1	30273536	1.4	0	0	0	0	0	0	0	0	0	0	0	0	
03:41:17	0.0	11314.35	191364.53	1634635776	22.1	30273536	1.4	60	60	1	1	0	0	0	0	0	0	0	0	
03:41:19	0.0	11314.35	191366.53	1634635776	22.1	30273536	1.4	0	0	0	0	0	0	0	0	0	0	0	0	
03:41:21	0.0	11314.35	191368.52	1634635776	22.1	30273536	1.4	0	253	0	1	0	0	0	0	0	0	0	0	
03:41:23	0.0	11314.35	191370.52	1634635776	22.1	30273536	1.4	0	60	0	1	0	0	0	0	0	0	0	0	
03:41:25	0.0	11314.35	191372.52	1634635776	22.1	30273536	1.4	0	0	0	0	0	0	0	0	0	0	0	0	
03:41:27	0.0	11314.35	191374.52	1634635776	22.1	30273536	1.4	0	0	0	0	0	0	0	0	0	0	0	0	
03:41:29	0.0	11314.35	191376.52	1634635776	22.1	30273536	1.4	0	0	0	0	0	0	0	0	0	2	0	24576	
03:41:31	0.0	11314.35	191378.51	1634643968	22.1	30273536	1.4	0	0	0	0	0	0	0	0	0	0	0	0	
03:41:33	0.0	11314.35	191380.51	1634643968	22.1	30273536	1.4	0	0	0	0	0	0	0	0	0	0	0	0	
03:41:35	0.0	11314.35	191382.51	1634643968	22.1	30273536	1.4	0	0	0	0	0	0	0	0	0	5	0	24576	
03:41:37	0.0	11314.35	191384.51	1634643968	22.1	30273536	1.4	0	0	0	0	0	0	0	0	0	0	0	0	
03:41:39	0.0	11314.35	191386.5	1634643968	22.1	30273536	1.4	0	0	0	0	0	0	0	0	0	2	0	8192	
03:41:41	0.0	11314.35	191388.5	1634652160	22.1	30273536	1.4	0	0	0	0	0	0	0	0	0	0	0	0	
03:41:43	0.0	11314.35	191390.5	1634652160	22.1	30273536	1.4	0	0	0	0	0	0	0	0	0	0	0	0	
03:41:45	0.0	11314.35	191392.5	1634652160	22.1	30273536	1.4	0	0	0	0	0	0	0	0	0	0	0	0	
03:41:47	0.0	11314.36	191394.5	1634652160	22.1	30273536	1.4	0	120	0	2	0	0	0	0	0	0	0	0	
03:41:49	0.0	11314.36	191396.49	1634652160	22.1	30273536	1.4	0	0	0	0	0	0	0	0	0	0	0	0	
03:41:51	0.0	11314.36	191398.49	1634652160	22.1	30273536	1.4	0	0	0	0	0	0	0	0	0	0	0	0	
03:41:53	0.0	11314.36	191400.49	1634652160	22.1	30273536	1.4	0	0	0	0	0	0	0	0	0	0	0	0	
03:41:55	0.0	11314.36	191402.49	1634652160	22.1	30273536	1.4	0	0	0	0	0	0	0	0	0	0	0	0	
03:41:57	0.0	11314.36	191404.48	1634652160	22.1	30273536	1.4	0	0	0	0	0	0	0	0	0	0	0	0	
03:41:59	0.5	11314.36	191406.47	1634652160	22.1	30273536	1.4	0	212	0	3	0	0	0	0	0	2	0	24576	
03:42:01	0.0	11314.36	191408.47	1634652160	22.1	30273536	1.4	0	0	0	0	0	0	0	0	0	0	0	0	
03:42:03	0.0	11314.36	191410.47	1634652160	22.1	30273536	1.4	0	0	0	0	0	0	0	0	0	0	0	0	
03:42:05	0.0	11314.36	191412.46	1634652160	22.1	30273536	1.4	14320	0	6	0	0	0	0	0	0	5	0	24576	
03:42:07	0.0	11314.36	191414.46	1634652160	22.1	30273536	1.4	66	300	1	4	0	0	0	0	0	0	0	0	
03:42:09	0.0	11314.36	191416.46	1634652160	22.1	30273536	1.4	0	0	0	0	0	0	0	0	0	0	0	0	
03:42:11	0.0	11314.36	191418.46	1634652160	22.1	30273536	1.4	60	60	1	1	0	0	0	0	0	0	0	0	
03:42:13	0.0	11314.36	191420.45	1634652160	22.1	30273536	1.4	0	0	0	0	0	0	0	0	0	0	0	0	
03:42:15	0.0	11314.36	191422.45	1634652160	22.1	30273536	1.4	0	0	0	0	0	0	0	0	0	0	0	0	
03:42:17	0.0	11314.36	191424.45	1634652160	22.1	30273536	1.4	0	0	0	0	0	0	0	0	0	0	0	0	
03:42:19	0.0	11314.36	191426.45	1634652160	22.1	30273536	1.4	0	0	0	0	0	0	0	0	0	0	0	0	
03:42:21	0.5	11314.36	191428.44	1634652160	22.1	30273536	1.4	0	0	0	0	0	0	0	0	0	0	0	0	
03:42:23	0.0	11314.36	191430.44	1634652160	22.1	30273536	1.4	0	0	0	0	0	0	0	0	0	0	0	0	
03:42:25	0.0	11314.36	191432.44	1634652160	22.1	30273536	1.4	0	0	0	0	0	0	0	0	0	0	0	0	
03:42:27	0.0	11314.36	191434.44	1634652160	22.1	30273536	1.4	0	0	0	0	0	0	0	0	0	0	0	0	
03:42:29	0.0	11314.36	191436.43	1634660352	22.1	30273536	1.4	0	0	0	0	0	0	0	0	0	2	0	24576	
03:42:31	0.0	11314.36	191438.43	1634660352	22.1	30273536	1.4	0	0	0	0	0	0	0	0	0	0	0	0	
03:42:33	0.0	11314.36	191440.43	1634660352	22.1	30273536	1.4	0	0	0	0	0	0	0	0	0	0	0	0	
03:42:35	0.0	11314.36	191442.42	1634660352	22.1	30273536	1.4	0	0	0	0	0	0	0	0	0	5	0	24576	
03:42:37	0.0	11314.36	191444.42	1634660352	22.1	30273536	1.4	0	0	0	0	0	0	0	0	0	0	0	0	
03:42:39	0.0	11314.36	191446.42	1634668544	22.1	30273536	1.4	0	60	0	1	0	0	0	0	0	2	0	8192	
03:42:41	0.0	11314.36	191448.41	1634668544	22.1	30273536	1.4	0	0	0	0	0	0	0	0	0	0	0	0	
03:42:43	0.0	11314.36	191450.41	1634668544	22.1	30273536	1.4	0	0	0	0	0	0	0	0	0	0	0	0	
03:42:45	0.0	11314.36	191452.41	1634668544	22.1	30273536	1.4	0	0	0	0	0	0	0	0	0	0	0	0	
03:42:47	0.0	11314.36	191454.41	1634668544	22.1	30273536	1.4	0	0	0	0	0	0	0	0	0	0	0	0	
03:42:49	0.0	11314.36	191456.4	1634668544	22.1	30273536	1.4	0	0	0	0	0	0	0	0	0	0	0	0	
03:42:51	0.5	11314.37	191458.4	1634668544	22.1	30273536	1.4	0	0	0	0	0	0	0	0	0	0	0	0	
03:42:53	0.0	11314.37	191460.4	1634668544	22.1	30273536	1.4	0	0	0	0	0	0	0	0	0	0	0	0	
03:42:55	0.0	11314.37	191462.4	1634668544	22.1	30273536	1.4	0	0	0	0	0	0	0	0	0	0	0	0	
03:42:57	0.0	11314.37	191464.4	1634668544	22.1	30273536	1.4	14336	0	6	0	0	0	0	0	0	0	0	0	
03:42:59	0.5	11314.37	191466.38	1634668544	22.1	30273536	1.4	0	198	0	3	0	0	0	0	0	2	0	24576	
03:43:01	0.0	11314.37	191468.38	1634668544	22.1	30273536	1.4	0	0	0	0	0	0	0	0	0	0	0	0	
03:43:03	0.0	11314.37	191470.38	1634668544	22.1	30273536	1.4	60	60	1	1	0	0	0	0	0	0	0	0	
03:43:05	0.0	11314.37	191472.38	1634668544	22.1	30273536	1.4	0	0	0	0	0	0	0	0	0	5	0	24576	
03:43:07	0.0	11314.37	191474.37	1634668544	22.1	30273536	1.4	0	0	0	0	0	0	0	0	0	0	0	0	
03:43:09	0.0	11314.37	191476.37	1634668544	22.1	30273536	1.4	0	0	0	0	0	0	0	0	0	0	0	0	
03:43:11	0.0	11314.37	191478.37	1634668544	22.1	30273536	1.4	0	0	0	0	0	0	0	0	0	0	0	0	
03:43:13	0.0	11314.37	191480.36	1634668544	22.1	30273536	1.4	0	0	0	0	0	0	0	0	0	0	0	0	
03:43:15	0.0	11314.37	191482.36	1634668544	22.1	30273536	1.4	0	0	0	0	0	0	0	0	0	0	0	0	
03:43:17	0.0	11314.37	191484.36	1634668544	22.1	30273536	1.4	0	0	0	0	0	0	0	0	0	0	0	0	
03:43:19	0.0	11314.37	191486.36	1634668544	22.1	30273536	1.4	0	0	0	0	0	0	0	0	0	0	0	0	
03:43:21	0.0	11314.37	191488.36	1634668544	22.1	30273536	1.4	0	0	0	0	0	0	0	0	0	0	0	0	
03:43:23	0.0	11314.37	191490.36	1634668544	22.1	30273536	1.4	0	0	0	0	0	0	0	0	0	0	0	0	
03:43:25	0.0	11314.37	191492.35	1634668544	22.1	30273536	1.4	0	0	0	0	0	0	0	0	0	0	0	0	
03:43:27	0.0	11314.37	191494.35	1634668544	22.1	30273536	1.4	0	0	0	0	0	0	0	0	0	0	0	0	
03:43:29	0.0	11314.37	191496.35	1634668544	22.1	30273536	1.4	0	0	0	0	0	0	0	0	0	2	0	24576	
03:43:31	0.0	11314.37	191498.34	1634676736	22.1	30273536	1.4	0	0	0	0	0	0	0	0	0	0	0	0	
03:43:33	0.0	11314.37	191500.34	1634676736	22.1	30273536	1.4	0	0	0	0	0	0	0	0	0	0	0	0	
03:43:35	0.0	11314.37	191502.34	1634676736	22.1	30273536	1.4	0	0	0	0	0	0	0	0	0	5	0	24576	
03:43:37	0.0	11314.37	191504.34	1634557952	22.1	30273536	1.4	224	142	3	2	0	0	0	0	0	0	0	0	
03:43:39	0.0	11314.37	191506.34	1634557952	22.1	30273536	1.4	0	0	0	0	0	0	0	0	0	2	0	8192	
03:43:41	0.0	11314.37	191508.33	1634557952	22.1	30273536	1.4	0	0	0	0	0	0	0	0	0	0	0	0	
03:43:43	0.0	11314.37	191510.33	1634557952	22.1	30273536	1.4	82	0	1	0	0	0	0	0	0	0	0	0	
03:43:45	0.0	11314.37	191512.33	1634557952	22.1	30273536	1.4	0	0	0	0	0	0	0	0	0	0	0	0	
03:43:47	0.0	11314.37	191514.32	1634557952	22.1	30273536	1.4	224	142	3	2	0	0	0	0	0	0	0	0	
03:43:49	0.0	11314.37	191516.32	1634557952	22.1	30273536	1.4	12904	0	6	0	0	0	0	0	0	0	0	0	
03:43:51	0.0	11314.37	191518.32	1634557952	22.1	30273536	1.4	0	384	0	6	0	0	0	0	0	0	0	0	
03:43:53	0.0	11314.37	191520.31	1634557952	22.1	30273536	1.4	82	0	1	0	0	0	0	0	0	5	0	24576	
03:43:55	0.0	11314.37	191522.31	1634557952	22.1	30273536	1.4	60	60	1	1	0	0	0	0	0	0	0	0	
03:43:57	0.0	11314.37	191524.3	1634557952	22.1	30273536	1.4	0	0	0	0	0	0	0	0	0	0	0	0	
03:43:59	1.0	11314.38	191526.29	1634557952	22.1	30273536	1.4	164	82	2	1	0	0	0	0	0	2	0	24576	
03:44:01	0.0	11314.38	191528.29	1634570240	22.1	30273536	1.4	0	0	0	0	0	0	0	0	0	0	0	0	
03:44:03	0.0	11314.38	191530.29	1634570240	22.1	30273536	1.4	82	0	1	0	0	0	0	0	0	6	0	32768	
03:44:05	0.0	11314.38	191532.28	1634570240	22.1	30273536	1.4	0	0	0	0	0	0	0	0	0	0	0	0	
03:44:07	0.0	11314.38	191534.28	1634570240	22.1	30273536	1.4	0	0	0	0	0	0	0	0	0	0	0	0	
03:44:09	0.0	11314.38	191536.28	1634570240	22.1	30273536	1.4	0	0	0	0	0	0	0	0	0	0	0	0	
03:44:11	0.0	11314.38	191538.27	1634570240	22.1	30273536	1.4	0	0	0	0	0	0	0	0	0	0	0	0	
03:44:13	0.0	11314.38	191540.27	1634570240	22.1	30273536	1.4	0	0	0	0	0	0	0	0	0	0	0	0	
03:44:15	0.0	11314.38	191542.27	1634570240	22.1	30273536	1.4	0	0	0	0	0	0	0	0	0	6	0	32768	
03:44:17	0.0	11314.38	191544.26	1634570240	22.1	30273536	1.4	0	0	0	0	0	0	0	0	0	0	0	0	
03:44:19	0.0	11314.38	191546.26	1634570240	22.1	30273536	1.4	0	0	0	0	0	0	0	0	0	2	0	16384	
03:44:21	0.0	11314.38	191548.26	1634586624	22.1	30273536	1.4	0	0	0	0	0	0	0	0	0	0	0	0	
03:44:23	0.0	11314.38	191550.26	1634586624	22.1	30273536	1.4	0	0	0	0	0	0	0	0	0	0	0	0	
03:44:25	0.0	11314.38	191552.25	1634586624	22.1	30273536	1.4	0	0	0	0	0	0	0	0	0	10	0	57344	
03:44:27	0.0	11314.38	191554.25	1634586624	22.1	30273536	1.4	0	0	0	0	0	0	0	0	0	0	0	0	
03:44:29	0.0	11314.38	191556.25	1634586624	22.1	30273536	1.4	0	0	0	0	0	0	0	0	0	2	0	32768	
03:44:31	0.0	11314.38	191558.24	1634594816	22.1	30273536	1.4	0	0	0	0	0	0	0	0	0	0	0	0	
03:44:33	0.0	11314.38	191560.24	1634594816	22.1	30273536	1.4	0	120	0	2	0	0	0	0	0	0	0	0	
03:44:35	0.0	11314.38	191562.24	1634594816	22.1	30273536	1.4	0	120	0	2	0	0	0	0	0	5	0	24576	
03:44:37	0.0	11314.38	191564.24	1634594816	22.1	30273536	1.4	0	120	0	2	0	0	0	0	0	0	0	0	
03:44:39	0.0	11314.38	191566.24	1634594816	22.1	30273536	1.4	0	0	0	0	0	0	0	0	0	0	0	0	
03:44:41	0.0	11314.38	191568.23	1634594816	22.1	30273536	1.4	14336	0	6	0	0	0	0	0	0	0	0	0	
03:44:43	0.0	11314.38	191570.23	1634594816	22.1	30273536	1.4	0	264	0	4	0	0	0	0	0	0	0	0	
03:44:45	0.0	11314.38	191572.23	1634594816	22.1	30273536	1.4	0	0	0	0	0	0	0	0	0	0	0	0	
03:44:47	0.0	11314.38	191574.23	1634594816	22.1	30273536	1.4	60	60	1	1	0	0	0	0	0	0	0	0	
03:44:49	0.0	11314.38	191576.22	1634594816	22.1	30273536	1.4	0	0	0	0	0	0	0	0	0	0	0	0	
03:44:51	0.0	11314.38	191578.22	1634594816	22.1	30273536	1.4	0	0	0	0	0	0	0	0	0	0	0	0	
03:44:53	0.0	11314.38	191580.22	1634594816	22.1	30273536	1.4	0	0	0	0	0	0	0	0	0	0	0	0	
03:44:55	0.0	11314.38	191582.22	1634594816	22.1	30273536	1.4	0	0	0	0	0	0	0	0	0	0	0	0	
03:44:57	0.0	11314.38	191584.22	1634594816	22.1	30273536	1.4	0	0	0	0	0	0	0	0	0	0	0	0	
03:44:59	0.5	11314.38	191586.2	1634603008	22.1	30273536	1.4	0	0	0	0	0	0	0	0	0	12	0	65536	
03:45:01	0.0	11314.38	191588.2	1634603008	22.1	30273536	1.4	0	0	0	0	0	0	0	0	0	0	0	0	
03:45:03	0.0	11314.38	191590.2	1634603008	22.1	30273536	1.4	0	0	0	0	0	0	0	0	0	0	0	0	
03:45:05	0.0	11314.38	191592.2	1634603008	22.1	30273536	1.4	0	0	0	0	0	0	0	0	0	5	0	24576	
03:45:07	0.0	11314.38	191594.2	1634603008	22.1	30273536	1.4	0	0	0	0	0	0	0	0	0	0	0	0	
03:45:09	0.0	11314.38	191596.19	1634603008	22.1	30273536	1.4	0	0	0	0	0	0	0	0	0	0	0	0	
03:45:11	0.0	11314.38	191598.19	1634603008	22.1	30273536	1.4	0	0	0	0	0	0	0	0	0	0	0	0	
03:45:13	0.0	11314.38	191600.18	1634603008	22.1	30273536	1.4	0	0	0	0	0	0	0	0	0	0	0	0	
03:45:15	0.0	11314.38	191602.18	1634603008	22.1	30273536	1.4	0	0	0	0	0	0	0	0	0	0	0	0	
03:45:17	0.0	11314.38	191604.18	1634603008	22.1	30273536	1.4	0	0	0	0	0	0	0	0	0	0	0	0	
03:45:19	0.0	11314.38	191606.18	1634603008	22.1	30273536	1.4	0	0	0	0	0	0	0	0	0	0	0	0	
03:45:21	0.0	11314.38	191608.18	1634603008	22.1	30273536	1.4	0	0	0	0	0	0	0	0	0	0	0	0	
03:45:23	0.0	11314.38	191610.18	1634603008	22.1	30273536	1.4	0	0	0	0	0	0	0	0	0	0	0	0	
03:45:25	0.0	11314.38	191612.17	1634603008	22.1	30273536	1.4	0	0	0	0	0	0	0	0	0	0	0	0	
03:45:27	0.0	11314.38	191614.17	1634603008	22.1	30273536	1.4	0	0	0	0	0	0	0	0	0	0	0	0	
03:45:29	0.0	11314.38	191616.16	1634603008	22.1	30273536	1.4	0	0	0	0	0	0	0	0	0	0	0	0	
03:45:31	0.0	11314.38	191618.16	1634611200	22.1	30273536	1.4	0	0	0	0	0	0	0	0	0	2	0	24576	
03:45:33	0.0	11314.38	191620.16	1634611200	22.1	30273536	1.4	0	0	0	0	0	0	0	0	0	0	0	0	
03:45:35	0.0	11314.39	191622.16	1634611200	22.1	30273536	1.4	14336	264	6	4	0	0	0	0	0	5	0	24576	
03:45:37	0.0	11314.39	191624.16	1634611200	22.1	30273536	1.4	0	0	0	0	0	0	0	0	0	0	0	0	
03:45:39	0.0	11314.39	191626.15	1634611200	22.1	30273536	1.4	60	60	1	1	0	0	0	0	0	0	0	0	
03:45:41	0.0	11314.39	191628.15	1634619392	22.1	30273536	1.4	0	253	0	1	0	0	0	0	0	2	0	8192	
03:45:43	0.0	11314.39	191630.15	1634619392	22.1	30273536	1.4	0	0	0	0	0	0	0	0	0	0	0	0	
03:45:45	0.0	11314.39	191632.14	1634619392	22.1	30273536	1.4	0	0	0	0	0	0	0	0	0	0	0	0	
03:45:47	0.0	11314.39	191634.14	1634619392	22.1	30273536	1.4	0	0	0	0	0	0	0	0	0	0	0	0	
03:45:49	0.0	11314.39	191636.14	1634619392	22.1	30273536	1.4	0	0	0	0	0	0	0	0	0	0	0	0	
03:45:51	0.0	11314.39	191638.14	1634619392	22.1	30273536	1.4	0	0	0	0	0	0	0	0	0	0	0	0	
03:45:53	0.0	11314.39	191640.14	1634619392	22.1	30273536	1.4	0	0	0	0	0	0	0	0	0	0	0	0	
03:45:55	0.0	11314.39	191642.14	1634619392	22.1	30273536	1.4	0	0	0	0	0	0	0	0	0	0	0	0	
03:45:57	0.0	11314.39	191644.13	1634619392	22.1	30273536	1.4	0	120	0	2	0	0	0	0	0	0	0	0	
03:45:59	0.0	11314.39	191646.12	1634619392	22.1	30273536	1.4	0	0	0	0	0	0	0	0	0	0	0	0	
03:46:01	0.0	11314.39	191648.12	1634619392	22.1	30273536	1.4	0	60	0	1	0	0	0	0	0	2	0	24576	
03:46:03	0.0	11314.39	191650.12	1634619392	22.1	30273536	1.4	0	0	0	0	0	0	0	0	0	0	0	0	
03:46:05	0.0	11314.39	191652.11	1634492416	22.1	30273536	1.4	0	0	0	0	0	0	0	0	0	5	0	24576	
03:46:07	0.0	11314.39	191654.11	1634492416	22.1	30273536	1.4	0	0	0	0	0	0	0	0	0	0	0	0	
03:46:09	0.0	11314.39	191656.11	1634492416	22.1	30273536	1.4	0	0	0	0	0	0	0	0	0	0	0	0	
03:46:11	0.0	11314.39	191658.1	1634492416	22.1	30273536	1.4	0	0	0	0	0	0	0	0	0	0	0	0	
03:46:13	0.0	11314.39	191660.1	1634492416	22.1	30273536	1.4	0	0	0	0	0	0	0	0	0	0	0	0	
03:46:15	0.0	11314.39	191662.1	1634492416	22.1	30273536	1.4	0	0	0	0	0	0	0	0	0	0	0	0	
03:46:17	0.0	11314.39	191664.1	1634492416	22.1	30273536	1.4	0	0	0	0	0	0	0	0	0	5	0	24576	
03:46:19	0.0	11314.39	191666.1	1634492416	22.1	30273536	1.4	0	0	0	0	0	0	0	0	0	0	0	0	
03:46:21	0.0	11314.39	191668.1	1634492416	22.1	30273536	1.4	0	0	0	0	0	0	0	0	0	0	0	0	
03:46:23	0.0	11314.39	191670.09	1634492416	22.1	30273536	1.4	0	0	0	0	0	0	0	0	0	0	0	0	
03:46:25	0.0	11314.39	191672.09	1634492416	22.1	30273536	1.4	0	0	0	0	0	0	0	0	0	0	0	0	
03:46:27	0.0	11314.39	191674.09	1634492416	22.1	30273536	1.4	14320	198	6	3	0	0	0	0	0	0	0	0	
03:46:29	0.0	11314.39	191676.08	1634492416	22.1	30273536	1.4	0	0	0	0	0	0	0	0	0	0	0	0	
03:46:31	0.0	11314.39	191678.08	1634508800	22.1	30273536	1.4	60	60	1	1	0	0	0	0	0	2	0	32768	
03:46:33	0.0	11314.39	191680.08	1634508800	22.1	30273536	1.4	0	253	0	1	0	0	0	0	0	0	0	0	
03:46:35	0.0	11314.39	191682.08	1634508800	22.1	30273536	1.4	0	0	0	0	0	0	0	0	0	5	0	24576	
03:46:37	0.0	11314.39	191684.08	1634508800	22.1	30273536	1.4	0	0	0	0	0	0	0	0	0	0	0	0	
03:46:39	0.5	11314.4	191686.07	1634508800	22.1	30273536	1.4	0	0	0	0	0	0	0	0	0	0	0	0	
03:46:41	0.0	11314.4	191688.07	1634516992	22.1	30273536	1.4	0	0	0	0	0	0	0	0	0	2	0	8192	
03:46:43	0.0	11314.4	191690.07	1634516992	22.1	30273536	1.4	0	0	0	0	0	0	0	0	0	0	0	0	
03:46:45	0.0	11314.4	191692.06	1634516992	22.1	30273536	1.4	0	180	0	3	0	0	0	0	0	0	0	0	
03:46:47	0.0	11314.4	191694.06	1634516992	22.1	30273536	1.4	0	0	0	0	0	0	0	0	0	0	0	0	
03:46:49	0.0	11314.4	191696.06	1634516992	22.1	30273536	1.4	0	0	0	0	0	0	0	0	0	0	0	0	
03:46:51	0.0	11314.4	191698.06	1634516992	22.1	30273536	1.4	0	0	0	0	0	0	0	0	0	0	0	0	
03:46:54	0.0	11314.4	191700.06	1634516992	22.1	30273536	1.4	0	0	0	0	0	0	0	0	0	0	0	0	
03:46:56	0.0	11314.4	191702.06	1634516992	22.1	30273536	1.4	0	0	0	0	0	0	0	0	0	0	0	0	
03:46:58	0.0	11314.4	191704.05	1634516992	22.1	30273536	1.4	0	0	0	0	0	0	0	0	0	0	0	0	
03:47:00	0.5	11314.4	191706.04	1634516992	22.1	30273536	1.4	0	0	0	0	0	0	0	0	0	0	0	0	
03:47:02	0.0	11314.4	191708.04	1634516992	22.1	30273536	1.4	0	0	0	0	0	0	0	0	0	2	0	24576	
03:47:04	0.0	11314.4	191710.04	1634516992	22.1	30273536	1.4	0	0	0	0	0	0	0	0	0	0	0	0	
03:47:06	0.0	11314.4	191712.04	1634516992	22.1	30273536	1.4	0	0	0	0	0	0	0	0	0	5	0	24576	
03:47:08	0.0	11314.4	191714.03	1634516992	22.1	30273536	1.4	0	0	0	0	0	0	0	0	0	0	0	0	
03:47:10	0.0	11314.4	191716.03	1634516992	22.1	30273536	1.4	0	0	0	0	0	0	0	0	0	0	0	0	
03:47:12	0.0	11314.4	191718.03	1634516992	22.1	30273536	1.4	0	0	0	0	0	0	0	0	0	0	0	0	
03:47:14	0.0	11314.4	191720.02	1634516992	22.1	30273536	1.4	0	0	0	0	0	0	0	0	0	0	0	0	
03:47:16	0.0	11314.4	191722.02	1634516992	22.1	30273536	1.4	0	0	0	0	0	0	0	0	0	0	0	0	
03:47:18	0.0	11314.4	191724.02	1634516992	22.1	30273536	1.4	0	0	0	0	0	0	0	0	0	0	0	0	
03:47:20	0.0	11314.4	191726.02	1634516992	22.1	30273536	1.4	14320	198	6	3	0	0	0	0	0	0	0	0	
03:47:22	0.0	11314.4	191728.02	1634516992	22.1	30273536	1.4	0	60	0	1	0	0	0	0	0	0	0	0	
03:47:24	0.5	11314.4	191730.01	1634516992	22.1	30273536	1.4	60	60	1	1	0	0	0	0	0	0	0	0	
03:47:26	0.0	11314.4	191732.01	1634516992	22.1	30273536	1.4	0	0	0	0	0	0	0	0	0	0	0	0	
03:47:28	0.0	11314.4	191734.01	1634516992	22.1	30273536	1.4	0	0	0	0	0	0	0	0	0	0	0	0	
03:47:30	0.0	11314.4	191736.0	1634516992	22.1	30273536	1.4	0	0	0	0	0	0	0	0	0	0	0	0	
03:47:32	0.0	11314.4	191738.0	1634525184	22.1	30273536	1.4	0	0	0	0	0	0	0	0	0	2	0	24576	
03:47:34	0.0	11314.4	191740.0	1634525184	22.1	30273536	1.4	0	0	0	0	0	0	0	0	0	0	0	0	
03:47:36	0.0	11314.4	191742.0	1634525184	22.1	30273536	1.4	0	0	0	0	0	0	0	0	0	5	0	24576	
03:47:38	0.0	11314.4	191744.0	1634525184	22.1	30273536	1.4	0	0	0	0	0	0	0	0	0	0	0	0	
03:47:40	0.0	11314.4	191746.0	1634525184	22.1	30273536	1.4	0	0	0	0	0	0	0	0	0	0	0	0	
03:47:42	0.0	11314.4	191747.99	1634533376	22.1	30273536	1.4	0	0	0	0	0	0	0	0	0	2	0	8192	
03:47:44	0.0	11314.4	191749.99	1634533376	22.1	30273536	1.4	0	0	0	0	0	0	0	0	0	0	0	0	
03:47:46	0.0	11314.4	191751.99	1634533376	22.1	30273536	1.4	0	0	0	0	0	0	0	0	0	0	0	0	
03:47:48	0.0	11314.4	191753.98	1634533376	22.1	30273536	1.4	0	0	0	0	0	0	0	0	0	0	0	0	
03:47:50	0.0	11314.4	191755.98	1634533376	22.1	30273536	1.4	0	0	0	0	0	0	0	0	0	0	0	0	
03:47:52	0.0	11314.4	191757.98	1634533376	22.1	30273536	1.4	0	0	0	0	0	0	0	0	0	0	0	0	
03:47:54	0.0	11314.4	191759.98	1634533376	22.1	30273536	1.4	0	0	0	0	0	0	0	0	0	0	0	0	
03:47:56	0.0	11314.4	191761.98	1634533376	22.1	30273536	1.4	0	0	0	0	0	0	0	0	0	0	0	0	
03:47:58	0.0	11314.4	191763.98	1634533376	22.1	30273536	1.4	0	0	0	0	0	0	0	0	0	0	0	0	
03:48:00	0.5	11314.4	191765.96	1634533376	22.1	30273536	1.4	0	0	0	0	0	0	0	0	0	0	0	0	
03:48:02	0.0	11314.4	191767.96	1634533376	22.1	30273536	1.4	0	60	0	1	0	0	0	0	0	2	0	24576	
03:48:04	0.0	11314.4	191769.96	1634533376	22.1	30273536	1.4	0	60	0	1	0	0	0	0	0	0	0	0	
03:48:06	0.0	11314.4	191771.96	1634533376	22.1	30273536	1.4	0	0	0	0	0	0	0	0	0	5	0	24576	
03:48:08	0.0	11314.4	191773.95	1634533376	22.1	30273536	1.4	0	0	0	0	0	0	0	0	0	0	0	0	
03:48:10	0.0	11314.4	191775.95	1634533376	22.1	30273536	1.4	0	60	0	1	0	0	0	0	0	0	0	0	
03:48:12	0.0	11314.4	191777.95	1634533376	22.1	30273536	1.4	14336	198	6	3	0	0	0	0	0	0	0	0	
03:48:14	0.0	11314.4	191779.94	1634533376	22.1	30273536	1.4	0	0	0	0	0	0	0	0	0	0	0	0	
03:48:16	0.0	11314.4	191781.94	1634533376	22.1	30273536	1.4	60	60	1	1	0	0	0	0	0	0	0	0	
03:48:18	0.0	11314.4	191783.94	1634533376	22.1	30273536	1.4	0	0	0	0	0	0	0	0	0	0	0	0	
03:48:20	0.0	11314.4	191785.94	1634533376	22.1	30273536	1.4	0	0	0	0	0	0	0	0	0	0	0	0	
03:48:22	0.0	11314.4	191787.94	1634533376	22.1	30273536	1.4	0	0	0	0	0	0	0	0	0	0	0	0	
03:48:24	0.0	11314.4	191789.94	1634533376	22.1	30273536	1.4	0	0	0	0	0	0	0	0	0	0	0	0	
03:48:26	0.0	11314.4	191791.93	1634533376	22.1	30273536	1.4	0	0	0	0	0	0	0	0	0	0	0	0	
03:48:28	0.0	11314.4	191793.93	1634533376	22.1	30273536	1.4	0	0	0	0	0	0	0	0	0	0	0	0	
03:48:30	0.0	11314.4	191795.93	1634533376	22.1	30273536	1.4	0	60	0	1	0	0	0	0	0	0	0	0	
03:48:32	0.0	11314.4	191797.92	1634541568	22.1	30273536	1.4	0	60	0	1	0	0	0	0	0	2	0	24576	
03:48:34	0.0	11314.4	191799.92	1634541568	22.1	30273536	1.4	0	0	0	0	0	0	0	0	0	0	0	0	
03:48:36	0.0	11314.4	191801.92	1634541568	22.1	30273536	1.4	0	0	0	0	0	0	0	0	0	5	0	24576	
03:48:38	0.0	11314.4	191803.92	1634541568	22.1	30273536	1.4	0	0	0	0	0	0	0	0	0	0	0	0	
03:48:40	0.0	11314.4	191805.92	1634541568	22.1	30273536	1.4	0	0	0	0	0	0	0	0	0	0	0	0	
03:48:42	0.5	11314.41	191807.91	1634549760	22.1	30273536	1.4	0	0	0	0	0	0	0	0	0	2	0	8192	
03:48:44	0.0	11314.41	191809.91	1634549760	22.1	30273536	1.4	0	0	0	0	0	0	0	0	0	0	0	0	
03:48:46	0.0	11314.41	191811.91	1634549760	22.1	30273536	1.4	0	60	0	1	0	0	0	0	0	0	0	0	
03:48:48	0.0	11314.41	191813.9	1634549760	22.1	30273536	1.4	0	0	0	0	0	0	0	0	0	0	0	0	
03:48:50	0.0	11314.41	191815.9	1634549760	22.1	30273536	1.4	0	0	0	0	0	0	0	0	0	0	0	0	
03:48:52	0.0	11314.41	191817.9	1634549760	22.1	30273536	1.4	0	0	0	0	0	0	0	0	0	0	0	0	
03:48:54	0.0	11314.41	191819.9	1634549760	22.1	30273536	1.4	0	0	0	0	0	0	0	0	0	0	0	0	
03:48:56	0.0	11314.41	191821.9	1634549760	22.1	30273536	1.4	0	0	0	0	0	0	0	0	0	0	0	0	
03:48:58	0.0	11314.41	191823.89	1634549760	22.1	30273536	1.4	0	0	0	0	0	0	0	0	0	0	0	0	
03:49:00	0.5	11314.41	191825.88	1634549760	22.1	30273536	1.4	0	0	0	0	0	0	0	0	0	0	0	0	
03:49:02	0.0	11314.41	191827.88	1634549760	22.1	30273536	1.4	0	0	0	0	0	0	0	0	0	2	0	24576	
03:49:04	0.0	11314.41	191829.88	1634549760	22.1	30273536	1.4	14328	66	6	1	0	0	0	0	0	0	0	0	
03:49:06	0.0	11314.41	191831.87	1634549760	22.1	30273536	1.4	0	198	0	3	0	0	0	0	0	5	0	24576	
03:49:08	0.0	11314.41	191833.87	1634549760	22.1	30273536	1.4	0	60	0	1	0	0	0	0	0	0	0	0	
03:49:10	0.0	11314.41	191835.87	1634549760	22.1	30273536	1.4	60	60	1	1	0	0	0	0	0	0	0	0	
03:49:12	0.0	11314.41	191837.86	1634549760	22.1	30273536	1.4	0	0	0	0	0	0	0	0	0	0	0	0	
03:49:14	0.0	11314.41	191839.86	1634549760	22.1	30273536	1.4	0	0	0	0	0	0	0	0	0	0	0	0	
03:49:16	0.0	11314.41	191841.86	1634549760	22.1	30273536	1.4	0	0	0	0	0	0	0	0	0	0	0	0	
03:49:18	0.0	11314.41	191843.86	1634549760	22.1	30273536	1.4	0	0	0	0	0	0	0	0	0	0	0	0	
03:49:20	0.0	11314.41	191845.86	1634549760	22.1	30273536	1.4	0	0	0	0	0	0	0	0	0	0	0	0	
03:49:22	0.0	11314.41	191847.85	1634549760	22.1	30273536	1.4	0	0	0	0	0	0	0	0	0	0	0	0	
03:49:24	0.0	11314.41	191849.85	1634549760	22.1	30273536	1.4	0	0	0	0	0	0	0	0	0	0	0	0	
03:49:26	0.0	11314.41	191851.85	1634549760	22.1	30273536	1.4	0	0	0	0	0	0	0	0	0	0	0	0	
03:49:28	0.0	11314.41	191853.84	1634549760	22.1	30273536	1.4	0	0	0	0	0	0	0	0	0	0	0	0	
03:49:30	0.0	11314.41	191855.84	1634549760	22.1	30273536	1.4	0	0	0	0	0	0	0	0	0	0	0	0	
03:49:32	0.0	11314.41	191857.84	1634557952	22.1	30273536	1.4	0	0	0	0	0	0	0	0	0	2	0	24576	
03:49:34	0.0	11314.41	191859.84	1634557952	22.1	30273536	1.4	0	0	0	0	0	0	0	0	0	0	0	0	
03:49:36	0.0	11314.41	191861.84	1634557952	22.1	30273536	1.4	90	90	1	1	0	0	0	0	0	6	0	32768	
03:49:38	0.0	11314.41	191863.83	1634557952	22.1	30273536	1.4	0	0	0	0	0	0	0	0	0	0	0	0	
03:49:40	0.0	11314.41	191865.83	1634557952	22.1	30273536	1.4	60	60	1	1	0	0	0	0	0	0	0	0	
03:49:42	0.0	11314.41	191867.82	1634566144	22.1	30273536	1.4	0	0	0	0	0	0	0	0	0	4	0	16384	
03:49:44	0.0	11314.41	191869.82	1634566144	22.1	30273536	1.4	0	0	0	0	0	0	0	0	0	0	0	0	
03:49:46	0.0	11314.41	191871.82	1634566144	22.1	30273536	1.4	0	0	0	0	0	0	0	0	0	0	0	0	
03:49:48	0.0	11314.41	191873.82	1634566144	22.1	30273536	1.4	0	0	0	0	0	0	0	0	0	0	0	0	
03:49:50	0.0	11314.41	191875.82	1634566144	22.1	30273536	1.4	0	0	0	0	0	0	0	0	0	0	0	0	
03:49:52	0.0	11314.41	191877.82	1634566144	22.1	30273536	1.4	0	0	0	0	0	0	0	0	0	0	0	0	
03:49:54	0.0	11314.41	191879.81	1634566144	22.1	30273536	1.4	0	0	0	0	0	0	0	0	0	0	0	0	
03:49:56	0.0	11314.41	191881.81	1634566144	22.1	30273536	1.4	14320	66	6	1	0	0	0	0	0	0	0	0	
03:49:58	0.0	11314.42	191883.81	1634566144	22.1	30273536	1.4	0	258	0	4	0	0	0	0	0	0	0	0	
03:50:00	0.0	11314.42	191885.8	1634566144	22.1	30273536	1.4	0	0	0	0	0	0	0	0	0	0	0	0	
03:50:02	0.0	11314.42	191887.79	1634566144	22.1	30273536	1.4	60	60	1	1	0	0	0	0	0	2	0	24576	
03:50:04	0.0	11314.42	191889.79	1634566144	22.1	30273536	1.4	0	0	0	0	0	0	0	0	0	0	0	0	
03:50:06	0.0	11314.42	191891.79	1634566144	22.1	30273536	1.4	0	0	0	0	0	0	0	0	0	5	0	24576	
03:50:08	0.0	11314.42	191893.79	1634566144	22.1	30273536	1.4	0	120	0	2	0	0	0	0	0	0	0	0	
03:50:10	0.0	11314.42	191895.78	1634566144	22.1	30273536	1.4	0	60	0	1	0	0	0	0	0	0	0	0	
03:50:12	0.0	11314.42	191897.78	1634566144	22.1	30273536	1.4	0	0	0	0	0	0	0	0	0	0	0	0	
03:50:14	0.0	11314.42	191899.78	1634566144	22.1	30273536	1.4	0	0	0	0	0	0	0	0	0	0	0	0	
03:50:16	0.0	11314.42	191901.78	1634566144	22.1	30273536	1.4	0	0	0	0	0	0	0	0	0	0	0	0	
03:50:18	0.0	11314.42	191903.77	1634566144	22.1	30273536	1.4	0	0	0	0	0	0	0	0	0	0	0	0	
03:50:20	0.0	11314.42	191905.77	1634566144	22.1	30273536	1.4	0	0	0	0	0	0	0	0	0	0	0	0	
03:50:22	0.0	11314.42	191907.77	1634566144	22.1	30273536	1.4	0	0	0	0	0	0	0	0	0	0	0	0	
03:50:24	0.0	11314.42	191909.77	1634566144	22.1	30273536	1.4	0	0	0	0	0	0	0	0	0	0	0	0	
03:50:26	0.0	11314.42	191911.76	1634566144	22.1	30273536	1.4	0	0	0	0	0	0	0	0	0	0	0	0	
03:50:28	0.0	11314.42	191913.76	1634566144	22.1	30273536	1.4	0	0	0	0	0	0	0	0	0	0	0	0	
03:50:30	0.0	11314.42	191915.76	1634566144	22.1	30273536	1.4	0	0	0	0	0	0	0	0	0	0	0	0	
03:50:32	0.0	11314.42	191917.76	1634574336	22.1	30273536	1.4	0	0	0	0	0	0	0	0	0	2	0	24576	
03:50:34	0.0	11314.42	191919.76	1634574336	22.1	30273536	1.4	0	0	0	0	0	0	0	0	0	0	0	0	
03:50:36	0.0	11314.42	191921.75	1634574336	22.1	30273536	1.4	0	0	0	0	0	0	0	0	0	5	0	24576	
03:50:38	0.0	11314.42	191923.75	1634574336	22.1	30273536	1.4	0	0	0	0	0	0	0	0	0	0	0	0	
03:50:40	0.5	11314.42	191925.75	1634574336	22.1	30273536	1.4	0	0	0	0	0	0	0	0	0	0	0	0	
03:50:42	0.0	11314.42	191927.74	1634582528	22.1	30273536	1.4	0	0	0	0	0	0	0	0	0	2	0	8192	
03:50:44	0.0	11314.42	191929.74	1634582528	22.1	30273536	1.4	0	253	0	1	0	0	0	0	0	0	0	0	
03:50:46	0.0	11314.42	191931.74	1634582528	22.1	30273536	1.4	0	0	0	0	0	0	0	0	0	0	0	0	
03:50:48	0.0	11314.42	191933.74	1634582528	22.1	30273536	1.4	14320	0	6	0	0	0	0	0	0	0	0	0	
03:50:50	0.0	11314.42	191935.74	1634582528	22.1	30273536	1.4	0	198	0	3	0	0	0	0	0	0	0	0	
03:50:52	0.0	11314.42	191937.74	1634582528	22.1	30273536	1.4	0	0	0	0	0	0	0	0	0	0	0	0	
03:50:54	0.0	11314.42	191939.73	1634582528	22.1	30273536	1.4	60	60	1	1	0	0	0	0	0	0	0	0	
03:50:56	0.0	11314.42	191941.73	1634582528	22.1	30273536	1.4	0	0	0	0	0	0	0	0	0	0	0	0	
03:50:58	0.0	11314.42	191943.73	1634582528	22.1	30273536	1.4	0	0	0	0	0	0	0	0	0	0	0	0	
03:51:00	0.0	11314.43	191945.72	1634582528	22.1	30273536	1.4	0	0	0	0	0	0	0	0	0	0	0	0	
03:51:02	0.5	11314.43	191947.71	1634582528	22.1	30273536	1.4	0	0	0	0	0	0	0	0	0	2	0	24576	
03:51:04	0.0	11314.43	191949.7	1634582528	22.1	30273536	1.4	0	0	0	0	0	0	0	0	0	0	0	0	
03:51:06	0.0	11314.43	191951.7	1634455552	22.1	30273536	1.4	0	0	0	0	0	0	0	0	0	5	0	24576	
03:51:08	0.0	11314.43	191953.7	1634455552	22.1	30273536	1.4	0	0	0	0	0	0	0	0	0	0	0	0	
03:51:10	0.0	11314.43	191955.7	1634455552	22.1	30273536	1.4	0	0	0	0	0	0	0	0	0	0	0	0	
03:51:12	0.0	11314.43	191957.69	1634455552	22.1	30273536	1.4	0	0	0	0	0	0	0	0	0	0	0	0	
03:51:14	0.0	11314.43	191959.69	1634455552	22.1	30273536	1.4	0	0	0	0	0	0	0	0	0	0	0	0	
03:51:16	0.0	11314.43	191961.69	1634455552	22.1	30273536	1.4	0	0	0	0	0	0	0	0	0	0	0	0	
03:51:18	0.0	11314.43	191963.69	1634455552	22.1	30273536	1.4	0	0	0	0	0	0	0	0	0	0	0	0	
03:51:20	0.0	11314.43	191965.68	1634455552	22.1	30273536	1.4	0	0	0	0	0	0	0	0	0	0	0	0	
03:51:22	0.0	11314.43	191967.68	1634455552	22.1	30273536	1.4	0	0	0	0	0	0	0	0	0	0	0	0	
03:51:24	0.0	11314.43	191969.68	1634455552	22.1	30273536	1.4	0	0	0	0	0	0	0	0	0	0	0	0	
03:51:26	0.0	11314.43	191971.68	1634455552	22.1	30273536	1.4	0	0	0	0	0	0	0	0	0	0	0	0	
03:51:28	0.0	11314.43	191973.68	1634455552	22.1	30273536	1.4	0	0	0	0	0	0	0	0	0	0	0	0	
03:51:30	0.0	11314.43	191975.67	1634455552	22.1	30273536	1.4	0	0	0	0	0	0	0	0	0	0	0	0	
03:51:32	0.0	11314.43	191977.67	1634463744	22.1	30273536	1.4	0	0	0	0	0	0	0	0	0	2	0	24576	
03:51:34	0.0	11314.43	191979.67	1634463744	22.1	30273536	1.4	0	0	0	0	0	0	0	0	0	0	0	0	
03:51:36	0.0	11314.43	191981.67	1634463744	22.1	30273536	1.4	0	0	0	0	0	0	0	0	0	0	0	0	
03:51:38	0.0	11314.43	191983.66	1634463744	22.1	30273536	1.4	0	0	0	0	0	0	0	0	0	5	0	24576	
03:51:40	0.0	11314.43	191985.66	1634463744	22.1	30273536	1.4	14320	0	6	0	0	0	0	0	0	0	0	0	
03:51:42	0.0	11314.43	191987.66	1634463744	22.1	30273536	1.4	0	198	0	3	0	0	0	0	0	0	0	0	
03:51:44	0.0	11314.43	191989.65	1634463744	22.1	30273536	1.4	0	0	0	0	0	0	0	0	0	0	0	0	
03:51:46	0.0	11314.43	191991.65	1634463744	22.1	30273536	1.4	60	60	1	1	0	0	0	0	0	0	0	0	
03:51:48	0.0	11314.43	191993.65	1634463744	22.1	30273536	1.4	0	60	0	1	0	0	0	0	0	0	0	0	
03:51:50	0.0	11314.43	191995.65	1634463744	22.1	30273536	1.4	0	0	0	0	0	0	0	0	0	0	0	0	
03:51:52	0.0	11314.43	191997.64	1634463744	22.1	30273536	1.4	0	0	0	0	0	0	0	0	0	0	0	0	
03:51:54	0.0	11314.43	191999.64	1634463744	22.1	30273536	1.4	0	0	0	0	0	0	0	0	0	0	0	0	
03:51:56	0.0	11314.43	192001.64	1634463744	22.1	30273536	1.4	0	0	0	0	0	0	0	0	0	0	0	0	
03:51:58	0.0	11314.43	192003.64	1634463744	22.1	30273536	1.4	0	240	0	4	0	0	0	0	0	0	0	0	
03:52:00	0.0	11314.43	192005.63	1634463744	22.1	30273536	1.4	0	0	0	0	0	0	0	0	0	0	0	0	
03:52:02	0.0	11314.43	192007.62	1634471936	22.1	30273536	1.4	0	0	0	0	0	0	0	0	0	2	0	24576	
03:52:04	0.0	11314.43	192009.62	1634471936	22.1	30273536	1.4	0	120	0	2	0	0	0	0	0	0	0	0	
03:52:06	0.0	11314.43	192011.62	1634471936	22.1	30273536	1.4	0	0	0	0	0	0	0	0	0	0	0	0	
03:52:08	0.0	11314.43	192013.62	1634471936	22.1	30273536	1.4	0	0	0	0	0	0	0	0	0	5	0	24576	
03:52:10	0.0	11314.43	192015.61	1634471936	22.1	30273536	1.4	0	0	0	0	0	0	0	0	0	0	0	0	
03:52:12	1.0	11314.44	192017.59	1634480128	22.1	30273536	1.4	0	120	0	2	0	0	0	0	0	2	0	8192	
03:52:14	0.0	11314.44	192019.59	1634480128	22.1	30273536	1.4	0	0	0	0	0	0	0	0	0	0	0	0	
03:52:16	0.0	11314.44	192021.59	1634480128	22.1	30273536	1.4	0	0	0	0	0	0	0	0	0	0	0	0	
03:52:18	0.0	11314.44	192023.59	1634480128	22.1	30273536	1.4	0	0	0	0	0	0	0	0	0	0	0	0	
03:52:20	0.0	11314.44	192025.58	1634480128	22.1	30273536	1.4	0	0	0	0	0	0	0	0	0	0	0	0	
03:52:22	0.0	11314.44	192027.58	1634480128	22.1	30273536	1.4	0	0	0	0	0	0	0	0	0	0	0	0	
03:52:24	0.0	11314.44	192029.58	1634480128	22.1	30273536	1.4	0	0	0	0	0	0	0	0	0	0	0	0	
03:52:26	0.0	11314.44	192031.58	1634480128	22.1	30273536	1.4	0	0	0	0	0	0	0	0	0	0	0	0	
03:52:28	0.0	11314.44	192033.58	1634480128	22.1	30273536	1.4	0	0	0	0	0	0	0	0	0	0	0	0	
03:52:30	0.0	11314.44	192035.58	1634480128	22.1	30273536	1.4	0	0	0	0	0	0	0	0	0	0	0	0	
03:52:32	0.0	11314.44	192037.57	1634480128	22.1	30273536	1.4	0	0	0	0	0	0	0	0	0	2	0	24576	
03:52:34	0.0	11314.44	192039.57	1634480128	22.1	30273536	1.4	14386	300	7	4	0	0	0	0	0	0	0	0	
03:52:36	0.0	11314.44	192041.57	1634480128	22.1	30273536	1.4	0	0	0	0	0	0	0	0	0	0	0	0	
03:52:38	0.0	11314.44	192043.56	1634488320	22.1	30273536	1.4	60	60	1	1	0	0	0	0	0	5	0	24576	
03:52:40	0.0	11314.44	192045.56	1634488320	22.1	30273536	1.4	0	0	0	0	0	0	0	0	0	0	0	0	
03:52:42	0.0	11314.44	192047.56	1634488320	22.1	30273536	1.4	0	0	0	0	0	0	0	0	0	0	0	0	
03:52:44	0.0	11314.44	192049.56	1634488320	22.1	30273536	1.4	0	0	0	0	0	0	0	0	0	0	0	0	
03:52:46	0.0	11314.44	192051.56	1634488320	22.1	30273536	1.4	0	0	0	0	0	0	0	0	0	0	0	0	
03:52:48	0.0	11314.44	192053.55	1634488320	22.1	30273536	1.4	0	0	0	0	0	0	0	0	0	0	0	0	
03:52:50	0.0	11314.44	192055.55	1634488320	22.1	30273536	1.4	0	0	0	0	0	0	0	0	0	0	0	0	
03:52:52	0.0	11314.44	192057.55	1634488320	22.1	30273536	1.4	0	0	0	0	0	0	0	0	0	0	0	0	
03:52:54	0.0	11314.44	192059.54	1634488320	22.1	30273536	1.4	0	0	0	0	0	0	0	0	0	0	0	0	
03:52:56	0.0	11314.44	192061.54	1634488320	22.1	30273536	1.4	0	0	0	0	0	0	0	0	0	0	0	0	
03:52:58	0.0	11314.44	192063.54	1634488320	22.1	30273536	1.4	0	0	0	0	0	0	0	0	0	0	0	0	
03:53:00	0.5	11314.44	192065.53	1634488320	22.1	30273536	1.4	0	0	0	0	0	0	0	0	0	0	0	0	
03:53:02	0.0	11314.44	192067.53	1634488320	22.1	30273536	1.4	0	0	0	0	0	0	0	0	0	2	0	24576	
03:53:04	0.0	11314.44	192069.52	1634488320	22.1	30273536	1.4	0	0	0	0	0	0	0	0	0	0	0	0	
03:53:06	0.0	11314.44	192071.52	1634488320	22.1	30273536	1.4	0	0	0	0	0	0	0	0	0	0	0	0	
03:53:08	0.0	11314.44	192073.52	1634488320	22.1	30273536	1.4	0	0	0	0	0	0	0	0	0	5	0	24576	
03:53:10	0.0	11314.44	192075.52	1634488320	22.1	30273536	1.4	0	0	0	0	0	0	0	0	0	0	0	0	
03:53:12	0.0	11314.44	192077.52	1634496512	22.1	30273536	1.4	0	0	0	0	0	0	0	0	0	2	0	8192	
03:53:14	0.0	11314.44	192079.51	1634496512	22.1	30273536	1.4	0	0	0	0	0	0	0	0	0	0	0	0	
03:53:16	0.0	11314.44	192081.51	1634496512	22.1	30273536	1.4	0	0	0	0	0	0	0	0	0	0	0	0	
03:53:18	0.0	11314.44	192083.51	1634496512	22.1	30273536	1.4	0	0	0	0	0	0	0	0	0	0	0	0	
03:53:20	0.0	11314.44	192085.51	1634496512	22.1	30273536	1.4	0	60	0	1	0	0	0	0	0	0	0	0	
03:53:22	0.0	11314.44	192087.5	1634496512	22.1	30273536	1.4	0	253	0	1	0	0	0	0	0	0	0	0	
03:53:24	0.0	11314.44	192089.5	1634496512	22.1	30273536	1.4	0	0	0	0	0	0	0	0	0	0	0	0	
03:53:26	0.0	11314.44	192091.5	1634496512	22.1	30273536	1.4	14328	132	6	2	0	0	0	0	0	0	0	0	
03:53:28	0.0	11314.44	192093.5	1634496512	22.1	30273536	1.4	0	60	0	1	0	0	0	0	0	0	0	0	
03:53:30	0.0	11314.44	192095.5	1634496512	22.1	30273536	1.4	60	60	1	1	0	0	0	0	0	0	0	0	
03:53:32	0.0	11314.44	192097.49	1634496512	22.1	30273536	1.4	0	0	0	0	0	0	0	0	0	2	0	24576	
03:53:34	0.0	11314.44	192099.49	1634496512	22.1	30273536	1.4	0	0	0	0	0	0	0	0	0	0	0	0	
03:53:36	0.0	11314.44	192101.49	1634496512	22.1	30273536	1.4	0	0	0	0	0	0	0	0	0	0	0	0	
03:53:38	0.0	11314.44	192103.48	1634504704	22.1	30273536	1.4	312	180	4	2	0	0	0	0	0	5	0	24576	
03:53:40	0.0	11314.44	192105.48	1634504704	22.1	30273536	1.4	74	0	1	0	0	0	0	0	0	0	0	0	
03:53:42	0.0	11314.44	192107.48	1634504704	22.1	30273536	1.4	60	60	1	1	0	0	0	0	0	0	0	0	
03:53:44	0.0	11314.44	192109.47	1634504704	22.1	30273536	1.4	74	0	1	0	0	0	0	0	0	0	0	0	
03:53:46	0.0	11314.44	192111.47	1634504704	22.1	30273536	1.4	0	0	0	0	0	0	0	0	0	0	0	0	
03:53:48	0.0	11314.44	192113.47	1634504704	22.1	30273536	1.4	312	240	4	3	0	0	0	0	0	0	0	0	
03:53:50	0.0	11314.44	192115.47	1634504704	22.1	30273536	1.4	74	0	1	0	0	0	0	0	0	0	0	0	
03:53:52	0.0	11314.44	192117.46	1634504704	22.1	30273536	1.4	74	0	1	0	0	0	0	0	0	0	0	0	
03:53:54	0.0	11314.44	192119.46	1634504704	22.1	30273536	1.4	134	60	2	1	0	0	0	0	0	5	0	24576	
03:53:56	0.0	11314.44	192121.46	1634504704	22.1	30273536	1.4	0	0	0	0	0	0	0	0	0	0	0	0	
03:53:58	0.0	11314.44	192123.46	1634504704	22.1	30273536	1.4	312	180	4	2	0	0	0	0	0	0	0	0	
03:54:00	0.0	11314.44	192125.44	1634504704	22.1	30273536	1.4	74	152	1	2	0	0	0	0	0	0	0	0	
03:54:02	0.0	11314.44	192127.44	1634512896	22.1	30273536	1.4	74	0	1	0	0	0	0	0	0	2	0	24576	
03:54:04	0.0	11314.44	192129.44	1634512896	22.1	30273536	1.4	74	0	1	0	0	0	0	0	0	6	0	32768	
03:54:06	0.0	11314.44	192131.44	1634512896	22.1	30273536	1.4	0	0	0	0	0	0	0	0	0	0	0	0	
03:54:08	0.0	11314.44	192133.44	1634512896	22.1	30273536	1.4	312	180	4	2	0	0	0	0	0	0	0	0	
03:54:10	0.0	11314.44	192135.43	1634512896	22.1	30273536	1.4	74	0	1	0	0	0	0	0	0	0	0	0	
03:54:12	0.0	11314.44	192137.43	1634521088	22.1	30273536	1.4	74	0	1	0	0	0	0	0	0	2	0	8192	
03:54:14	0.0	11314.44	192139.43	1634521088	22.1	30273536	1.4	74	0	1	0	0	0	0	0	0	5	0	24576	
03:54:16	0.0	11314.44	192141.42	1634521088	22.1	30273536	1.4	0	60	0	1	0	0	0	0	0	0	0	0	
03:54:18	0.0	11314.44	192143.42	1634521088	22.1	30273536	1.4	14336	258	6	4	0	0	0	0	0	0	0	0	
03:54:20	0.0	11314.44	192145.42	1634521088	22.1	30273536	1.4	0	0	0	0	0	0	0	0	0	0	0	0	
03:54:22	0.0	11314.44	192147.41	1634533376	22.1	30273536	1.4	134	60	2	1	0	0	0	0	0	2	0	16384	
03:54:24	0.0	11314.44	192149.41	1634533376	22.1	30273536	1.4	0	0	0	0	0	0	0	0	0	8	0	49152	
03:54:26	0.0	11314.44	192151.41	1634533376	22.1	30273536	1.4	0	0	0	0	0	0	0	0	0	0	0	0	
03:54:28	0.0	11314.44	192153.4	1634533376	22.1	30273536	1.4	60	60	1	1	0	0	0	0	0	0	0	0	
03:54:30	0.0	11314.44	192155.4	1634533376	22.1	30273536	1.4	0	0	0	0	0	0	0	0	0	0	0	0	
03:54:32	0.0	11314.44	192157.4	1634541568	22.1	30273536	1.4	0	0	0	0	0	0	0	0	0	2	0	24576	
03:54:34	0.0	11314.44	192159.4	1634541568	22.1	30273536	1.4	0	0	0	0	0	0	0	0	0	0	0	0	
03:54:36	0.0	11314.44	192161.4	1634541568	22.1	30273536	1.4	0	0	0	0	0	0	0	0	0	5	0	24576	
03:54:38	0.0	11314.44	192163.39	1634541568	22.1	30273536	1.4	0	0	0	0	0	0	0	0	0	0	0	0	
03:54:40	0.0	11314.44	192165.39	1634541568	22.1	30273536	1.4	0	0	0	0	0	0	0	0	0	0	0	0	
03:54:42	0.0	11314.44	192167.39	1634541568	22.1	30273536	1.4	0	0	0	0	0	0	0	0	0	0	0	0	
03:54:44	0.0	11314.44	192169.38	1634541568	22.1	30273536	1.4	0	0	0	0	0	0	0	0	0	0	0	0	
03:54:46	0.0	11314.44	192171.38	1634549760	22.1	30273536	1.4	0	0	0	0	0	0	0	0	0	10	0	40960	
03:54:48	0.0	11314.44	192173.38	1634549760	22.1	30273536	1.4	0	120	0	2	0	0	0	0	0	0	0	0	
03:54:50	0.0	11314.44	192175.38	1634549760	22.1	30273536	1.4	0	0	0	0	0	0	0	0	0	0	0	0	
03:54:52	0.0	11314.44	192177.38	1634549760	22.1	30273536	1.4	0	0	0	0	0	0	0	0	0	0	0	0	
03:54:54	0.0	11314.44	192179.37	1634549760	22.1	30273536	1.4	0	0	0	0	0	0	0	0	0	0	0	0	
03:54:56	0.0	11314.44	192181.37	1634549760	22.1	30273536	1.4	0	0	0	0	0	0	0	0	0	0	0	0	
03:54:58	0.0	11314.44	192183.37	1634549760	22.1	30273536	1.4	0	0	0	0	0	0	0	0	0	0	0	0	
03:55:00	0.5	11314.44	192185.36	1634549760	22.1	30273536	1.4	0	0	0	0	0	0	0	0	0	0	0	0	
03:55:02	0.0	11314.44	192187.36	1634549760	22.1	30273536	1.4	0	0	0	0	0	0	0	0	0	2	0	24576	
03:55:04	0.0	11314.44	192189.35	1634549760	22.1	30273536	1.4	0	0	0	0	0	0	0	0	0	0	0	0	
03:55:06	0.0	11314.44	192191.35	1634549760	22.1	30273536	1.4	0	0	0	0	0	0	0	0	0	5	0	24576	
03:55:08	0.0	11314.44	192193.35	1634549760	22.1	30273536	1.4	0	0	0	0	0	0	0	0	0	0	0	0	
03:55:10	0.0	11314.44	192195.34	1634549760	22.1	30273536	1.4	14328	198	6	3	0	0	0	0	0	0	0	0	
03:55:12	0.0	11314.44	192197.34	1634549760	22.1	30273536	1.4	0	0	0	0	0	0	0	0	0	0	0	0	
03:55:14	0.0	11314.44	192199.34	1634549760	22.1	30273536	1.4	60	60	1	1	0	0	0	0	0	0	0	0	
03:55:16	0.0	11314.44	192201.34	1634549760	22.1	30273536	1.4	0	0	0	0	0	0	0	0	0	0	0	0	
03:55:18	0.0	11314.44	192203.34	1634549760	22.1	30273536	1.4	0	0	0	0	0	0	0	0	0	0	0	0	
03:55:20	0.0	11314.44	192205.34	1634549760	22.1	30273536	1.4	0	0	0	0	0	0	0	0	0	0	0	0	
03:55:22	0.0	11314.44	192207.33	1634549760	22.1	30273536	1.4	0	0	0	0	0	0	0	0	0	0	0	0	
03:55:24	0.0	11314.44	192209.33	1634549760	22.1	30273536	1.4	0	0	0	0	0	0	0	0	0	0	0	0	
03:55:26	0.0	11314.44	192211.33	1634549760	22.1	30273536	1.4	0	0	0	0	0	0	0	0	0	0	0	0	
03:55:28	0.0	11314.44	192213.32	1634549760	22.1	30273536	1.4	0	0	0	0	0	0	0	0	0	0	0	0	
03:55:30	0.0	11314.44	192215.32	1634549760	22.1	30273536	1.4	0	0	0	0	0	0	0	0	0	0	0	0	
03:55:32	0.0	11314.44	192217.32	1634557952	22.1	30273536	1.4	0	0	0	0	0	0	0	0	0	2	0	24576	
03:55:34	0.0	11314.44	192219.32	1634557952	22.1	30273536	1.4	0	0	0	0	0	0	0	0	0	0	0	0	
03:55:36	0.0	11314.44	192221.32	1634557952	22.1	30273536	1.4	0	0	0	0	0	0	0	0	0	5	0	24576	
03:55:38	0.0	11314.44	192223.32	1634557952	22.1	30273536	1.4	0	0	0	0	0	0	0	0	0	0	0	0	
03:55:40	0.0	11314.44	192225.32	1634557952	22.1	30273536	1.4	0	0	0	0	0	0	0	0	0	0	0	0	
03:55:42	0.5	11314.45	192227.31	1634566144	22.1	30273536	1.4	0	0	0	0	0	0	0	0	0	2	0	8192	
03:55:44	0.0	11314.45	192229.31	1634566144	22.1	30273536	1.4	0	0	0	0	0	0	0	0	0	0	0	0	
03:55:46	0.0	11314.45	192231.31	1634566144	22.1	30273536	1.4	0	0	0	0	0	0	0	0	0	0	0	0	
03:55:48	0.0	11314.45	192233.31	1634566144	22.1	30273536	1.4	0	0	0	0	0	0	0	0	0	0	0	0	
03:55:50	0.0	11314.45	192235.3	1634566144	22.1	30273536	1.4	0	0	0	0	0	0	0	0	0	0	0	0	
03:55:52	0.0	11314.45	192237.3	1634566144	22.1	30273536	1.4	0	0	0	0	0	0	0	0	0	0	0	0	
03:55:54	0.0	11314.45	192239.3	1634566144	22.1	30273536	1.4	0	0	0	0	0	0	0	0	0	0	0	0	
03:55:56	0.0	11314.45	192241.3	1634566144	22.1	30273536	1.4	0	0	0	0	0	0	0	0	0	0	0	0	
03:55:58	0.0	11314.45	192243.29	1634566144	22.1	30273536	1.4	0	0	0	0	0	0	0	0	0	0	0	0	
03:56:00	0.0	11314.45	192245.29	1634566144	22.1	30273536	1.4	0	0	0	0	0	0	0	0	0	0	0	0	
03:56:02	0.0	11314.45	192247.28	1634566144	22.1	30273536	1.4	12904	198	6	3	0	0	0	0	0	2	0	24576	
03:56:04	0.0	11314.45	192249.28	1634566144	22.1	30273536	1.4	0	0	0	0	0	0	0	0	0	0	0	0	
03:56:06	0.0	11314.45	192251.28	1634566144	22.1	30273536	1.4	60	60	1	1	0	0	0	0	0	5	0	24576	
03:56:08	0.0	11314.45	192253.28	1634566144	22.1	30273536	1.4	0	0	0	0	0	0	0	0	0	0	0	0	
03:56:10	0.5	11314.45	192255.28	1634566144	22.1	30273536	1.4	0	0	0	0	0	0	0	0	0	0	0	0	
03:56:12	0.5	11314.46	192257.27	1634566144	22.1	30273536	1.4	0	0	0	0	0	0	0	0	0	0	0	0	
03:56:14	0.0	11314.46	192259.27	1634566144	22.1	30273536	1.4	0	0	0	0	0	0	0	0	0	0	0	0	
03:56:16	0.0	11314.46	192261.27	1634566144	22.1	30273536	1.4	0	0	0	0	0	0	0	0	0	0	0	0	
03:56:18	0.0	11314.46	192263.27	1634566144	22.1	30273536	1.4	0	0	0	0	0	0	0	0	0	0	0	0	
03:56:20	0.0	11314.46	192265.26	1634566144	22.1	30273536	1.4	0	0	0	0	0	0	0	0	0	0	0	0	
03:56:22	0.0	11314.46	192267.26	1634566144	22.1	30273536	1.4	0	120	0	2	0	0	0	0	0	0	0	0	
03:56:24	0.0	11314.46	192269.26	1634566144	22.1	30273536	1.4	60	0	1	0	0	0	0	0	0	0	0	0	
03:56:26	0.0	11314.46	192271.26	1634566144	22.1	30273536	1.4	0	0	0	0	0	0	0	0	0	0	0	0	
03:56:28	0.0	11314.46	192273.26	1634566144	22.1	30273536	1.4	0	0	0	0	0	0	0	0	0	0	0	0	
03:56:30	0.0	11314.46	192275.25	1634566144	22.1	30273536	1.4	0	0	0	0	0	0	0	0	0	0	0	0	
03:56:32	0.0	11314.46	192277.25	1634574336	22.1	30273536	1.4	0	0	0	0	0	0	0	0	0	2	0	24576	
03:56:34	0.0	11314.46	192279.25	1634574336	22.1	30273536	1.4	0	0	0	0	0	0	0	0	0	0	0	0	
03:56:36	0.0	11314.46	192281.25	1634574336	22.1	30273536	1.4	0	0	0	0	0	0	0	0	0	5	0	24576	
03:56:38	0.0	11314.46	192283.24	1634574336	22.1	30273536	1.4	0	0	0	0	0	0	0	0	0	0	0	0	
03:56:40	0.0	11314.46	192285.24	1634574336	22.1	30273536	1.4	0	0	0	0	0	0	0	0	0	0	0	0	
03:56:42	0.0	11314.46	192287.24	1634582528	22.1	30273536	1.4	0	0	0	0	0	0	0	0	0	2	0	8192	
03:56:44	0.0	11314.46	192289.23	1634582528	22.1	30273536	1.4	0	0	0	0	0	0	0	0	0	0	0	0	
03:56:46	0.0	11314.46	192291.23	1634582528	22.1	30273536	1.4	0	194	0	2	0	0	0	0	0	0	0	0	
03:56:48	0.0	11314.46	192293.23	1634582528	22.1	30273536	1.4	0	0	0	0	0	0	0	0	0	0	0	0	
03:56:50	0.0	11314.46	192295.23	1634582528	22.1	30273536	1.4	0	0	0	0	0	0	0	0	0	0	0	0	
03:56:52	0.0	11314.46	192297.22	1634582528	22.1	30273536	1.4	194	0	2	0	0	0	0	0	0	0	0	0	
03:56:54	0.0	11314.46	192299.22	1634582528	22.1	30273536	1.4	14328	198	6	3	0	0	0	0	0	0	0	0	
03:56:56	0.0	11314.46	192301.22	1634582528	22.1	30273536	1.4	0	0	0	0	0	0	0	0	0	0	0	0	
03:56:58	0.5	11314.46	192303.21	1634582528	22.1	30273536	1.4	60	120	1	2	0	0	0	0	0	0	0	0	
03:57:00	0.0	11314.46	192305.21	1634582528	22.1	30273536	1.4	0	0	0	0	0	0	0	0	0	0	0	0	
03:57:02	0.0	11314.46	192307.2	1634582528	22.1	30273536	1.4	0	0	0	0	0	0	0	0	0	2	0	24576	
03:57:04	0.0	11314.46	192309.2	1634582528	22.1	30273536	1.4	0	0	0	0	0	0	0	0	0	0	0	0	
03:57:06	0.0	11314.46	192311.2	1634582528	22.1	30273536	1.4	0	0	0	0	0	0	0	0	0	5	0	24576	
03:57:08	0.0	11314.46	192313.2	1634582528	22.1	30273536	1.4	0	0	0	0	0	0	0	0	0	0	0	0	
03:57:10	0.0	11314.46	192315.19	1634582528	22.1	30273536	1.4	0	0	0	0	0	0	0	0	0	0	0	0	
03:57:12	0.0	11314.46	192317.19	1634582528	22.1	30273536	1.4	0	0	0	0	0	0	0	0	0	0	0	0	
03:57:14	0.0	11314.46	192319.19	1634582528	22.1	30273536	1.4	0	0	0	0	0	0	0	0	0	0	0	0	
03:57:16	0.0	11314.46	192321.19	1634582528	22.1	30273536	1.4	0	0	0	0	0	0	0	0	0	0	0	0	
03:57:18	0.0	11314.46	192323.18	1634582528	22.1	30273536	1.4	0	0	0	0	0	0	0	0	0	0	0	0	
03:57:20	0.0	11314.46	192325.18	1634582528	22.1	30273536	1.4	0	0	0	0	0	0	0	0	0	0	0	0	
03:57:22	0.0	11314.46	192327.18	1634582528	22.1	30273536	1.4	0	0	0	0	0	0	0	0	0	0	0	0	
03:57:24	0.0	11314.46	192329.18	1634582528	22.1	30273536	1.4	0	0	0	0	0	0	0	0	0	0	0	0	
03:57:26	0.0	11314.46	192331.18	1634582528	22.1	30273536	1.4	0	0	0	0	0	0	0	0	0	0	0	0	
03:57:28	0.0	11314.46	192333.17	1634582528	22.1	30273536	1.4	0	0	0	0	0	0	0	0	0	0	0	0	
03:57:30	0.0	11314.46	192335.17	1634582528	22.1	30273536	1.4	0	0	0	0	0	0	0	0	0	0	0	0	
03:57:32	0.0	11314.46	192337.17	1634590720	22.1	30273536	1.4	0	0	0	0	0	0	0	0	0	2	0	24576	
03:57:34	0.0	11314.46	192339.17	1634590720	22.1	30273536	1.4	0	0	0	0	0	0	0	0	0	0	0	0	
03:57:36	0.0	11314.46	192341.16	1634463744	22.1	30273536	1.4	0	0	0	0	0	0	0	0	0	5	0	24576	
03:57:38	0.0	11314.46	192343.16	1634463744	22.1	30273536	1.4	0	0	0	0	0	0	0	0	0	0	0	0	
03:57:40	0.0	11314.46	192345.16	1634463744	22.1	30273536	1.4	0	0	0	0	0	0	0	0	0	0	0	0	
03:57:42	0.0	11314.46	192347.16	1634471936	22.1	30273536	1.4	0	0	0	0	0	0	0	0	0	2	0	8192	
03:57:44	0.0	11314.46	192349.15	1634471936	22.1	30273536	1.4	0	253	0	1	0	0	0	0	0	0	0	0	
03:57:46	0.0	11314.47	192351.15	1634439168	22.1	30273536	1.4	14320	264	6	4	0	0	0	0	0	0	0	0	
03:57:48	0.0	11314.47	192353.15	1634439168	22.1	30273536	1.4	0	0	0	0	0	0	0	0	0	0	0	0	
03:57:50	0.0	11314.47	192355.15	1634439168	22.1	30273536	1.4	60	60	1	1	0	0	0	0	0	0	0	0	
03:57:52	0.0	11314.47	192357.14	1634439168	22.1	30273536	1.4	0	0	0	0	0	0	0	0	0	0	0	0	
03:57:54	0.0	11314.47	192359.14	1634439168	22.1	30273536	1.4	0	0	0	0	0	0	0	0	0	0	0	0	
03:57:56	0.0	11314.47	192361.14	1634439168	22.1	30273536	1.4	0	0	0	0	0	0	0	0	0	0	0	0	
03:57:58	0.0	11314.47	192363.13	1634439168	22.1	30273536	1.4	0	0	0	0	0	0	0	0	0	0	0	0	
03:58:00	0.0	11314.47	192365.13	1634439168	22.1	30273536	1.4	0	0	0	0	0	0	0	0	0	0	0	0	
03:58:02	0.0	11314.47	192367.12	1634439168	22.1	30273536	1.4	0	0	0	0	0	0	0	0	0	2	0	24576	
03:58:04	0.0	11314.47	192369.12	1634439168	22.1	30273536	1.4	0	0	0	0	0	0	0	0	0	0	0	0	
03:58:06	0.0	11314.47	192371.12	1634439168	22.1	30273536	1.4	0	0	0	0	0	0	0	0	0	5	0	24576	
03:58:08	0.0	11314.47	192373.12	1634439168	22.1	30273536	1.4	0	0	0	0	0	0	0	0	0	0	0	0	
03:58:10	0.0	11314.47	192375.11	1634439168	22.1	30273536	1.4	0	0	0	0	0	0	0	0	0	0	0	0	
03:58:12	0.0	11314.47	192377.11	1634439168	22.1	30273536	1.4	0	0	0	0	0	0	0	0	0	0	0	0	
03:58:14	0.0	11314.47	192379.1	1634439168	22.1	30273536	1.4	0	0	0	0	0	0	0	0	0	0	0	0	
03:58:16	0.0	11314.47	192381.1	1634439168	22.1	30273536	1.4	0	0	0	0	0	0	0	0	0	0	0	0	
03:58:18	0.0	11314.47	192383.1	1634439168	22.1	30273536	1.4	0	0	0	0	0	0	0	0	0	0	0	0	
03:58:20	0.0	11314.47	192385.1	1634439168	22.1	30273536	1.4	0	0	0	0	0	0	0	0	0	0	0	0	
03:58:22	0.0	11314.47	192387.1	1634439168	22.1	30273536	1.4	0	0	0	0	0	0	0	0	0	0	0	0	
03:58:24	0.0	11314.47	192389.09	1634439168	22.1	30273536	1.4	0	0	0	0	0	0	0	0	0	0	0	0	
03:58:26	0.0	11314.47	192391.09	1634439168	22.1	30273536	1.4	0	120	0	2	0	0	0	0	0	0	0	0	
03:58:28	0.0	11314.47	192393.09	1634439168	22.1	30273536	1.4	0	0	0	0	0	0	0	0	0	0	0	0	
03:58:30	0.0	11314.47	192395.08	1634439168	22.1	30273536	1.4	0	0	0	0	0	0	0	0	0	0	0	0	
03:58:32	0.0	11314.47	192397.08	1634447360	22.1	30273536	1.4	0	0	0	0	0	0	0	0	0	2	0	24576	
03:58:34	0.0	11314.47	192399.08	1634447360	22.1	30273536	1.4	0	253	0	1	0	0	0	0	0	0	0	0	
03:58:36	0.0	11314.47	192401.08	1634447360	22.1	30273536	1.4	0	0	0	0	0	0	0	0	0	5	0	24576	
03:58:38	0.0	11314.47	192403.07	1634447360	22.1	30273536	1.4	14328	0	6	0	0	0	0	0	0	0	0	0	
03:58:40	0.0	11314.47	192405.07	1634447360	22.1	30273536	1.4	0	198	0	3	0	0	0	0	0	0	0	0	
03:58:42	0.0	11314.47	192407.07	1634455552	22.1	30273536	1.4	0	0	0	0	0	0	0	0	0	2	0	8192	
03:58:44	0.0	11314.47	192409.06	1634455552	22.1	30273536	1.4	60	60	1	1	0	0	0	0	0	0	0	0	
03:58:46	0.0	11314.47	192411.06	1634455552	22.1	30273536	1.4	0	0	0	0	0	0	0	0	0	0	0	0	
03:58:48	0.5	11314.47	192413.06	1634455552	22.1	30273536	1.4	0	0	0	0	0	0	0	0	0	0	0	0	
03:58:50	0.0	11314.47	192415.06	1634455552	22.1	30273536	1.4	0	0	0	0	0	0	0	0	0	0	0	0	
03:58:52	0.0	11314.47	192417.06	1634455552	22.1	30273536	1.4	0	0	0	0	0	0	0	0	0	0	0	0	
03:58:54	0.0	11314.47	192419.05	1634455552	22.1	30273536	1.4	0	0	0	0	0	0	0	0	0	0	0	0	
03:58:56	0.0	11314.47	192421.05	1634455552	22.1	30273536	1.4	0	0	0	0	0	0	0	0	0	0	0	0	
03:58:58	0.5	11314.47	192423.04	1634455552	22.1	30273536	1.4	0	194	0	2	0	0	0	0	0	0	0	0	
03:59:00	0.0	11314.47	192425.04	1634455552	22.1	30273536	1.4	0	0	0	0	0	0	0	0	0	0	0	0	
03:59:02	0.0	11314.47	192427.04	1634455552	22.1	30273536	1.4	0	0	0	0	0	0	0	0	0	2	0	24576	
03:59:04	0.0	11314.47	192429.03	1634455552	22.1	30273536	1.4	0	60	0	1	0	0	0	0	0	0	0	0	
03:59:06	0.0	11314.47	192431.03	1634455552	22.1	30273536	1.4	0	0	0	0	0	0	0	0	0	5	0	24576	
03:59:08	0.0	11314.47	192433.03	1634455552	22.1	30273536	1.4	0	0	0	0	0	0	0	0	0	0	0	0	
03:59:10	0.0	11314.47	192435.02	1634455552	22.1	30273536	1.4	0	0	0	0	0	0	0	0	0	0	0	0	
03:59:12	0.5	11314.48	192437.02	1634455552	22.1	30273536	1.4	0	0	0	0	0	0	0	0	0	0	0	0	
03:59:15	0.0	11314.48	192439.02	1634455552	22.1	30273536	1.4	0	0	0	0	0	0	0	0	0	0	0	0	
03:59:17	0.0	11314.48	192441.02	1634455552	22.1	30273536	1.4	0	0	0	0	0	0	0	0	0	0	0	0	
03:59:19	0.0	11314.48	192443.02	1634455552	22.1	30273536	1.4	0	0	0	0	0	0	0	0	0	0	0	0	
03:59:21	0.0	11314.48	192445.01	1634455552	22.1	30273536	1.4	0	0	0	0	0	0	0	0	0	0	0	0	
03:59:23	0.0	11314.48	192447.01	1634455552	22.1	30273536	1.4	0	120	0	2	0	0	0	0	0	0	0	0	
03:59:25	0.0	11314.48	192449.01	1634455552	22.1	30273536	1.4	0	120	0	2	0	0	0	0	0	0	0	0	
03:59:27	0.0	11314.48	192451.01	1634455552	22.1	30273536	1.4	0	0	0	0	0	0	0	0	0	0	0	0	
03:59:29	0.0	11314.48	192453.0	1634455552	22.1	30273536	1.4	0	120	0	2	0	0	0	0	0	0	0	0	
03:59:31	0.0	11314.48	192455.0	1634455552	22.1	30273536	1.4	14344	0	6	0	0	0	0	0	0	0	0	0	
03:59:33	0.0	11314.48	192457.0	1634463744	22.1	30273536	1.4	0	264	0	4	0	0	0	0	0	2	0	24576	
03:59:35	0.0	11314.48	192459.0	1634463744	22.1	30273536	1.4	0	0	0	0	0	0	0	0	0	0	0	0	
03:59:37	0.0	11314.48	192460.99	1634463744	22.1	30273536	1.4	60	60	1	1	0	0	0	0	0	5	0	24576	
03:59:39	0.0	11314.48	192462.99	1634463744	22.1	30273536	1.4	0	0	0	0	0	0	0	0	0	0	0	0	
03:59:41	0.0	11314.48	192464.99	1634463744	22.1	30273536	1.4	0	0	0	0	0	0	0	0	0	0	0	0	
03:59:43	0.0	11314.48	192466.98	1634471936	22.1	30273536	1.4	0	0	0	0	0	0	0	0	0	2	0	8192	
03:59:45	0.0	11314.48	192468.98	1634471936	22.1	30273536	1.4	0	0	0	0	0	0	0	0	0	0	0	0	
03:59:47	0.0	11314.48	192470.98	1634471936	22.1	30273536	1.4	0	0	0	0	0	0	0	0	0	0	0	0	
03:59:49	0.0	11314.48	192472.98	1634471936	22.1	30273536	1.4	0	0	0	0	0	0	0	0	0	0	0	0	
03:59:51	0.0	11314.48	192474.98	1634471936	22.1	30273536	1.4	0	0	0	0	0	0	0	0	0	0	0	0	
03:59:53	0.0	11314.48	192476.96	1632374784	22.2	30273536	1.4	0	0	0	0	0	0	0	0	0	0	0	0	
03:59:55	0.0	11314.48	192478.96	1632374784	22.2	30273536	1.4	0	0	0	0	0	0	0	0	0	0	0	0	
03:59:57	0.0	11314.48	192480.96	1632374784	22.2	30273536	1.4	0	0	0	0	0	0	0	0	0	5	0	24576	
03:59:59	0.5	11314.48	192482.94	1632374784	22.2	30273536	1.4	0	0	0	0	0	0	0	0	0	0	0	0	
04:00:01	0.0	11314.48	192484.94	1632382976	22.2	30273536	1.4	0	0	0	0	0	0	0	0	0	0	0	0	
04:00:03	0.0	11314.48	192486.94	1632382976	22.2	30273536	1.4	0	0	0	0	0	0	0	0	0	2	0	32768	
04:00:05	0.0	11314.48	192488.94	1632382976	22.2	30273536	1.4	0	0	0	0	0	0	0	0	0	0	0	0	
04:00:07	0.0	11314.48	192490.94	1632382976	22.2	30273536	1.4	0	0	0	0	0	0	0	0	0	5	0	24576	
04:00:09	0.0	11314.48	192492.93	1632382976	22.2	30273536	1.4	0	0	0	0	0	0	0	0	0	0	0	0	
04:00:11	0.0	11314.48	192494.93	1632382976	22.2	30273536	1.4	0	60	0	1	0	0	0	0	0	0	0	0	
04:00:13	0.0	11314.48	192496.93	1632382976	22.2	30273536	1.4	0	0	0	0	0	0	0	0	0	0	0	0	
04:00:15	0.0	11314.48	192498.92	1632382976	22.2	30273536	1.4	0	0	0	0	0	0	0	0	0	0	0	0	
04:00:17	0.0	11314.48	192500.92	1632382976	22.2	30273536	1.4	0	0	0	0	0	0	0	0	0	0	0	0	
04:00:19	0.0	11314.48	192502.92	1632382976	22.2	30273536	1.4	0	0	0	0	0	0	0	0	0	0	0	0	
04:00:21	0.0	11314.48	192504.92	1632382976	22.2	30273536	1.4	0	0	0	0	0	0	0	0	0	0	0	0	
04:00:23	0.0	11314.48	192506.92	1632382976	22.2	30273536	1.4	14336	0	6	0	0	0	0	0	0	0	0	0	
04:00:25	0.0	11314.48	192508.92	1632382976	22.2	30273536	1.4	0	198	0	3	0	0	0	0	0	0	0	0	
04:00:27	0.0	11314.48	192510.92	1632382976	22.2	30273536	1.4	0	0	0	0	0	0	0	0	0	0	0	0	
04:00:29	0.0	11314.48	192512.91	1632382976	22.2	30273536	1.4	60	60	1	1	0	0	0	0	0	0	0	0	
04:00:31	0.0	11314.48	192514.91	1632382976	22.2	30273536	1.4	0	60	0	1	0	0	0	0	0	0	0	0	
04:00:33	0.0	11314.48	192516.91	1632391168	22.2	30273536	1.4	0	180	0	3	0	0	0	0	0	4	0	32768	
04:00:35	0.0	11314.48	192518.9	1632391168	22.2	30273536	1.4	0	0	0	0	0	0	0	0	0	0	0	0	
04:00:37	0.0	11314.48	192520.9	1632391168	22.2	30273536	1.4	0	0	0	0	0	0	0	0	0	0	0	0	
04:00:39	0.0	11314.48	192522.9	1632391168	22.2	30273536	1.4	0	0	0	0	0	0	0	0	0	5	0	24576	
04:00:41	0.0	11314.48	192524.9	1632391168	22.2	30273536	1.4	0	0	0	0	0	0	0	0	0	0	0	0	
04:00:43	0.0	11314.48	192526.9	1632391168	22.2	30273536	1.4	0	0	0	0	0	0	0	0	0	0	0	0	
04:00:45	0.0	11314.48	192528.89	1632391168	22.2	30273536	1.4	0	60	0	1	0	0	0	0	0	0	0	0	
04:00:47	0.0	11314.48	192530.89	1632391168	22.2	30273536	1.4	0	0	0	0	0	0	0	0	0	0	0	0	
04:00:49	0.0	11314.48	192532.89	1632391168	22.2	30273536	1.4	0	60	0	1	0	0	0	0	0	0	0	0	
04:00:51	0.0	11314.48	192534.89	1632391168	22.2	30273536	1.4	0	0	0	0	0	0	0	0	0	0	0	0	
04:00:53	0.0	11314.48	192536.88	1632391168	22.2	30273536	1.4	0	0	0	0	0	0	0	0	0	0	0	0	
04:00:55	0.0	11314.48	192538.88	1632391168	22.2	30273536	1.4	0	0	0	0	0	0	0	0	0	0	0	0	
04:00:57	0.0	11314.48	192540.88	1632391168	22.2	30273536	1.4	0	0	0	0	0	0	0	0	0	0	0	0	
04:00:59	0.5	11314.48	192542.87	1632391168	22.2	30273536	1.4	0	0	0	0	0	0	0	0	0	0	0	0	
04:01:01	0.0	11314.48	192544.87	1632391168	22.2	30273536	1.4	0	0	0	0	0	0	0	0	0	0	0	0	
04:01:03	1.0	11314.48	192546.85	1632395264	22.2	30273536	1.4	0	0	0	0	0	0	0	0	0	2	0	24576	
04:01:05	0.0	11314.48	192548.85	1632395264	22.2	30273536	1.4	0	0	0	0	0	0	0	0	0	0	0	0	
04:01:07	0.0	11314.48	192550.84	1632395264	22.2	30273536	1.4	0	0	0	0	0	0	0	0	0	0	0	0	
04:01:09	0.0	11314.48	192552.84	1632387072	22.2	30273536	1.4	0	60	0	1	0	0	0	0	0	5	0	24576	
04:01:11	0.0	11314.48	192554.84	1632387072	22.2	30273536	1.4	0	0	0	0	0	0	0	0	0	0	0	0	
04:01:13	0.0	11314.48	192556.84	1632395264	22.2	30273536	1.4	0	0	0	0	0	0	0	0	0	2	0	8192	
04:01:15	0.0	11314.48	192558.84	1632395264	22.2	30273536	1.4	0	0	0	0	0	0	0	0	0	0	0	0	
04:01:17	0.0	11314.48	192560.83	1632395264	22.2	30273536	1.4	14328	198	6	3	0	0	0	0	0	0	0	0	
04:01:19	0.0	11314.48	192562.83	1632395264	22.2	30273536	1.4	0	0	0	0	0	0	0	0	0	0	0	0	
04:01:21	0.0	11314.48	192564.83	1632395264	22.2	30273536	1.4	60	60	1	1	0	0	0	0	0	0	0	0	
04:01:23	0.0	11314.48	192566.82	1632395264	22.2	30273536	1.4	0	120	0	2	0	0	0	0	0	0	0	0	
04:01:25	0.0	11314.48	192568.82	1632395264	22.2	30273536	1.4	0	0	0	0	0	0	0	0	0	0	0	0	
04:01:27	0.0	11314.48	192570.82	1632395264	22.2	30273536	1.4	0	0	0	0	0	0	0	0	0	0	0	0	
04:01:29	0.0	11314.48	192572.82	1632395264	22.2	30273536	1.4	0	120	0	2	0	0	0	0	0	0	0	0	
04:01:31	0.0	11314.48	192574.82	1632395264	22.2	30273536	1.4	0	0	0	0	0	0	0	0	0	0	0	0	
04:01:33	0.0	11314.49	192576.81	1632395264	22.2	30273536	1.4	0	0	0	0	0	0	0	0	0	2	0	24576	
04:01:35	0.0	11314.49	192578.81	1632395264	22.2	30273536	1.4	0	0	0	0	0	0	0	0	0	0	0	0	
04:01:37	0.0	11314.49	192580.81	1632395264	22.2	30273536	1.4	0	0	0	0	0	0	0	0	0	0	0	0	
04:01:39	0.0	11314.49	192582.8	1632395264	22.2	30273536	1.4	0	0	0	0	0	0	0	0	0	5	0	24576	
04:01:41	0.0	11314.49	192584.8	1632395264	22.2	30273536	1.4	0	0	0	0	0	0	0	0	0	0	0	0	
04:01:43	0.0	11314.49	192586.8	1632395264	22.2	30273536	1.4	0	0	0	0	0	0	0	0	0	0	0	0	
04:01:45	0.0	11314.49	192588.8	1632395264	22.2	30273536	1.4	0	0	0	0	0	0	0	0	0	0	0	0	
04:01:47	0.0	11314.49	192590.79	1632395264	22.2	30273536	1.4	0	0	0	0	0	0	0	0	0	0	0	0	
04:01:49	0.0	11314.49	192592.79	1632395264	22.2	30273536	1.4	0	60	0	1	0	0	0	0	0	0	0	0	
04:01:51	0.0	11314.49	192594.79	1632395264	22.2	30273536	1.4	0	0	0	0	0	0	0	0	0	0	0	0	
04:01:53	0.0	11314.49	192596.79	1632395264	22.2	30273536	1.4	0	0	0	0	0	0	0	0	0	0	0	0	
04:01:55	0.0	11314.49	192598.78	1632395264	22.2	30273536	1.4	0	0	0	0	0	0	0	0	0	0	0	0	
04:01:57	0.0	11314.49	192600.78	1632395264	22.2	30273536	1.4	0	0	0	0	0	0	0	0	0	0	0	0	
04:01:59	0.5	11314.49	192602.77	1632395264	22.2	30273536	1.4	0	0	0	0	0	0	0	0	0	0	0	0	
04:02:01	0.0	11314.49	192604.77	1632395264	22.2	30273536	1.4	0	0	0	0	0	0	0	0	0	0	0	0	
04:02:03	0.0	11314.49	192606.77	1632403456	22.2	30273536	1.4	0	0	0	0	0	0	0	0	0	2	0	24576	
04:02:05	0.0	11314.49	192608.76	1632403456	22.2	30273536	1.4	0	0	0	0	0	0	0	0	0	0	0	0	
04:02:07	0.0	11314.49	192610.76	1632403456	22.2	30273536	1.4	0	0	0	0	0	0	0	0	0	0	0	0	
04:02:09	0.0	11314.49	192612.76	1632403456	22.2	30273536	1.4	14336	198	6	3	0	0	0	0	0	5	0	24576	
04:02:11	0.0	11314.49	192614.76	1632403456	22.2	30273536	1.4	0	0	0	0	0	0	0	0	0	0	0	0	
04:02:13	0.0	11314.49	192616.75	1632411648	22.2	30273536	1.4	60	60	1	1	0	0	0	0	0	2	0	8192	
04:02:15	0.0	11314.49	192618.75	1632411648	22.2	30273536	1.4	0	0	0	0	0	0	0	0	0	0	0	0	
04:02:17	0.0	11314.49	192620.75	1632411648	22.2	30273536	1.4	0	0	0	0	0	0	0	0	0	0	0	0	
04:02:19	0.0	11314.49	192622.75	1632411648	22.2	30273536	1.4	0	0	0	0	0	0	0	0	0	0	0	0	
04:02:21	0.0	11314.49	192624.74	1632411648	22.2	30273536	1.4	0	0	0	0	0	0	0	0	0	0	0	0	
04:02:23	0.0	11314.49	192626.74	1632411648	22.2	30273536	1.4	0	60	0	1	0	0	0	0	0	0	0	0	
04:02:25	0.0	11314.49	192628.74	1632411648	22.2	30273536	1.4	0	0	0	0	0	0	0	0	0	0	0	0	
04:02:27	0.0	11314.49	192630.74	1632411648	22.2	30273536	1.4	0	0	0	0	0	0	0	0	0	0	0	0	
04:02:29	0.0	11314.49	192632.74	1632411648	22.2	30273536	1.4	0	0	0	0	0	0	0	0	0	0	0	0	
04:02:31	0.0	11314.49	192634.73	1632411648	22.2	30273536	1.4	0	0	0	0	0	0	0	0	0	0	0	0	
04:02:33	0.0	11314.49	192636.73	1632411648	22.2	30273536	1.4	0	0	0	0	0	0	0	0	0	2	0	24576	
04:02:35	0.5	11314.5	192638.73	1632411648	22.2	30273536	1.4	0	0	0	0	0	0	0	0	0	0	0	0	
04:02:37	0.0	11314.5	192640.73	1632411648	22.2	30273536	1.4	0	60	0	1	0	0	0	0	0	0	0	0	
04:02:39	0.0	11314.5	192642.72	1632411648	22.2	30273536	1.4	0	60	0	1	0	0	0	0	0	5	0	24576	
04:02:41	0.0	11314.5	192644.72	1632411648	22.2	30273536	1.4	0	0	0	0	0	0	0	0	0	0	0	0	
04:02:43	0.0	11314.5	192646.72	1632411648	22.2	30273536	1.4	0	0	0	0	0	0	0	0	0	0	0	0	
04:02:45	0.0	11314.5	192648.72	1632411648	22.2	30273536	1.4	0	0	0	0	0	0	0	0	0	0	0	0	
04:02:47	0.0	11314.5	192650.71	1632411648	22.2	30273536	1.4	0	0	0	0	0	0	0	0	0	0	0	0	
04:02:49	0.0	11314.5	192652.71	1632411648	22.2	30273536	1.4	0	0	0	0	0	0	0	0	0	0	0	0	
04:02:51	0.5	11314.5	192654.71	1632411648	22.2	30273536	1.4	0	0	0	0	0	0	0	0	0	0	0	0	
04:02:53	0.0	11314.5	192656.71	1632411648	22.2	30273536	1.4	0	0	0	0	0	0	0	0	0	0	0	0	
04:02:55	0.0	11314.5	192658.7	1632411648	22.2	30273536	1.4	0	0	0	0	0	0	0	0	0	0	0	0	
04:02:57	0.0	11314.5	192660.7	1632411648	22.2	30273536	1.4	0	0	0	0	0	0	0	0	0	0	0	0	
04:02:59	0.5	11314.5	192662.69	1632411648	22.2	30273536	1.4	0	0	0	0	0	0	0	0	0	0	0	0	
04:03:01	0.0	11314.5	192664.69	1632411648	22.2	30273536	1.4	14394	366	7	5	0	0	0	0	0	0	0	0	
04:03:03	0.0	11314.5	192666.69	1632419840	22.2	30273536	1.4	0	0	0	0	0	0	0	0	0	2	0	24576	
04:03:05	0.0	11314.5	192668.68	1632419840	22.2	30273536	1.4	60	60	1	1	0	0	0	0	0	0	0	0	
04:03:07	0.0	11314.5	192670.68	1632419840	22.2	30273536	1.4	0	0	0	0	0	0	0	0	0	0	0	0	
04:03:09	0.0	11314.5	192672.68	1632419840	22.2	30273536	1.4	0	0	0	0	0	0	0	0	0	5	0	24576	
04:03:11	0.0	11314.5	192674.67	1632419840	22.2	30273536	1.4	0	0	0	0	0	0	0	0	0	0	0	0	
04:03:13	0.0	11314.5	192676.67	1632428032	22.2	30273536	1.4	0	0	0	0	0	0	0	0	0	2	0	8192	
04:03:15	0.0	11314.5	192678.67	1632428032	22.2	30273536	1.4	0	0	0	0	0	0	0	0	0	0	0	0	
04:03:17	0.0	11314.5	192680.66	1632428032	22.2	30273536	1.4	0	0	0	0	0	0	0	0	0	0	0	0	
04:03:19	0.0	11314.5	192682.66	1632428032	22.2	30273536	1.4	0	0	0	0	0	0	0	0	0	0	0	0	
04:03:21	0.0	11314.5	192684.66	1632428032	22.2	30273536	1.4	0	0	0	0	0	0	0	0	0	0	0	0	
04:03:23	0.0	11314.5	192686.66	1632428032	22.2	30273536	1.4	0	0	0	0	0	0	0	0	0	0	0	0	
04:03:25	0.0	11314.5	192688.66	1632428032	22.2	30273536	1.4	0	0	0	0	0	0	0	0	0	0	0	0	
04:03:27	0.0	11314.5	192690.66	1632428032	22.2	30273536	1.4	0	0	0	0	0	0	0	0	0	0	0	0	
04:03:29	0.0	11314.5	192692.65	1632428032	22.2	30273536	1.4	0	0	0	0	0	0	0	0	0	0	0	0	
04:03:31	0.0	11314.5	192694.65	1632428032	22.2	30273536	1.4	0	0	0	0	0	0	0	0	0	0	0	0	
04:03:33	0.0	11314.5	192696.65	1632428032	22.2	30273536	1.4	0	0	0	0	0	0	0	0	0	2	0	24576	
04:03:35	0.0	11314.5	192698.64	1632428032	22.2	30273536	1.4	0	0	0	0	0	0	0	0	0	0	0	0	
04:03:37	0.0	11314.5	192700.64	1632428032	22.2	30273536	1.4	298	240	4	3	0	0	0	0	0	0	0	0	
04:03:39	0.0	11314.5	192702.64	1632428032	22.2	30273536	1.4	74	0	1	0	0	0	0	0	0	5	0	24576	
04:03:41	0.0	11314.5	192704.63	1632428032	22.2	30273536	1.4	74	0	1	0	0	0	0	0	0	0	0	0	
04:03:43	0.5	11314.5	192706.63	1632428032	22.2	30273536	1.4	60	60	1	1	0	0	0	0	0	0	0	0	
04:03:45	0.0	11314.5	192708.62	1632428032	22.2	30273536	1.4	74	0	1	0	0	0	0	0	0	0	0	0	
04:03:47	0.0	11314.5	192710.62	1632428032	22.2	30273536	1.4	238	180	3	2	0	0	0	0	0	0	0	0	
04:03:49	0.0	11314.5	192712.62	1632428032	22.2	30273536	1.4	74	0	1	0	0	0	0	0	0	0	0	0	
04:03:51	0.0	11314.5	192714.62	1632428032	22.2	30273536	1.4	74	0	1	0	0	0	0	0	0	0	0	0	
04:03:53	0.0	11314.5	192716.61	1632301056	22.2	30273536	1.4	14402	132	7	2	0	0	0	0	0	5	0	24576	
04:03:55	0.0	11314.5	192718.61	1632301056	22.2	30273536	1.4	74	0	1	0	0	0	0	0	0	0	0	0	
04:03:57	0.0	11314.5	192720.61	1632301056	22.2	30273536	1.4	298	240	4	3	0	0	0	0	0	0	0	0	
04:03:59	0.5	11314.5	192722.6	1632301056	22.2	30273536	1.4	74	0	1	0	0	0	0	0	0	0	0	0	
04:04:01	0.0	11314.5	192724.59	1632301056	22.2	30273536	1.4	74	0	1	0	0	0	0	0	0	0	0	0	
04:04:03	0.0	11314.5	192726.59	1632317440	22.2	30273536	1.4	74	0	1	0	0	0	0	0	0	7	0	49152	
04:04:05	0.0	11314.5	192728.58	1632317440	22.2	30273536	1.4	74	0	1	0	0	0	0	0	0	0	0	0	
04:04:07	0.0	11314.5	192730.58	1632317440	22.2	30273536	1.4	238	180	3	2	0	0	0	0	0	0	0	0	
04:04:09	0.0	11314.5	192732.58	1632317440	22.2	30273536	1.4	74	0	1	0	0	0	0	0	0	6	0	32768	
04:04:11	0.5	11314.5	192734.57	1632317440	22.2	30273536	1.4	74	0	1	0	0	0	0	0	0	0	0	0	
04:04:13	0.5	11314.51	192736.57	1632333824	22.2	30273536	1.4	74	0	1	0	0	0	0	0	0	2	0	8192	
04:04:15	0.0	11314.51	192738.57	1632333824	22.2	30273536	1.4	74	0	1	0	0	0	0	0	0	0	0	0	
04:04:17	0.0	11314.51	192740.56	1632333824	22.2	30273536	1.4	0	0	0	0	0	0	0	0	0	7	0	32768	
04:04:19	0.0	11314.51	192742.56	1632342016	22.2	30273536	1.4	0	0	0	0	0	0	0	0	0	0	0	0	
04:04:21	0.0	11314.51	192744.56	1632342016	22.2	30273536	1.4	0	0	0	0	0	0	0	0	0	0	0	0	
04:04:23	0.0	11314.51	192746.56	1632342016	22.2	30273536	1.4	74	0	1	0	0	0	0	0	0	5	0	24576	
04:04:25	0.0	11314.51	192748.56	1632342016	22.2	30273536	1.4	0	0	0	0	0	0	0	0	0	0	0	0	
04:04:27	0.0	11314.51	192750.55	1632342016	22.2	30273536	1.4	0	0	0	0	0	0	0	0	0	0	0	0	
04:04:29	0.0	11314.51	192752.55	1632342016	22.2	30273536	1.4	0	0	0	0	0	0	0	0	0	0	0	0	
04:04:31	0.0	11314.51	192754.55	1632342016	22.2	30273536	1.4	0	0	0	0	0	0	0	0	0	0	0	0	
04:04:33	0.0	11314.51	192756.54	1632350208	22.2	30273536	1.4	0	0	0	0	0	0	0	0	0	2	0	32768	
04:04:35	0.0	11314.51	192758.54	1632350208	22.2	30273536	1.4	0	0	0	0	0	0	0	0	0	0	0	0	
04:04:37	0.0	11314.51	192760.54	1632350208	22.2	30273536	1.4	0	0	0	0	0	0	0	0	0	0	0	0	
04:04:39	0.0	11314.51	192762.54	1632350208	22.2	30273536	1.4	0	0	0	0	0	0	0	0	0	5	0	24576	
04:04:41	0.0	11314.51	192764.54	1632350208	22.2	30273536	1.4	0	0	0	0	0	0	0	0	0	0	0	0	
04:04:43	0.0	11314.51	192766.53	1632350208	22.2	30273536	1.4	0	120	0	2	0	0	0	0	0	0	0	0	
04:04:45	0.0	11314.51	192768.53	1632350208	22.2	30273536	1.4	14328	198	6	3	0	0	0	0	0	0	0	0	
04:04:47	0.0	11314.51	192770.53	1632350208	22.2	30273536	1.4	0	0	0	0	0	0	0	0	0	4	0	16384	
04:04:49	0.0	11314.51	192772.52	1632358400	22.2	30273536	1.4	60	60	1	1	0	0	0	0	0	0	0	0	
04:04:51	0.0	11314.51	192774.52	1632358400	22.2	30273536	1.4	0	0	0	0	0	0	0	0	0	0	0	0	
04:04:53	0.0	11314.51	192776.52	1632358400	22.2	30273536	1.4	0	0	0	0	0	0	0	0	0	0	0	0	
04:04:55	0.0	11314.51	192778.52	1632358400	22.2	30273536	1.4	0	0	0	0	0	0	0	0	0	0	0	0	
04:04:57	0.0	11314.51	192780.52	1632358400	22.2	30273536	1.4	0	0	0	0	0	0	0	0	0	0	0	0	
04:04:59	1.0	11314.52	192782.51	1632358400	22.2	30273536	1.4	0	0	0	0	0	0	0	0	0	0	0	0	
04:05:01	0.0	11314.52	192784.5	1632358400	22.2	30273536	1.4	0	0	0	0	0	0	0	0	0	0	0	0	
04:05:03	0.0	11314.52	192786.5	1632358400	22.2	30273536	1.4	0	0	0	0	0	0	0	0	0	2	0	24576	
04:05:05	0.0	11314.52	192788.5	1632358400	22.2	30273536	1.4	0	60	0	1	0	0	0	0	0	0	0	0	
04:05:07	0.0	11314.52	192790.5	1632358400	22.2	30273536	1.4	0	0	0	0	0	0	0	0	0	0	0	0	
04:05:09	0.0	11314.52	192792.49	1632358400	22.2	30273536	1.4	0	0	0	0	0	0	0	0	0	5	0	24576	
04:05:11	0.0	11314.52	192794.49	1632358400	22.2	30273536	1.4	0	0	0	0	0	0	0	0	0	0	0	0	
04:05:13	0.0	11314.52	192796.49	1632358400	22.2	30273536	1.4	0	0	0	0	0	0	0	0	0	0	0	0	
04:05:15	0.0	11314.52	192798.48	1632358400	22.2	30273536	1.4	0	0	0	0	0	0	0	0	0	0	0	0	
04:05:17	0.0	11314.52	192800.48	1632358400	22.2	30273536	1.4	0	0	0	0	0	0	0	0	0	5	0	24576	
04:05:19	0.0	11314.52	192802.48	1632358400	22.2	30273536	1.4	0	0	0	0	0	0	0	0	0	0	0	0	
04:05:21	0.0	11314.52	192804.48	1632358400	22.2	30273536	1.4	0	0	0	0	0	0	0	0	0	0	0	0	
04:05:23	0.0	11314.52	192806.48	1632358400	22.2	30273536	1.4	0	253	0	1	0	0	0	0	0	0	0	0	
04:05:25	0.0	11314.52	192808.47	1632358400	22.2	30273536	1.4	0	0	0	0	0	0	0	0	0	0	0	0	
04:05:27	0.0	11314.52	192810.47	1632358400	22.2	30273536	1.4	0	0	0	0	0	0	0	0	0	0	0	0	
04:05:29	0.0	11314.52	192812.47	1632358400	22.2	30273536	1.4	0	0	0	0	0	0	0	0	0	0	0	0	
04:05:31	0.0	11314.52	192814.47	1632358400	22.2	30273536	1.4	0	0	0	0	0	0	0	0	0	0	0	0	
04:05:33	0.0	11314.52	192816.46	1632374784	22.2	30273536	1.4	0	0	0	0	0	0	0	0	0	2	0	32768	
04:05:35	0.0	11314.52	192818.46	1632374784	22.2	30273536	1.4	0	0	0	0	0	0	0	0	0	0	0	0	
04:05:37	0.0	11314.52	192820.46	1632374784	22.2	30273536	1.4	14336	0	6	0	0	0	0	0	0	0	0	0	
04:05:39	0.0	11314.52	192822.46	1632374784	22.2	30273536	1.4	0	198	0	3	0	0	0	0	0	5	0	24576	
04:05:41	0.0	11314.52	192824.46	1632374784	22.2	30273536	1.4	0	60	0	1	0	0	0	0	0	0	0	0	
04:05:43	0.0	11314.52	192826.45	1632382976	22.2	30273536	1.4	60	60	1	1	0	0	0	0	0	2	0	8192	
04:05:45	0.0	11314.52	192828.45	1632382976	22.2	30273536	1.4	0	0	0	0	0	0	0	0	0	0	0	0	
04:05:47	0.0	11314.52	192830.45	1632382976	22.2	30273536	1.4	0	253	0	1	0	0	0	0	0	0	0	0	
04:05:49	0.0	11314.52	192832.45	1632382976	22.2	30273536	1.4	0	0	0	0	0	0	0	0	0	0	0	0	
04:05:51	0.0	11314.52	192834.44	1632382976	22.2	30273536	1.4	0	0	0	0	0	0	0	0	0	0	0	0	
04:05:53	0.0	11314.52	192836.44	1632382976	22.2	30273536	1.4	0	0	0	0	0	0	0	0	0	0	0	0	
04:05:55	0.0	11314.52	192838.44	1632382976	22.2	30273536	1.4	0	0	0	0	0	0	0	0	0	0	0	0	
04:05:57	0.0	11314.52	192840.44	1632382976	22.2	30273536	1.4	0	0	0	0	0	0	0	0	0	0	0	0	
04:05:59	0.0	11314.52	192842.43	1632382976	22.2	30273536	1.4	0	0	0	0	0	0	0	0	0	0	0	0	
04:06:01	0.0	11314.52	192844.42	1632382976	22.2	30273536	1.4	0	0	0	0	0	0	0	0	0	0	0	0	
04:06:03	0.0	11314.52	192846.42	1632382976	22.2	30273536	1.4	0	212	0	3	0	0	0	0	0	2	0	24576	
04:06:05	0.0	11314.52	192848.42	1632382976	22.2	30273536	1.4	0	0	0	0	0	0	0	0	0	0	0	0	
04:06:07	0.0	11314.52	192850.42	1632382976	22.2	30273536	1.4	0	0	0	0	0	0	0	0	0	0	0	0	
04:06:09	0.0	11314.52	192852.42	1632382976	22.2	30273536	1.4	0	0	0	0	0	0	0	0	0	5	0	24576	
04:06:11	0.5	11314.53	192854.41	1632382976	22.2	30273536	1.4	0	0	0	0	0	0	0	0	0	0	0	0	
04:06:13	0.0	11314.53	192856.41	1632382976	22.2	30273536	1.4	0	60	0	1	0	0	0	0	0	0	0	0	
04:06:15	0.0	11314.53	192858.41	1632382976	22.2	30273536	1.4	0	0	0	0	0	0	0	0	0	0	0	0	
04:06:17	0.0	11314.53	192860.4	1632382976	22.2	30273536	1.4	0	0	0	0	0	0	0	0	0	0	0	0	
04:06:19	0.0	11314.53	192862.4	1632382976	22.2	30273536	1.4	0	0	0	0	0	0	0	0	0	0	0	0	
04:06:21	0.0	11314.53	192864.4	1632382976	22.2	30273536	1.4	0	0	0	0	0	0	0	0	0	0	0	0	
04:06:23	0.0	11314.53	192866.4	1632382976	22.2	30273536	1.4	0	0	0	0	0	0	0	0	0	0	0	0	
04:06:25	0.0	11314.53	192868.4	1632382976	22.2	30273536	1.4	0	0	0	0	0	0	0	0	0	0	0	0	
04:06:27	0.0	11314.53	192870.39	1632382976	22.2	30273536	1.4	0	0	0	0	0	0	0	0	0	0	0	0	
04:06:29	0.0	11314.53	192872.39	1632382976	22.2	30273536	1.4	14344	0	6	0	0	0	0	0	0	0	0	0	
04:06:31	0.0	11314.53	192874.39	1632382976	22.2	30273536	1.4	0	198	0	3	0	0	0	0	0	0	0	0	
04:06:33	0.0	11314.53	192876.39	1632391168	22.2	30273536	1.4	0	0	0	0	0	0	0	0	0	2	0	24576	
04:06:35	0.0	11314.53	192878.38	1632391168	22.2	30273536	1.4	60	60	1	1	0	0	0	0	0	0	0	0	
04:06:37	0.0	11314.53	192880.38	1632391168	22.2	30273536	1.4	0	0	0	0	0	0	0	0	0	0	0	0	
04:06:39	0.0	11314.53	192882.38	1632264192	22.2	30273536	1.4	0	0	0	0	0	0	0	0	0	5	0	24576	
04:06:41	0.0	11314.53	192884.37	1632264192	22.2	30273536	1.4	0	0	0	0	0	0	0	0	0	0	0	0	
04:06:43	0.0	11314.53	192886.37	1632272384	22.2	30273536	1.4	0	0	0	0	0	0	0	0	0	2	0	8192	
04:06:45	0.0	11314.53	192888.37	1632272384	22.2	30273536	1.4	0	0	0	0	0	0	0	0	0	0	0	0	
04:06:47	0.0	11314.53	192890.37	1632272384	22.2	30273536	1.4	0	120	0	2	0	0	0	0	0	0	0	0	
04:06:49	0.0	11314.53	192892.36	1632272384	22.2	30273536	1.4	0	240	0	4	0	0	0	0	0	0	0	0	
04:06:51	0.0	11314.53	192894.36	1632272384	22.2	30273536	1.4	0	0	0	0	0	0	0	0	0	0	0	0	
04:06:53	0.0	11314.53	192896.36	1632272384	22.2	30273536	1.4	0	0	0	0	0	0	0	0	0	0	0	0	
04:06:55	0.0	11314.53	192898.36	1632272384	22.2	30273536	1.4	0	0	0	0	0	0	0	0	0	0	0	0	
04:06:57	0.0	11314.53	192900.36	1632272384	22.2	30273536	1.4	0	0	0	0	0	0	0	0	0	0	0	0	
04:06:59	0.5	11314.53	192902.34	1632272384	22.2	30273536	1.4	0	0	0	0	0	0	0	0	0	0	0	0	
04:07:01	0.0	11314.53	192904.34	1632272384	22.2	30273536	1.4	0	0	0	0	0	0	0	0	0	0	0	0	
04:07:03	0.0	11314.53	192906.34	1632272384	22.2	30273536	1.4	0	0	0	0	0	0	0	0	0	2	0	24576	
04:07:05	0.0	11314.53	192908.34	1632272384	22.2	30273536	1.4	0	0	0	0	0	0	0	0	0	0	0	0	
04:07:07	0.5	11314.54	192910.33	1631956992	22.2	30273536	1.4	0	0	0	0	0	0	0	0	0	5	0	24576	
04:07:09	0.0	11314.54	192912.33	1631956992	22.2	30273536	1.4	0	0	0	0	0	0	0	0	0	0	0	0	
04:07:11	0.0	11314.54	192914.32	1631956992	22.2	30273536	1.4	0	0	0	0	0	0	0	0	0	0	0	0	
04:07:13	0.0	11314.54	192916.32	1631956992	22.2	30273536	1.4	0	0	0	0	0	0	0	0	0	0	0	0	
04:07:15	0.0	11314.54	192918.32	1631956992	22.2	30273536	1.4	0	0	0	0	0	0	0	0	0	0	0	0	
04:07:17	0.0	11314.54	192920.32	1631956992	22.2	30273536	1.4	0	0	0	0	0	0	0	0	0	0	0	0	
04:07:19	0.0	11314.54	192922.32	1631956992	22.2	30273536	1.4	0	0	0	0	0	0	0	0	0	0	0	0	
04:07:21	0.0	11314.54	192924.31	1631956992	22.2	30273536	1.4	14336	0	6	0	0	0	0	0	0	0	0	0	
04:07:23	0.0	11314.54	192926.31	1631956992	22.2	30273536	1.4	0	198	0	3	0	0	0	0	0	0	0	0	
04:07:25	0.0	11314.54	192928.31	1631956992	22.2	30273536	1.4	0	0	0	0	0	0	0	0	0	0	0	0	
04:07:27	0.0	11314.54	192930.3	1631956992	22.2	30273536	1.4	60	60	1	1	0	0	0	0	0	0	0	0	
04:07:29	0.0	11314.54	192932.3	1631956992	22.2	30273536	1.4	0	0	0	0	0	0	0	0	0	0	0	0	
04:07:31	0.0	11314.54	192934.3	1631956992	22.2	30273536	1.4	0	0	0	0	0	0	0	0	0	0	0	0	
04:07:33	0.0	11314.54	192936.3	1631965184	22.2	30273536	1.4	0	0	0	0	0	0	0	0	0	2	0	24576	
04:07:35	0.0	11314.54	192938.3	1631965184	22.2	30273536	1.4	0	0	0	0	0	0	0	0	0	0	0	0	
04:07:37	0.0	11314.54	192940.3	1631965184	22.2	30273536	1.4	0	0	0	0	0	0	0	0	0	5	0	24576	
04:07:39	0.0	11314.54	192942.29	1631965184	22.2	30273536	1.4	0	0	0	0	0	0	0	0	0	0	0	0	
04:07:41	0.0	11314.54	192944.29	1631965184	22.2	30273536	1.4	0	0	0	0	0	0	0	0	0	0	0	0	
04:07:43	0.0	11314.54	192946.29	1631973376	22.2	30273536	1.4	0	0	0	0	0	0	0	0	0	2	0	8192	
04:07:45	0.0	11314.54	192948.28	1631973376	22.2	30273536	1.4	0	0	0	0	0	0	0	0	0	0	0	0	
04:07:47	0.0	11314.54	192950.28	1631973376	22.2	30273536	1.4	0	0	0	0	0	0	0	0	0	0	0	0	
04:07:49	0.0	11314.54	192952.28	1631973376	22.2	30273536	1.4	0	0	0	0	0	0	0	0	0	0	0	0	
04:07:51	0.0	11314.54	192954.28	1631973376	22.2	30273536	1.4	0	0	0	0	0	0	0	0	0	0	0	0	
04:07:53	0.0	11314.54	192956.28	1631973376	22.2	30273536	1.4	0	0	0	0	0	0	0	0	0	0	0	0	
04:07:55	0.0	11314.54	192958.27	1631973376	22.2	30273536	1.4	0	0	0	0	0	0	0	0	0	0	0	0	
04:07:57	0.0	11314.54	192960.27	1631973376	22.2	30273536	1.4	0	0	0	0	0	0	0	0	0	0	0	0	
04:07:59	0.0	11314.54	192962.26	1631973376	22.2	30273536	1.4	0	0	0	0	0	0	0	0	0	0	0	0	
04:08:01	0.0	11314.54	192964.26	1631973376	22.2	30273536	1.4	0	0	0	0	0	0	0	0	0	0	0	0	
04:08:03	0.0	11314.54	192966.26	1631973376	22.2	30273536	1.4	0	0	0	0	0	0	0	0	0	2	0	24576	
04:08:05	0.0	11314.54	192968.25	1631973376	22.2	30273536	1.4	0	0	0	0	0	0	0	0	0	0	0	0	
04:08:07	0.0	11314.54	192970.25	1631973376	22.2	30273536	1.4	0	0	0	0	0	0	0	0	0	5	0	24576	
04:08:09	0.0	11314.54	192972.25	1631973376	22.2	30273536	1.4	0	0	0	0	0	0	0	0	0	0	0	0	
04:08:11	0.0	11314.54	192974.24	1631973376	22.2	30273536	1.4	0	0	0	0	0	0	0	0	0	0	0	0	
04:08:13	0.0	11314.54	192976.24	1631973376	22.2	30273536	1.4	0	0	0	0	0	0	0	0	0	0	0	0	
04:08:15	0.0	11314.54	192978.24	1631973376	22.2	30273536	1.4	14336	198	6	3	0	0	0	0	0	0	0	0	
04:08:17	0.0	11314.54	192980.24	1631973376	22.2	30273536	1.4	0	0	0	0	0	0	0	0	0	0	0	0	
04:08:19	0.0	11314.54	192982.24	1631973376	22.2	30273536	1.4	60	60	1	1	0	0	0	0	0	0	0	0	
04:08:21	0.0	11314.54	192984.23	1631973376	22.2	30273536	1.4	0	0	0	0	0	0	0	0	0	0	0	0	
04:08:23	0.0	11314.54	192986.23	1631973376	22.2	30273536	1.4	0	0	0	0	0	0	0	0	0	0	0	0	
04:08:25	0.0	11314.54	192988.23	1631973376	22.2	30273536	1.4	0	60	0	1	0	0	0	0	0	0	0	0	
04:08:27	0.0	11314.54	192990.23	1631973376	22.2	30273536	1.4	0	0	0	0	0	0	0	0	0	0	0	0	
04:08:29	0.0	11314.54	192992.22	1631973376	22.2	30273536	1.4	0	0	0	0	0	0	0	0	0	0	0	0	
04:08:31	0.0	11314.54	192994.22	1631973376	22.2	30273536	1.4	0	0	0	0	0	0	0	0	0	0	0	0	
04:08:33	0.0	11314.54	192996.22	1631981568	22.2	30273536	1.4	0	0	0	0	0	0	0	0	0	2	0	24576	
04:08:35	0.0	11314.54	192998.22	1631981568	22.2	30273536	1.4	0	0	0	0	0	0	0	0	0	0	0	0	
04:08:37	0.0	11314.54	193000.22	1631981568	22.2	30273536	1.4	0	0	0	0	0	0	0	0	0	5	0	24576	
04:08:39	0.0	11314.54	193002.21	1631981568	22.2	30273536	1.4	0	0	0	0	0	0	0	0	0	0	0	0	
04:08:41	0.0	11314.54	193004.21	1631981568	22.2	30273536	1.4	0	0	0	0	0	0	0	0	0	0	0	0	
04:08:43	0.0	11314.54	193006.21	1631989760	22.2	30273536	1.4	0	0	0	0	0	0	0	0	0	2	0	8192	
04:08:45	0.0	11314.54	193008.2	1631989760	22.2	30273536	1.4	0	0	0	0	0	0	0	0	0	0	0	0	
04:08:47	0.0	11314.54	193010.2	1631989760	22.2	30273536	1.4	0	0	0	0	0	0	0	0	0	0	0	0	
04:08:49	0.0	11314.54	193012.2	1631989760	22.2	30273536	1.4	0	120	0	2	0	0	0	0	0	0	0	0	
04:08:51	0.0	11314.54	193014.2	1631989760	22.2	30273536	1.4	0	120	0	2	0	0	0	0	0	0	0	0	
04:08:53	0.0	11314.54	193016.2	1631989760	22.2	30273536	1.4	0	0	0	0	0	0	0	0	0	0	0	0	
04:08:55	0.0	11314.54	193018.2	1631989760	22.2	30273536	1.4	0	0	0	0	0	0	0	0	0	0	0	0	
04:08:57	0.0	11314.54	193020.19	1631989760	22.2	30273536	1.4	0	0	0	0	0	0	0	0	0	0	0	0	
04:08:59	1.0	11314.55	193022.18	1631989760	22.2	30273536	1.4	0	0	0	0	0	0	0	0	0	0	0	0	
04:09:01	0.0	11314.55	193024.18	1631989760	22.2	30273536	1.4	0	0	0	0	0	0	0	0	0	0	0	0	
04:09:03	0.0	11314.55	193026.18	1631989760	22.2	30273536	1.4	0	60	0	1	0	0	0	0	0	2	0	24576	
04:09:05	0.0	11314.55	193028.18	1631989760	22.2	30273536	1.4	0	0	0	0	0	0	0	0	0	0	0	0	
04:09:07	0.0	11314.55	193030.17	1631989760	22.2	30273536	1.4	12896	264	6	4	0	0	0	0	0	0	0	0	
04:09:09	0.0	11314.55	193032.17	1631989760	22.2	30273536	1.4	0	0	0	0	0	0	0	0	0	5	0	24576	
04:09:11	0.0	11314.55	193034.16	1631989760	22.2	30273536	1.4	60	60	1	1	0	0	0	0	0	0	0	0	
04:09:13	0.0	11314.55	193036.16	1631989760	22.2	30273536	1.4	0	0	0	0	0	0	0	0	0	0	0	0	
04:09:15	0.0	11314.55	193038.16	1631989760	22.2	30273536	1.4	0	0	0	0	0	0	0	0	0	0	0	0	
04:09:17	0.0	11314.55	193040.16	1631989760	22.2	30273536	1.4	0	0	0	0	0	0	0	0	0	0	0	0	
04:09:19	0.0	11314.55	193042.16	1631989760	22.2	30273536	1.4	0	0	0	0	0	0	0	0	0	0	0	0	
04:09:21	0.0	11314.55	193044.16	1631989760	22.2	30273536	1.4	0	0	0	0	0	0	0	0	0	0	0	0	
04:09:23	0.0	11314.55	193046.15	1631989760	22.2	30273536	1.4	0	0	0	0	0	0	0	0	0	0	0	0	
04:09:25	0.0	11314.55	193048.15	1631989760	22.2	30273536	1.4	0	0	0	0	0	0	0	0	0	0	0	0	
04:09:27	0.0	11314.55	193050.15	1631989760	22.2	30273536	1.4	0	0	0	0	0	0	0	0	0	0	0	0	
04:09:29	0.0	11314.55	193052.14	1631989760	22.2	30273536	1.4	0	0	0	0	0	0	0	0	0	0	0	0	
04:09:31	0.0	11314.55	193054.14	1631989760	22.2	30273536	1.4	0	0	0	0	0	0	0	0	0	0	0	0	
04:09:33	0.0	11314.55	193056.14	1631997952	22.2	30273536	1.4	0	0	0	0	0	0	0	0	0	2	0	24576	
04:09:35	0.0	11314.55	193058.14	1631997952	22.2	30273536	1.4	0	0	0	0	0	0	0	0	0	0	0	0	
04:09:37	0.0	11314.55	193060.14	1631997952	22.2	30273536	1.4	0	0	0	0	0	0	0	0	0	0	0	0	
04:09:39	0.0	11314.55	193062.13	1631997952	22.2	30273536	1.4	0	0	0	0	0	0	0	0	0	5	0	24576	
04:09:41	0.0	11314.55	193064.13	1631997952	22.2	30273536	1.4	0	60	0	1	0	0	0	0	0	0	0	0	
04:09:43	0.0	11314.55	193066.12	1632006144	22.2	30273536	1.4	0	0	0	0	0	0	0	0	0	2	0	8192	
04:09:45	0.0	11314.55	193068.12	1632006144	22.2	30273536	1.4	0	253	0	1	0	0	0	0	0	0	0	0	
04:09:47	0.0	11314.55	193070.12	1632006144	22.2	30273536	1.4	0	0	0	0	0	0	0	0	0	0	0	0	
04:09:49	0.0	11314.55	193072.12	1632006144	22.2	30273536	1.4	0	0	0	0	0	0	0	0	0	0	0	0	
04:09:51	0.0	11314.55	193074.12	1632006144	22.2	30273536	1.4	0	60	0	1	0	0	0	0	0	0	0	0	
04:09:53	0.0	11314.55	193076.12	1632006144	22.2	30273536	1.4	0	0	0	0	0	0	0	0	0	0	0	0	
04:09:55	0.0	11314.55	193078.11	1632006144	22.2	30273536	1.4	0	0	0	0	0	0	0	0	0	0	0	0	
04:09:57	0.0	11314.55	193080.11	1632006144	22.2	30273536	1.4	0	0	0	0	0	0	0	0	0	0	0	0	
04:09:59	1.0	11314.56	193082.1	1632006144	22.2	30273536	1.4	14320	264	6	4	0	0	0	0	0	0	0	0	
04:10:01	0.0	11314.56	193084.1	1632006144	22.2	30273536	1.4	0	0	0	0	0	0	0	0	0	0	0	0	
04:10:03	0.0	11314.56	193086.1	1632006144	22.2	30273536	1.4	60	60	1	1	0	0	0	0	0	2	0	24576	
04:10:05	0.0	11314.56	193088.09	1632006144	22.2	30273536	1.4	0	0	0	0	0	0	0	0	0	0	0	0	
04:10:07	0.0	11314.56	193090.09	1632006144	22.2	30273536	1.4	0	0	0	0	0	0	0	0	0	0	0	0	
04:10:09	0.0	11314.56	193092.09	1632006144	22.2	30273536	1.4	0	0	0	0	0	0	0	0	0	5	0	24576	
04:10:11	0.0	11314.56	193094.08	1632006144	22.2	30273536	1.4	0	0	0	0	0	0	0	0	0	0	0	0	
04:10:13	0.0	11314.56	193096.08	1632006144	22.2	30273536	1.4	0	0	0	0	0	0	0	0	0	0	0	0	
04:10:15	0.0	11314.56	193098.08	1632006144	22.2	30273536	1.4	0	0	0	0	0	0	0	0	0	0	0	0	
04:10:17	0.0	11314.56	193100.08	1632006144	22.2	30273536	1.4	0	0	0	0	0	0	0	0	0	0	0	0	
04:10:19	0.0	11314.56	193102.08	1632006144	22.2	30273536	1.4	0	0	0	0	0	0	0	0	0	0	0	0	
04:10:21	0.0	11314.56	193104.07	1632006144	22.2	30273536	1.4	0	0	0	0	0	0	0	0	0	0	0	0	
04:10:23	0.0	11314.56	193106.07	1632006144	22.2	30273536	1.4	0	0	0	0	0	0	0	0	0	0	0	0	
04:10:25	0.0	11314.56	193108.07	1632006144	22.2	30273536	1.4	0	0	0	0	0	0	0	0	0	0	0	0	
04:10:27	0.0	11314.56	193110.07	1632006144	22.2	30273536	1.4	0	0	0	0	0	0	0	0	0	0	0	0	
04:10:29	0.0	11314.56	193112.06	1632006144	22.2	30273536	1.4	0	0	0	0	0	0	0	0	0	0	0	0	
04:10:31	0.0	11314.56	193114.06	1632006144	22.2	30273536	1.4	0	0	0	0	0	0	0	0	0	0	0	0	
04:10:33	0.0	11314.56	193116.06	1632014336	22.2	30273536	1.4	0	253	0	1	0	0	0	0	0	2	0	24576	
04:10:35	0.0	11314.56	193118.06	1632014336	22.2	30273536	1.4	0	0	0	0	0	0	0	0	0	0	0	0	
04:10:37	0.0	11314.56	193120.06	1632014336	22.2	30273536	1.4	0	0	0	0	0	0	0	0	0	0	0	0	
04:10:39	0.0	11314.56	193122.05	1632014336	22.2	30273536	1.4	0	0	0	0	0	0	0	0	0	5	0	24576	
04:10:41	0.0	11314.56	193124.05	1632014336	22.2	30273536	1.4	0	0	0	0	0	0	0	0	0	0	0	0	
04:10:43	0.0	11314.56	193126.05	1632022528	22.2	30273536	1.4	0	0	0	0	0	0	0	0	0	2	0	8192	
04:10:45	0.0	11314.56	193128.04	1632022528	22.2	30273536	1.4	0	0	0	0	0	0	0	0	0	0	0	0	
04:10:47	0.0	11314.56	193130.04	1632022528	22.2	30273536	1.4	0	0	0	0	0	0	0	0	0	0	0	0	
04:10:49	0.0	11314.56	193132.04	1632022528	22.2	30273536	1.4	0	0	0	0	0	0	0	0	0	0	0	0	
04:10:51	0.0	11314.56	193134.04	1632022528	22.2	30273536	1.4	14336	198	6	3	0	0	0	0	0	0	0	0	
04:10:53	0.0	11314.56	193136.04	1632022528	22.2	30273536	1.4	0	0	0	0	0	0	0	0	0	0	0	0	
04:10:55	0.0	11314.56	193138.03	1632022528	22.2	30273536	1.4	60	60	1	1	0	0	0	0	0	0	0	0	
04:10:57	0.0	11314.56	193140.03	1632022528	22.2	30273536	1.4	60	120	1	2	0	0	0	0	0	0	0	0	
04:10:59	0.0	11314.56	193142.02	1632022528	22.2	30273536	1.4	0	0	0	0	0	0	0	0	0	0	0	0	
04:11:01	0.0	11314.56	193144.02	1632022528	22.2	30273536	1.4	0	0	0	0	0	0	0	0	0	0	0	0	
04:11:03	0.0	11314.56	193146.02	1632022528	22.2	30273536	1.4	0	0	0	0	0	0	0	0	0	2	0	24576	
04:11:05	0.0	11314.56	193148.01	1632022528	22.2	30273536	1.4	0	0	0	0	0	0	0	0	0	0	0	0	
04:11:07	0.0	11314.56	193150.01	1632022528	22.2	30273536	1.4	0	0	0	0	0	0	0	0	0	0	0	0	
04:11:09	0.0	11314.56	193152.01	1632022528	22.2	30273536	1.4	0	0	0	0	0	0	0	0	0	5	0	24576	
04:11:11	0.0	11314.56	193154.0	1632022528	22.2	30273536	1.4	0	0	0	0	0	0	0	0	0	0	0	0	
04:11:13	0.0	11314.56	193156.0	1632022528	22.2	30273536	1.4	0	0	0	0	0	0	0	0	0	0	0	0	
04:11:15	0.0	11314.56	193158.0	1632022528	22.2	30273536	1.4	0	0	0	0	0	0	0	0	0	0	0	0	
04:11:17	0.0	11314.56	193160.0	1632022528	22.2	30273536	1.4	0	0	0	0	0	0	0	0	0	0	0	0	
04:11:19	0.0	11314.56	193162.0	1632022528	22.2	30273536	1.4	0	0	0	0	0	0	0	0	0	0	0	0	
04:11:21	0.0	11314.56	193164.0	1632022528	22.2	30273536	1.4	0	0	0	0	0	0	0	0	0	0	0	0	
04:11:23	0.0	11314.56	193165.99	1632022528	22.2	30273536	1.4	0	0	0	0	0	0	0	0	0	0	0	0	
04:11:25	0.0	11314.56	193167.99	1632022528	22.2	30273536	1.4	0	0	0	0	0	0	0	0	0	0	0	0	
04:11:27	0.0	11314.56	193169.99	1632022528	22.2	30273536	1.4	0	0	0	0	0	0	0	0	0	0	0	0	
04:11:29	0.0	11314.56	193171.99	1632022528	22.2	30273536	1.4	0	0	0	0	0	0	0	0	0	0	0	0	
04:11:31	0.0	11314.56	193173.98	1632022528	22.2	30273536	1.4	0	0	0	0	0	0	0	0	0	0	0	0	
04:11:33	0.0	11314.56	193175.98	1632030720	22.2	30273536	1.4	0	0	0	0	0	0	0	0	0	2	0	24576	
04:11:36	0.0	11314.56	193177.98	1632030720	22.2	30273536	1.4	0	0	0	0	0	0	0	0	0	0	0	0	
04:11:38	0.0	11314.56	193179.98	1632030720	22.2	30273536	1.4	0	0	0	0	0	0	0	0	0	0	0	0	
04:11:40	0.0	11314.56	193181.97	1632030720	22.2	30273536	1.4	0	0	0	0	0	0	0	0	0	5	0	24576	
04:11:42	0.0	11314.56	193183.97	1632030720	22.2	30273536	1.4	0	0	0	0	0	0	0	0	0	0	0	0	
04:11:44	0.0	11314.56	193185.96	1632038912	22.2	30273536	1.4	14336	198	6	3	0	0	0	0	0	2	0	8192	
04:11:46	0.0	11314.56	193187.96	1632038912	22.2	30273536	1.4	0	0	0	0	0	0	0	0	0	0	0	0	
04:11:48	0.0	11314.56	193189.96	1632038912	22.2	30273536	1.4	60	60	1	1	0	0	0	0	0	0	0	0	
04:11:50	0.0	11314.56	193191.96	1632038912	22.2	30273536	1.4	0	0	0	0	0	0	0	0	0	0	0	0	
04:11:52	0.0	11314.56	193193.96	1632038912	22.2	30273536	1.4	0	0	0	0	0	0	0	0	0	0	0	0	
04:11:54	0.0	11314.56	193195.96	1632038912	22.2	30273536	1.4	0	0	0	0	0	0	0	0	0	0	0	0	
04:11:56	0.0	11314.56	193197.95	1632038912	22.2	30273536	1.4	0	0	0	0	0	0	0	0	0	0	0	0	
04:11:58	0.0	11314.56	193199.95	1632038912	22.2	30273536	1.4	0	60	0	1	0	0	0	0	0	0	0	0	
04:12:00	0.5	11314.57	193201.94	1632038912	22.2	30273536	1.4	0	0	0	0	0	0	0	0	0	0	0	0	
04:12:02	0.0	11314.57	193203.94	1632038912	22.2	30273536	1.4	0	0	0	0	0	0	0	0	0	0	0	0	
04:12:04	0.0	11314.57	193205.94	1632038912	22.2	30273536	1.4	0	0	0	0	0	0	0	0	0	2	0	24576	
04:12:06	0.0	11314.57	193207.93	1632038912	22.2	30273536	1.4	0	0	0	0	0	0	0	0	0	0	0	0	
04:12:08	0.0	11314.57	193209.93	1632038912	22.2	30273536	1.4	0	0	0	0	0	0	0	0	0	0	0	0	
04:12:10	0.0	11314.57	193211.93	1632038912	22.2	30273536	1.4	0	0	0	0	0	0	0	0	0	5	0	24576	
04:12:12	0.0	11314.57	193213.92	1632038912	22.2	30273536	1.4	0	0	0	0	0	0	0	0	0	0	0	0	
04:12:14	0.0	11314.57	193215.92	1632038912	22.2	30273536	1.4	0	0	0	0	0	0	0	0	0	0	0	0	
04:12:16	0.0	11314.57	193217.92	1632038912	22.2	30273536	1.4	0	0	0	0	0	0	0	0	0	0	0	0	
04:12:18	0.0	11314.57	193219.92	1632038912	22.2	30273536	1.4	0	0	0	0	0	0	0	0	0	0	0	0	
04:12:20	0.0	11314.57	193221.92	1632038912	22.2	30273536	1.4	0	0	0	0	0	0	0	0	0	0	0	0	
04:12:22	0.0	11314.57	193223.92	1632038912	22.2	30273536	1.4	0	0	0	0	0	0	0	0	0	0	0	0	
04:12:24	0.0	11314.57	193225.91	1632038912	22.2	30273536	1.4	0	60	0	1	0	0	0	0	0	0	0	0	
04:12:26	0.0	11314.57	193227.91	1632038912	22.2	30273536	1.4	0	60	0	1	0	0	0	0	0	0	0	0	
04:12:28	0.0	11314.57	193229.91	1632038912	22.2	30273536	1.4	0	0	0	0	0	0	0	0	0	0	0	0	
04:12:30	0.0	11314.57	193231.91	1632038912	22.2	30273536	1.4	0	60	0	1	0	0	0	0	0	0	0	0	
04:12:32	0.0	11314.57	193233.9	1632038912	22.2	30273536	1.4	0	0	0	0	0	0	0	0	0	0	0	0	
04:12:34	0.0	11314.57	193235.9	1632047104	22.2	30273536	1.4	0	0	0	0	0	0	0	0	0	2	0	24576	
04:12:36	0.0	11314.57	193237.9	1632047104	22.2	30273536	1.4	14336	0	6	0	0	0	0	0	0	0	0	0	
04:12:38	0.0	11314.57	193239.9	1632047104	22.2	30273536	1.4	0	198	0	3	0	0	0	0	0	0	0	0	
04:12:40	0.0	11314.57	193241.9	1632047104	22.2	30273536	1.4	0	0	0	0	0	0	0	0	0	5	0	24576	
04:12:42	0.0	11314.57	193243.89	1632047104	22.2	30273536	1.4	60	60	1	1	0	0	0	0	0	0	0	0	
04:12:44	0.0	11314.57	193245.89	1632055296	22.2	30273536	1.4	0	0	0	0	0	0	0	0	0	2	0	8192	
04:12:46	0.0	11314.57	193247.89	1632055296	22.2	30273536	1.4	0	0	0	0	0	0	0	0	0	0	0	0	
04:12:48	0.0	11314.57	193249.88	1632055296	22.2	30273536	1.4	0	0	0	0	0	0	0	0	0	0	0	0	
04:12:50	0.0	11314.57	193251.88	1632055296	22.2	30273536	1.4	0	0	0	0	0	0	0	0	0	0	0	0	
04:12:52	0.0	11314.57	193253.88	1632055296	22.2	30273536	1.4	0	0	0	0	0	0	0	0	0	0	0	0	
04:12:54	0.0	11314.57	193255.88	1632055296	22.2	30273536	1.4	0	0	0	0	0	0	0	0	0	0	0	0	
04:12:56	0.0	11314.57	193257.88	1632055296	22.2	30273536	1.4	0	0	0	0	0	0	0	0	0	0	0	0	
04:12:58	0.0	11314.57	193259.88	1632055296	22.2	30273536	1.4	0	0	0	0	0	0	0	0	0	0	0	0	
04:13:00	0.5	11314.57	193261.86	1632055296	22.2	30273536	1.4	0	0	0	0	0	0	0	0	0	0	0	0	
04:13:02	0.0	11314.57	193263.86	1632055296	22.2	30273536	1.4	60	60	1	1	0	0	0	0	0	0	0	0	
04:13:04	0.0	11314.57	193265.86	1632055296	22.2	30273536	1.4	0	0	0	0	0	0	0	0	0	2	0	24576	
04:13:06	0.0	11314.57	193267.86	1632055296	22.2	30273536	1.4	0	60	0	1	0	0	0	0	0	0	0	0	
04:13:08	0.0	11314.57	193269.85	1632055296	22.2	30273536	1.4	0	0	0	0	0	0	0	0	0	0	0	0	
04:13:10	0.0	11314.57	193271.85	1632055296	22.2	30273536	1.4	0	0	0	0	0	0	0	0	0	5	0	24576	
04:13:12	0.5	11314.58	193273.85	1632055296	22.2	30273536	1.4	0	0	0	0	0	0	0	0	0	0	0	0	
04:13:14	0.0	11314.58	193275.84	1632055296	22.2	30273536	1.4	0	0	0	0	0	0	0	0	0	0	0	0	
04:13:16	0.0	11314.58	193277.84	1632055296	22.2	30273536	1.4	0	0	0	0	0	0	0	0	0	0	0	0	
04:13:18	0.0	11314.58	193279.84	1632055296	22.2	30273536	1.4	0	0	0	0	0	0	0	0	0	0	0	0	
04:13:20	0.0	11314.58	193281.84	1632055296	22.2	30273536	1.4	0	0	0	0	0	0	0	0	0	0	0	0	
04:13:22	0.0	11314.58	193283.84	1632055296	22.2	30273536	1.4	0	0	0	0	0	0	0	0	0	0	0	0	
04:13:24	0.0	11314.58	193285.84	1632055296	22.2	30273536	1.4	0	0	0	0	0	0	0	0	0	0	0	0	
04:13:26	0.0	11314.58	193287.83	1632055296	22.2	30273536	1.4	0	0	0	0	0	0	0	0	0	0	0	0	
04:13:28	0.0	11314.58	193289.83	1632055296	22.2	30273536	1.4	14336	0	6	0	0	0	0	0	0	0	0	0	
04:13:30	0.0	11314.58	193291.83	1632055296	22.2	30273536	1.4	66	300	1	4	0	0	0	0	0	0	0	0	
04:13:32	0.0	11314.58	193293.83	1632055296	22.2	30273536	1.4	0	0	0	0	0	0	0	0	0	0	0	0	
04:13:34	0.0	11314.58	193295.82	1632063488	22.2	30273536	1.4	60	60	1	1	0	0	0	0	0	2	0	24576	
04:13:36	0.0	11314.58	193297.82	1632063488	22.2	30273536	1.4	0	0	0	0	0	0	0	0	0	0	0	0	
04:13:38	0.0	11314.58	193299.82	1632063488	22.2	30273536	1.4	372	240	5	3	0	0	0	0	0	0	0	0	
04:13:40	0.0	11314.58	193301.82	1632067584	22.2	30273536	1.4	74	0	1	0	0	0	0	0	0	5	0	24576	
04:13:42	0.0	11314.58	193303.81	1632067584	22.2	30273536	1.4	60	60	1	1	0	0	0	0	0	0	0	0	
04:13:44	0.0	11314.58	193305.81	1632071680	22.2	30273536	1.4	74	0	1	0	0	0	0	0	0	2	0	8192	
04:13:46	0.0	11314.58	193307.81	1632071680	22.2	30273536	1.4	0	0	0	0	0	0	0	0	0	0	0	0	
04:13:48	0.0	11314.58	193309.8	1631944704	22.2	30273536	1.4	312	180	4	2	0	0	0	0	0	0	0	0	
04:13:50	0.0	11314.58	193311.8	1631944704	22.2	30273536	1.4	74	0	1	0	0	0	0	0	0	0	0	0	
04:13:52	0.0	11314.58	193313.8	1631944704	22.2	30273536	1.4	74	0	1	0	0	0	0	0	0	0	0	0	
04:13:54	0.0	11314.58	193315.8	1631944704	22.2	30273536	1.4	74	0	1	0	0	0	0	0	0	5	0	24576	
04:13:56	0.0	11314.58	193317.8	1631944704	22.2	30273536	1.4	0	0	0	0	0	0	0	0	0	0	0	0	
04:13:58	0.0	11314.58	193319.79	1631944704	22.2	30273536	1.4	312	180	4	2	0	0	0	0	0	0	0	0	
04:14:00	0.5	11314.58	193321.78	1631944704	22.2	30273536	1.4	74	0	1	0	0	0	0	0	0	0	0	0	
04:14:02	0.0	11314.58	193323.78	1631944704	22.2	30273536	1.4	74	0	1	0	0	0	0	0	0	0	0	0	
04:14:04	0.0	11314.58	193325.78	1631961088	22.2	30273536	1.4	74	0	1	0	0	0	0	0	0	7	0	49152	
04:14:06	0.0	11314.58	193327.78	1631961088	22.2	30273536	1.4	0	0	0	0	0	0	0	0	0	0	0	0	
04:14:08	0.0	11314.58	193329.77	1631961088	22.2	30273536	1.4	312	180	4	2	0	0	0	0	0	0	0	0	
04:14:10	0.0	11314.58	193331.77	1631961088	22.2	30273536	1.4	74	0	1	0	0	0	0	0	0	6	0	32768	
04:14:12	0.0	11314.58	193333.76	1631961088	22.2	30273536	1.4	134	180	2	3	0	0	0	0	0	0	0	0	
04:14:14	0.0	11314.58	193335.76	1631961088	22.2	30273536	1.4	74	0	1	0	0	0	0	0	0	0	0	0	
04:14:16	0.0	11314.58	193337.76	1631961088	22.2	30273536	1.4	0	0	0	0	0	0	0	0	0	0	0	0	
04:14:18	0.0	11314.58	193339.76	1631961088	22.2	30273536	1.4	60	60	1	1	0	0	0	0	0	0	0	0	
04:14:20	0.0	11314.58	193341.76	1631973376	22.2	30273536	1.4	14328	120	6	2	0	0	0	0	0	3	0	16384	
04:14:22	0.0	11314.58	193343.75	1631973376	22.2	30273536	1.4	74	198	1	3	0	0	0	0	0	0	0	0	
04:14:24	0.0	11314.58	193345.75	1631981568	22.2	30273536	1.4	0	0	0	0	0	0	0	0	0	18	0	90112	
04:14:26	0.0	11314.58	193347.75	1631981568	22.2	30273536	1.4	60	60	1	1	0	0	0	0	0	0	0	0	
04:14:28	0.0	11314.58	193349.74	1631981568	22.2	30273536	1.4	0	0	0	0	0	0	0	0	0	0	0	0	
04:14:30	0.0	11314.58	193351.74	1631981568	22.2	30273536	1.4	0	0	0	0	0	0	0	0	0	0	0	0	
04:14:32	0.0	11314.58	193353.74	1631981568	22.2	30273536	1.4	0	0	0	0	0	0	0	0	0	0	0	0	
04:14:34	0.0	11314.58	193355.74	1631981568	22.2	30273536	1.4	0	0	0	0	0	0	0	0	0	2	0	24576	
04:14:36	0.0	11314.58	193357.74	1631981568	22.2	30273536	1.4	0	0	0	0	0	0	0	0	0	0	0	0	
04:14:38	0.0	11314.58	193359.74	1631981568	22.2	30273536	1.4	0	0	0	0	0	0	0	0	0	0	0	0	
04:14:40	0.0	11314.58	193361.73	1631981568	22.2	30273536	1.4	0	0	0	0	0	0	0	0	0	5	0	24576	
04:14:42	0.0	11314.58	193363.73	1631981568	22.2	30273536	1.4	0	0	0	0	0	0	0	0	0	0	0	0	
04:14:44	0.0	11314.58	193365.72	1631981568	22.2	30273536	1.4	0	0	0	0	0	0	0	0	0	0	0	0	
04:14:46	0.0	11314.58	193367.72	1631981568	22.2	30273536	1.4	0	0	0	0	0	0	0	0	0	0	0	0	
04:14:48	0.0	11314.58	193369.72	1631981568	22.2	30273536	1.4	0	120	0	2	0	0	0	0	0	0	0	0	
04:14:50	0.0	11314.58	193371.72	1631981568	22.2	30273536	1.4	0	0	0	0	0	0	0	0	0	0	0	0	
04:14:52	0.0	11314.58	193373.72	1631981568	22.2	30273536	1.4	0	0	0	0	0	0	0	0	0	0	0	0	
04:14:54	0.0	11314.58	193375.72	1631981568	22.2	30273536	1.4	0	0	0	0	0	0	0	0	0	0	0	0	
04:14:56	0.0	11314.58	193377.71	1631981568	22.2	30273536	1.4	0	0	0	0	0	0	0	0	0	0	0	0	
04:14:58	0.5	11314.58	193379.7	1631981568	22.2	30273536	1.4	0	0	0	0	0	0	0	0	0	0	0	0	
04:15:00	0.0	11314.58	193381.7	1631989760	22.2	30273536	1.4	0	0	0	0	0	0	0	0	0	0	0	0	
04:15:02	0.0	11314.58	193383.7	1631989760	22.2	30273536	1.4	0	0	0	0	0	0	0	0	0	0	0	0	
04:15:04	0.0	11314.58	193385.69	1631989760	22.2	30273536	1.4	0	0	0	0	0	0	0	0	0	2	0	24576	
04:15:06	0.0	11314.58	193387.69	1631989760	22.2	30273536	1.4	0	0	0	0	0	0	0	0	0	0	0	0	
04:15:08	0.0	11314.58	193389.69	1631989760	22.2	30273536	1.4	0	120	0	2	0	0	0	0	0	0	0	0	
04:15:10	0.0	11314.58	193391.69	1631989760	22.2	30273536	1.4	0	0	0	0	0	0	0	0	0	5	0	24576	
04:15:12	0.0	11314.58	193393.68	1631989760	22.2	30273536	1.4	12896	0	6	0	0	0	0	0	0	0	0	0	
04:15:14	0.0	11314.58	193395.68	1631997952	22.2	30273536	1.4	0	264	0	4	0	0	0	0	0	2	0	8192	
04:15:16	0.0	11314.58	193397.68	1631997952	22.2	30273536	1.4	0	0	0	0	0	0	0	0	0	0	0	0	
04:15:18	0.0	11314.58	193399.68	1631997952	22.2	30273536	1.4	60	60	1	1	0	0	0	0	0	0	0	0	
04:15:20	0.0	11314.58	193401.68	1631997952	22.2	30273536	1.4	0	0	0	0	0	0	0	0	0	0	0	0	
